286 286 286 286 286 286 286 286 286 286 286 286 286 286 286 286 286 286 286 286 286 286 286 286 286 286 286 286 286 286 286 286 286 286 286 286 286 286 286 286 
286 286 286 286 286 286 286 286 286 286 286 286 286 286 286 286 286 286 286 286 286 286 286 286 286 286 286 286 286 286 286 286 286 286 286 286 286 286 286 286 
286 286 287 447 447 447 447 447 447 447 447 447 447 447 447 447 447 447 447 447 447 447 447 447 447 447 447 447 447 447 447 447 447 447 447 447 447 288 286 286 
286 286 408 0 0 0 0 0 806 686 686 686 686 686 686 686 686 686 808 686 686 686 686 686 686 686 686 686 686 686 686 686 686 686 686 686 0 406 286 286 
286 286 408 0 0 0 0 0 806 686 686 686 686 686 686 686 686 686 808 686 686 686 686 686 686 686 686 686 686 686 686 686 686 686 686 686 686 406 286 286 
286 286 408 0 0 0 0 0 806 686 686 686 686 686 686 686 686 686 808 686 686 686 686 686 686 686 686 686 686 686 686 686 686 686 686 686 686 406 286 286 
286 286 408 0 0 0 0 0 806 686 686 686 686 686 686 686 686 686 808 686 686 686 686 686 686 686 686 686 686 686 686 686 686 686 686 686 686 406 286 286 
286 286 408 0 0 0 0 0 806 686 686 686 686 686 686 686 686 686 808 686 686 686 686 686 686 686 686 686 686 686 686 686 686 686 686 686 686 406 286 286 
286 286 408 0 0 0 0 0 806 686 686 686 686 686 686 686 686 686 808 686 686 686 686 686 686 686 686 686 686 686 686 686 686 686 686 686 686 406 286 286 
286 286 408 0 0 0 0 0 806 686 686 686 686 686 686 686 686 686 808 686 686 686 686 686 686 686 686 686 686 686 686 686 766 767 767 767 767 406 286 286 
286 286 408 767 767 767 767 767 806 686 686 686 686 686 686 686 686 686 808 686 686 686 686 686 686 686 686 686 686 686 686 686 806 686 686 686 686 406 286 286 
286 286 408 686 686 686 686 686 806 686 686 686 686 686 686 686 686 686 808 686 686 686 686 686 686 686 686 686 686 686 686 686 806 686 686 686 686 406 286 286 
286 286 408 686 686 686 686 686 806 686 686 686 686 686 686 686 686 686 808 847 847 847 847 847 847 847 847 847 847 847 847 847 806 686 686 686 686 406 286 286 
286 286 408 686 686 686 686 686 806 686 686 686 686 686 686 686 686 686 808 0 0 0 0 0 0 0 0 0 0 0 0 0 806 686 686 686 686 406 286 286 
286 286 408 686 686 686 686 686 806 686 686 686 686 686 686 686 686 686 808 0 0 0 0 0 0 0 0 0 0 0 0 0 806 686 686 686 686 406 286 286 
286 286 408 686 686 686 686 686 806 686 686 686 686 686 686 686 686 686 808 0 0 0 0 0 0 0 0 0 0 0 0 0 806 686 686 686 686 406 286 286 
286 286 408 686 686 686 686 686 806 686 686 686 686 686 686 686 686 686 808 0 0 0 0 0 0 0 0 0 0 0 0 0 806 686 686 686 686 406 286 286 
286 286 408 686 686 686 686 686 806 686 686 686 686 686 686 686 686 686 808 0 0 0 0 0 0 0 0 0 0 0 0 0 806 686 686 686 686 406 286 286 
286 286 408 686 686 686 686 686 806 686 686 686 686 686 686 686 686 686 808 0 0 0 0 0 0 0 0 0 0 0 0 0 806 686 686 686 686 406 286 286 
286 286 408 686 686 686 686 686 806 686 686 686 686 686 686 686 686 686 808 0 0 0 0 0 0 0 0 0 0 0 0 0 806 686 686 686 686 406 286 286 
286 286 408 686 686 686 686 686 846 847 847 847 847 847 847 847 847 847 848 0 0 0 0 0 0 0 0 0 0 0 0 0 806 686 686 686 686 406 286 286 
286 286 408 686 686 686 686 686 686 686 808 0 0 0 0 0 0 0 0 0 0 0 0 0 0 0 0 0 0 0 0 0 806 686 686 686 686 406 286 286 
286 286 408 686 686 686 686 686 686 686 808 0 0 0 0 0 0 0 0 0 0 0 0 0 0 0 0 0 0 0 0 0 806 686 686 686 686 406 286 286 
286 286 408 686 686 686 686 686 686 686 808 0 0 0 0 0 0 0 0 0 0 0 0 0 0 0 0 0 0 0 0 0 806 686 686 686 686 406 286 286 
286 286 408 686 686 686 686 686 686 686 808 0 0 0 0 0 0 0 0 0 0 0 0 0 0 0 0 0 0 0 0 0 806 686 686 686 686 406 286 286 
286 286 408 686 686 686 686 686 686 686 808 0 0 0 0 0 0 0 0 0 0 0 0 0 0 0 0 0 0 0 0 0 806 686 686 686 686 406 286 286 
286 286 327 367 367 367 367 367 367 367 367 367 367 367 367 367 367 367 367 367 367 367 367 367 367 367 367 367 367 367 367 367 367 367 367 367 367 328 286 286 
286 286 286 286 286 286 286 286 286 286 286 286 286 286 286 286 286 286 286 286 286 286 286 286 286 286 286 286 286 286 286 286 286 286 286 286 286 286 286 286 
286 286 286 286 286 286 286 286 286 286 286 286 286 286 286 286 286 286 286 286 286 286 286 286 286 286 286 286 286 286 286 286 286 286 286 286 286 286 286 286 
0
