case rn(48,42):
tmap = new Array();
tmap.push("310,310,310,310,310,310,310,310,310,310,310,310,310,310,310,310,310,310,310,310,310,310,310,310,310,310,310,310,310,310,310,310,310,310,310,310,310,310,310,310");
tmap.push("310,310,310,310,310,310,310,310,311,471,471,471,471,471,471,312,310,310,310,310,311,471,471,471,471,471,471,312,310,310,310,310,310,310,310,310,310,310,310,310");
tmap.push("310,310,310,310,310,310,310,310,432,9,9,9,9,9,9,430,310,310,310,310,432,9,9,9,9,9,9,430,310,310,310,310,311,471,471,471,471,471,471,471");
tmap.push("310,310,310,310,310,310,310,310,432,0,0,0,0,0,0,430,310,310,310,310,432,0,0,0,0,0,0,430,310,310,310,310,432,0,0,0,0,0,0,0");
tmap.push("310,310,310,310,310,310,310,310,432,0,0,0,0,0,0,430,310,310,310,310,432,0,0,0,0,0,0,430,310,310,310,310,432,0,0,0,0,0,0,0");
tmap.push("310,310,310,310,310,310,310,310,432,774,0,0,0,0,0,430,311,471,471,471,472,0,0,0,0,0,0,430,311,471,471,471,472,0,0,0,0,0,0,0");
tmap.push("310,310,310,310,310,310,310,310,432,814,0,0,0,0,0,430,432,9,9,9,9,0,0,0,0,0,0,430,432,9,9,9,9,0,0,0,0,0,0,0");
tmap.push("310,310,310,310,310,310,311,471,472,814,0,0,0,0,0,430,432,0,0,0,0,0,0,0,0,0,0,430,432,0,0,0,0,0,0,0,0,0,0,0");
tmap.push("310,310,310,310,310,310,432,692,692,814,0,0,0,0,0,470,472,0,0,0,0,0,0,0,0,0,0,470,472,0,0,0,0,0,0,0,0,390,391,391");
tmap.push("310,310,310,310,310,310,432,692,692,814,0,0,0,0,0,431,9,0,0,0,0,0,0,0,0,0,0,431,9,0,0,0,0,0,0,0,0,430,310,310");
tmap.push("310,310,310,310,310,310,432,692,692,814,0,0,0,0,0,9,0,0,0,0,0,0,0,0,0,0,0,9,0,0,772,773,773,773,773,773,773,430,310,310");
tmap.push("310,310,310,310,310,310,432,692,692,814,0,0,0,0,0,0,0,0,0,0,0,0,0,0,0,0,0,0,0,0,812,692,692,692,692,692,692,430,310,310");
tmap.push("310,310,310,310,310,310,432,692,692,814,0,0,0,0,0,0,0,0,0,0,0,0,0,0,0,0,0,0,0,0,812,692,692,692,692,692,692,430,310,310");
tmap.push("310,310,310,310,310,310,432,692,692,814,0,0,0,0,0,0,0,0,0,0,0,0,0,0,0,0,0,0,0,0,812,692,692,692,692,692,692,430,310,310");
tmap.push("310,310,310,310,310,310,432,692,692,814,0,0,0,0,0,0,0,0,0,0,0,0,0,0,0,0,0,0,0,0,812,692,692,692,692,692,692,430,310,310");
tmap.push("310,310,310,310,310,310,432,692,692,814,0,0,0,0,0,0,0,0,0,0,0,0,0,0,0,0,0,0,0,0,812,692,692,692,692,692,692,430,310,310");
tmap.push("310,310,310,310,310,310,432,692,692,814,0,0,0,0,0,0,0,0,0,0,0,0,0,0,0,0,0,0,0,0,812,692,692,692,692,692,692,430,310,310");
tmap.push("310,310,310,310,310,310,432,692,692,814,0,0,0,0,0,0,0,0,0,0,0,0,0,0,0,0,0,0,0,0,812,692,692,692,692,692,692,430,310,310");
tmap.push("310,310,310,310,310,310,432,692,692,814,0,0,0,0,0,0,0,0,0,0,0,8,0,0,0,0,0,0,0,0,812,692,692,692,692,692,692,430,310,310");
tmap.push("310,310,310,310,310,310,432,692,692,814,0,0,0,0,0,0,0,0,0,0,0,431,8,0,0,0,0,0,0,0,812,692,692,692,692,692,692,430,310,310");
tmap.push("310,310,311,471,471,471,472,692,692,814,0,0,0,0,0,0,0,0,0,0,0,390,392,0,0,0,0,0,0,0,812,692,692,692,692,692,692,430,310,310");
tmap.push("310,310,432,692,692,692,692,692,692,814,0,0,0,0,0,0,0,0,0,0,0,430,432,0,0,0,0,0,0,0,812,692,692,692,692,390,391,352,310,310");
tmap.push("310,310,432,692,692,692,692,692,692,814,0,8,8,8,8,0,0,0,0,0,0,430,432,8,8,8,8,0,0,0,812,692,692,692,692,430,310,310,310,310");
tmap.push("310,310,432,692,692,692,692,692,692,814,0,390,391,391,392,0,0,0,0,0,0,430,351,391,391,391,392,0,0,0,852,853,853,853,853,430,310,310,310,310");
tmap.push("310,310,432,692,692,692,692,692,692,814,0,430,310,310,432,0,0,0,0,0,0,430,310,310,310,310,432,0,0,0,0,0,0,0,0,430,310,310,310,310");
tmap.push("310,310,432,692,692,692,692,692,692,814,0,430,310,310,432,0,0,0,0,0,0,430,310,310,310,310,432,0,0,0,0,0,0,0,0,430,310,310,310,310");
tmap.push("310,310,432,692,692,692,692,390,391,391,391,352,310,310,432,8,8,8,8,8,8,430,310,310,310,310,432,8,8,8,8,8,8,8,8,430,310,310,310,310");
tmap.push("310,310,432,692,692,692,692,430,310,310,310,310,310,310,351,391,391,391,391,391,391,352,310,310,310,310,351,391,391,391,391,391,391,391,391,352,310,310,310,310");
tmap.push("310,310,432,692,692,692,692,430,310,310,310,310,310,310,310,310,310,310,310,310,310,310,310,310,310,310,310,310,310,310,310,310,310,310,310,310,310,310,310,310");

obj.createentity(game, 88, 112, 2, 0, 4, 88, 64, 264, 168);  // Platform, bounded
obj.createentity(game, 136, 112, 2, 1, 4, 88, 64, 264, 168);  // Platform, bounded
obj.createentity(game, 184, 112, 2, 0, 4, 88, 64, 264, 168);  // Platform, bounded
obj.createentity(game, 232, 112, 2, 1, 4, 88, 64, 264, 168);  // Platform, bounded
obj.createentity(game, 56, 64, 10, 0, 442480);  // (savepoint)
obj.createentity(game, 280, 152, 10, 1, 442481);  // (savepoint)
break;
