case rn(49,42):
tmap = new Array();
tmap.push("295,295,295,295,295,295,295,295,295,295,295,295,295,295,295,295,295,295,295,295,295,295,295,295,295,295,295,417,0,0,0,818,698,698,415,295,295,295,295,295");
tmap.push("295,295,295,295,295,295,295,295,295,295,295,295,295,295,295,295,295,295,295,295,295,295,295,295,295,295,295,417,0,0,0,818,698,698,415,295,295,295,295,295");
tmap.push("456,456,456,456,456,456,456,456,456,456,456,456,456,456,456,456,456,456,456,456,456,297,295,295,295,295,295,417,0,0,0,818,698,698,415,295,295,295,295,295");
tmap.push("0,0,0,818,698,698,698,698,698,698,698,698,698,698,698,698,698,698,698,698,698,415,295,295,295,295,295,417,0,0,0,818,698,698,415,295,295,295,295,295");
tmap.push("0,0,0,818,698,698,698,698,698,698,698,698,698,698,698,698,698,698,698,698,698,415,295,295,295,295,295,417,0,0,0,818,698,698,415,295,295,295,295,295");
tmap.push("0,0,0,858,859,859,859,859,859,859,859,859,859,859,859,859,859,859,859,859,859,415,295,295,295,295,295,417,0,0,0,818,698,698,415,295,295,295,295,295");
tmap.push("0,0,0,0,0,0,0,0,0,0,0,0,0,0,0,0,0,0,0,0,0,415,295,295,295,295,295,417,0,0,0,818,698,698,415,295,295,295,295,295");
tmap.push("0,0,0,0,0,0,0,0,0,0,0,0,0,0,0,0,0,0,0,0,0,415,295,295,295,295,295,417,0,0,0,818,698,698,415,295,295,295,295,295");
tmap.push("376,376,376,376,376,376,376,376,376,376,376,376,376,376,376,376,377,0,0,0,0,415,295,295,295,295,295,417,0,0,0,818,698,698,415,295,295,295,295,295");
tmap.push("295,295,295,295,295,295,295,295,295,295,295,295,295,295,295,295,417,0,0,0,0,415,295,295,295,295,295,417,0,0,0,818,698,698,415,295,295,295,295,295");
tmap.push("295,295,295,295,295,295,295,295,295,296,456,456,456,456,456,456,457,0,0,0,0,415,295,295,295,295,295,417,0,0,0,818,698,698,415,295,295,295,295,295");
tmap.push("295,295,295,295,295,295,295,295,295,417,9,9,9,9,9,9,9,0,0,0,0,415,295,295,295,295,295,417,0,0,0,818,698,698,415,295,295,295,295,295");
tmap.push("295,296,456,456,456,456,456,456,456,457,0,0,0,0,0,0,0,0,0,0,0,415,295,295,295,295,295,417,0,0,0,818,698,698,415,295,295,295,295,295");
tmap.push("295,417,0,0,0,0,0,0,0,0,0,0,0,0,0,0,0,0,0,0,0,415,295,295,295,295,295,417,0,0,0,818,698,698,415,295,295,295,295,295");
tmap.push("295,417,0,0,0,0,0,0,0,0,0,0,0,0,0,0,0,0,0,0,0,415,295,295,295,295,295,417,0,0,0,818,698,698,415,295,295,295,295,295");
tmap.push("295,417,0,0,0,0,0,0,0,0,0,0,0,0,0,0,0,0,0,0,0,415,295,295,295,295,295,417,0,0,0,818,698,698,415,295,295,295,295,295");
tmap.push("295,417,0,0,0,0,0,0,0,0,0,0,0,0,0,0,0,0,0,0,0,415,295,295,295,295,295,417,0,0,0,818,698,698,415,295,295,295,295,295");
tmap.push("295,417,0,0,0,0,0,0,0,0,0,0,0,0,0,0,0,0,0,0,0,415,295,295,295,295,295,417,0,0,0,818,698,698,415,295,295,295,295,295");
tmap.push("295,417,0,0,0,0,0,0,0,0,0,0,0,0,0,0,0,0,0,0,0,415,295,295,295,295,295,417,0,0,0,858,859,859,415,295,295,295,295,295");
tmap.push("295,417,0,0,0,0,0,0,0,0,0,0,0,0,0,0,0,0,0,0,0,415,295,295,295,295,295,417,0,0,0,0,0,0,415,295,295,295,295,295");
tmap.push("295,417,0,0,0,0,0,0,0,0,0,0,0,0,0,0,0,0,0,0,0,415,295,295,295,295,295,417,0,0,0,0,0,0,415,295,295,295,295,295");
tmap.push("295,417,0,0,0,0,0,0,0,0,0,0,0,0,0,778,779,779,779,779,779,415,295,295,295,295,295,417,779,779,779,780,0,0,415,295,295,295,295,295");
tmap.push("295,417,0,0,0,0,0,0,0,0,0,0,0,0,0,818,698,698,698,698,698,415,295,295,295,295,295,417,698,698,698,820,0,0,415,295,295,295,295,295");
tmap.push("295,417,0,0,0,0,0,0,0,0,0,0,0,0,0,0,0,0,0,0,0,415,295,295,295,295,295,417,698,698,698,820,0,0,415,295,295,295,295,295");
tmap.push("295,417,0,0,0,0,0,0,0,0,0,0,0,375,376,376,376,376,376,376,376,337,295,295,295,295,295,417,698,698,698,820,0,0,415,295,295,295,295,295");
tmap.push("295,417,0,0,0,0,8,8,8,8,8,8,8,415,295,295,295,295,295,295,295,295,295,295,295,295,295,417,698,698,698,820,0,0,415,295,295,295,295,295");
tmap.push("295,417,0,0,0,0,375,376,376,376,376,376,376,337,295,295,295,295,295,295,295,295,295,295,295,295,295,417,698,698,698,820,0,0,415,295,295,295,295,295");
tmap.push("295,417,779,779,779,779,415,295,295,295,295,295,295,295,295,295,295,295,295,295,295,295,295,295,295,295,295,417,698,698,698,820,0,0,415,295,295,295,295,295");
tmap.push("295,417,698,698,698,698,415,295,295,295,295,295,295,295,295,295,295,295,295,295,295,295,295,295,295,295,295,417,698,698,698,820,0,0,415,295,295,295,295,295");

obj.createentity(game, 16, 104, 2, 10, 4);  //Big Threadmill, >>>>>>
obj.createentity(game, 104, 184, 2, 11, 4);  //Big Threadmill, <<<<<<
obj.createentity(game, 144, 168, 10, 1, 442490);  // (savepoint)
obj.createentity(game, 24, 112, 10, 0, 442491);  // (savepoint)
break;
