case rn(49,43):
tmap = new Array();
tmap.push("492,614,680,680,680,680,652,653,653,653,653,653,653,653,653,653,653,653,653,653,653,653,653,653,653,653,653,654,680,680,802,0,0,0,612,492,492,492,492,492");
tmap.push("492,614,680,680,680,680,680,802,0,0,0,0,0,0,0,800,680,680,680,680,680,680,680,680,680,680,680,680,680,680,802,0,0,0,612,492,492,492,492,492");
tmap.push("492,614,680,680,680,680,680,802,0,0,0,0,0,0,0,800,680,680,680,680,680,680,680,680,680,680,680,680,680,680,802,0,0,0,612,492,492,492,492,492");
tmap.push("492,614,680,680,680,680,680,802,0,0,0,0,0,0,0,800,680,680,680,680,680,680,680,680,680,680,680,680,680,680,802,0,0,0,612,492,492,492,492,492");
tmap.push("492,614,680,680,680,680,680,802,0,0,0,0,0,0,0,800,680,680,680,680,680,680,680,680,680,680,680,680,680,680,802,0,0,0,612,492,492,492,492,492");
tmap.push("492,614,680,680,680,680,680,802,0,0,0,0,0,0,0,800,680,680,680,6,6,6,6,6,6,6,6,6,6,6,1122,8,8,8,612,492,492,492,492,492");
tmap.push("492,614,680,680,680,680,680,802,0,0,0,0,0,0,0,840,841,841,841,572,573,573,573,573,573,573,573,573,573,573,573,573,573,573,534,492,492,492,492,492");
tmap.push("492,614,680,680,680,680,680,802,0,0,0,0,0,0,0,0,0,0,0,612,492,492,493,653,653,653,653,653,653,653,653,653,653,653,653,653,653,494,492,492");
tmap.push("492,614,680,680,680,680,680,802,0,0,0,0,0,0,0,0,0,0,0,652,653,653,654,9,9,9,9,9,9,9,9,9,9,9,9,9,9,612,492,492");
tmap.push("492,533,573,573,573,573,573,573,573,573,574,0,0,0,0,0,0,0,0,0,0,0,0,0,0,0,0,0,0,0,0,0,0,0,0,0,0,612,492,492");
tmap.push("492,492,492,492,492,492,492,492,492,492,533,573,573,573,574,0,0,0,0,572,573,573,574,0,0,0,0,0,0,0,0,0,0,0,0,0,0,612,492,492");
tmap.push("492,492,492,492,492,492,492,492,492,492,492,492,492,492,614,0,0,0,0,612,492,492,614,0,0,0,0,0,0,0,0,0,0,0,0,0,0,612,492,492");
tmap.push("492,492,492,492,492,492,492,492,492,492,492,492,492,492,614,0,0,0,0,612,492,492,614,0,0,0,0,0,0,0,0,0,0,0,0,0,0,612,492,492");
tmap.push("492,492,492,492,492,492,492,492,492,492,492,492,492,492,614,0,0,0,0,612,492,492,614,0,0,0,0,0,0,0,0,0,0,0,0,0,0,612,492,492");
tmap.push("492,492,492,492,492,492,492,492,492,492,492,492,492,492,614,0,0,0,0,612,492,492,614,0,0,0,0,8,8,8,8,8,8,0,0,0,0,612,492,492");
tmap.push("492,492,492,492,492,492,492,492,492,492,492,492,492,492,614,0,0,0,0,612,492,492,614,0,0,0,0,572,573,573,573,573,574,0,0,0,0,652,653,653");
tmap.push("492,492,492,492,492,492,492,492,492,492,492,492,492,492,614,0,0,0,0,612,492,492,614,0,0,0,0,612,493,653,653,653,654,0,0,0,0,9,9,9");
tmap.push("492,492,492,492,492,492,492,492,492,492,492,492,492,492,614,0,0,0,0,612,492,492,614,0,0,0,0,612,614,0,0,0,0,0,0,0,0,0,0,0");
tmap.push("492,492,492,492,492,492,492,492,492,492,492,492,492,492,614,8,8,8,8,612,492,492,614,0,0,0,0,612,614,0,0,0,0,0,0,0,0,0,0,0");
tmap.push("492,492,492,492,492,492,492,492,492,492,492,492,492,492,533,573,573,573,573,534,492,492,533,573,573,573,573,534,614,0,0,0,0,0,0,0,0,0,0,0");
tmap.push("653,653,653,653,653,653,653,653,653,653,653,653,653,653,653,653,653,653,653,653,653,653,653,653,653,653,653,653,654,0,0,0,0,0,0,0,0,0,0,0");
tmap.push("680,680,680,680,680,680,680,802,0,0,0,0,0,0,0,0,0,0,0,0,0,0,0,0,0,0,0,0,0,0,0,0,0,0,0,0,0,0,0,0");
tmap.push("680,680,680,680,680,680,680,802,0,0,0,0,0,0,0,0,0,0,0,0,0,0,0,0,0,0,0,0,0,0,0,0,0,0,0,0,0,0,0,0");
tmap.push("841,841,841,841,841,841,841,842,0,0,0,0,0,0,0,0,0,0,0,0,0,0,0,0,0,0,0,0,0,0,0,0,0,0,0,0,0,0,0,0");
tmap.push("0,0,0,0,0,0,0,0,0,0,0,0,0,0,0,0,0,0,0,0,0,0,0,0,0,0,0,0,0,0,0,0,0,0,0,0,0,0,0,0");
tmap.push("0,0,0,0,0,0,0,0,0,0,0,0,0,0,0,0,0,0,0,0,0,0,0,0,0,0,0,0,0,0,0,0,0,0,0,0,0,0,0,0");
tmap.push("573,573,573,573,573,573,573,573,573,573,573,573,573,573,573,573,573,573,573,573,573,573,573,573,573,573,573,573,573,573,573,573,573,573,573,573,573,573,573,573");
tmap.push("492,492,492,492,492,492,492,492,492,492,492,492,492,492,492,492,492,492,492,492,492,492,492,492,492,492,492,492,492,492,492,492,492,492,492,492,492,492,492,492");
tmap.push("492,492,492,492,492,492,492,492,492,492,492,492,492,492,492,492,492,492,492,492,492,492,492,492,492,492,492,492,492,492,492,492,492,492,492,492,492,492,492,492");

obj.createentity(game, 120, 72, 3);  //Disappearing Platform
obj.createentity(game, 120, 112, 3);  //Disappearing Platform
obj.createentity(game, 120, 128, 3);  //Disappearing Platform
obj.createentity(game, 88, 72, 2, 3, 0);  // Platform
obj.createentity(game, 192, 128, 9, 0, 0+coin);  // (shiny trinket)
obj.createentity(game, 240, 136, 10, 0, 443490);  // (savepoint)
break;
