case rn(50,39):
tmap = new Array();
tmap.push("292,292,292,292,292,292,292,292,292,292,292,292,292,292,292,292,292,292,292,292,292,292,292,292,292,292,292,292,292,292,292,292,292,292,292,292,292,292,292,292");
tmap.push("292,292,292,292,292,292,292,292,292,292,292,292,292,292,292,292,292,292,292,292,292,292,292,292,292,292,292,292,292,292,292,292,292,292,292,292,292,292,292,292");
tmap.push("292,292,292,292,292,293,453,453,453,453,453,453,453,453,453,453,453,453,453,453,453,453,453,453,453,453,453,453,453,453,453,453,453,453,453,453,453,453,453,294");
tmap.push("292,292,292,292,292,414,0,0,0,0,0,0,0,0,0,0,0,0,818,698,698,698,698,698,698,698,698,698,698,698,698,698,698,698,698,698,698,698,698,412");
tmap.push("292,292,292,292,292,414,0,0,0,0,0,0,0,0,0,0,0,0,818,698,698,698,698,698,698,698,698,698,698,698,698,698,698,698,698,698,698,698,698,412");
tmap.push("292,292,292,292,292,414,0,0,0,0,0,0,0,0,0,0,0,0,818,698,698,698,698,698,698,698,698,698,698,698,698,698,698,698,698,698,698,698,698,412");
tmap.push("292,292,292,292,292,414,0,0,0,0,0,0,0,0,0,0,0,0,818,698,698,698,698,698,698,698,698,698,698,698,698,698,698,698,698,698,698,698,698,412");
tmap.push("292,292,292,292,292,414,0,0,0,0,372,373,373,373,373,373,373,373,373,373,373,373,373,374,698,698,698,698,372,373,373,373,374,698,698,698,698,698,698,412");
tmap.push("292,292,292,292,292,414,0,0,0,0,412,292,292,292,292,292,292,292,292,292,292,292,292,414,698,698,698,698,412,292,292,292,414,698,698,698,698,698,698,412");
tmap.push("292,292,292,292,292,414,0,0,0,0,452,453,453,453,453,453,453,453,453,453,453,453,453,454,698,698,698,698,412,292,292,292,414,698,698,698,698,698,698,412");
tmap.push("292,292,292,292,292,414,0,0,0,0,0,0,0,0,0,0,0,0,818,698,698,698,698,698,698,698,698,698,412,292,292,292,414,698,698,698,698,698,698,412");
tmap.push("292,292,292,292,292,414,0,0,0,0,0,0,0,0,0,0,0,0,818,698,698,698,698,698,698,698,698,698,412,292,292,292,414,698,698,698,698,698,698,412");
tmap.push("292,292,292,292,292,414,0,0,0,0,0,0,0,0,0,0,0,0,858,859,859,859,859,859,859,859,859,859,412,292,292,292,414,859,859,859,859,859,859,412");
tmap.push("292,292,292,292,292,414,0,0,0,0,0,0,0,0,0,0,0,0,0,0,0,0,0,0,0,0,0,0,412,292,292,292,414,0,0,0,0,0,0,452");
tmap.push("292,292,292,292,292,414,0,0,0,0,0,0,0,0,0,0,0,0,0,0,0,0,0,0,0,0,0,0,412,292,292,292,414,0,0,0,0,0,0,0");
tmap.push("292,292,292,292,292,333,373,373,373,373,373,373,373,373,373,373,373,373,373,373,373,373,373,374,0,0,0,0,412,292,292,292,414,0,0,0,0,0,0,0");
tmap.push("292,292,292,292,292,292,292,292,292,292,292,292,292,292,292,292,292,292,292,292,292,292,292,414,0,0,0,0,412,292,292,292,414,0,0,0,0,0,0,0");
tmap.push("292,292,292,292,292,293,453,453,453,453,453,453,453,453,453,453,453,453,453,453,453,453,453,454,0,0,0,0,412,292,292,292,414,0,0,0,0,0,0,0");
tmap.push("292,292,292,292,292,414,0,0,0,0,0,0,0,0,0,0,0,0,0,0,0,0,0,0,0,0,0,0,412,292,292,292,414,0,0,0,0,0,0,0");
tmap.push("292,292,292,292,292,414,0,0,0,0,0,0,0,0,0,0,0,0,0,0,0,0,0,0,0,0,0,0,412,292,292,292,414,0,0,0,0,0,0,0");
tmap.push("292,292,292,292,292,414,0,0,0,0,0,0,0,0,0,0,0,0,0,0,0,0,0,0,0,0,0,0,412,292,292,292,414,0,0,0,0,0,0,0");
tmap.push("292,292,292,292,292,414,0,0,0,0,0,0,0,0,0,0,0,0,0,0,0,0,0,0,0,0,0,0,412,292,292,292,414,0,0,0,0,0,0,0");
tmap.push("292,292,292,292,292,414,0,0,0,0,0,0,0,0,0,0,0,0,0,0,0,0,0,0,0,0,0,0,412,292,292,292,414,0,0,0,0,0,0,0");
tmap.push("292,292,292,292,292,414,0,0,0,0,0,0,372,373,373,373,373,373,373,373,373,373,373,373,373,373,373,373,334,292,292,292,333,373,373,373,373,373,373,373");
tmap.push("292,292,292,292,292,414,0,0,0,0,0,0,412,292,292,292,292,292,292,292,292,292,292,292,292,292,292,292,292,292,292,292,292,292,292,292,292,292,292,292");
tmap.push("292,292,292,292,292,414,0,0,0,0,0,0,412,292,292,292,292,292,292,292,292,292,292,292,292,292,292,292,292,292,292,292,292,292,292,292,292,292,292,292");
tmap.push("292,292,292,292,292,414,0,0,0,0,0,0,412,292,292,292,292,292,292,292,292,292,292,292,292,292,292,292,292,292,292,292,292,292,292,292,292,292,292,292");
tmap.push("292,292,292,292,292,414,0,0,0,0,0,0,412,292,292,292,292,292,292,292,292,292,292,292,292,292,292,292,292,292,292,292,292,292,292,292,292,292,292,292");
tmap.push("292,292,292,292,292,414,0,0,0,0,0,0,412,292,292,292,292,292,292,292,292,292,292,292,292,292,292,292,292,292,292,292,292,292,292,292,292,292,292,292");

obj.createentity(game, 200, 32, 1, 0, 8);  // Enemy
obj.createentity(game, 168, 104, 10, 1, 439500);  // (savepoint)
break;
