case rn(52,42):
tmap = new Array();
tmap.push("95,95,95,95,95,95,95,95,95,95,95,95,95,95,95,95,95,95,95,95,95,95,95,95,95,95,95,95,95,95,95,95,95,95,95,95,95,95,95,95");
tmap.push("95,95,95,95,95,95,95,95,95,95,95,95,95,95,95,95,95,95,95,95,95,95,95,95,95,95,95,95,95,95,95,95,95,95,95,95,95,95,95,95");
tmap.push("95,95,95,95,95,95,95,95,95,95,95,95,95,95,95,96,256,256,256,256,256,256,256,256,256,256,256,256,256,256,256,256,256,256,256,256,256,256,256,256");
tmap.push("95,95,95,95,95,95,95,95,95,95,95,95,95,95,95,217,9,9,9,9,9,9,9,9,9,9,9,9,9,9,0,0,0,0,0,0,0,0,0,0");
tmap.push("95,95,95,95,95,95,95,95,95,95,95,95,95,95,95,217,0,0,0,0,0,0,0,0,0,0,0,0,0,0,0,0,0,0,0,0,0,0,0,0");
tmap.push("95,95,95,95,95,95,95,95,95,95,95,95,95,95,95,217,0,0,0,0,0,0,0,0,0,0,0,0,0,0,0,0,0,0,0,0,0,0,0,0");
tmap.push("95,95,95,95,95,95,95,95,95,95,95,95,95,95,95,217,0,0,0,0,0,0,0,0,0,0,0,0,0,0,0,0,0,0,0,0,0,0,0,0");
tmap.push("95,95,95,95,95,95,95,95,95,95,95,95,95,95,95,217,0,0,0,0,0,0,0,0,0,0,0,0,0,0,0,0,0,0,0,0,0,0,0,0");
tmap.push("95,95,95,95,95,95,95,95,95,95,95,95,95,95,95,217,0,0,0,0,0,0,0,0,0,0,0,0,0,0,0,0,0,0,0,0,0,0,0,0");
tmap.push("95,95,95,95,95,95,95,95,95,95,95,95,95,95,95,217,0,0,0,0,0,0,0,0,0,0,0,0,0,0,0,0,0,0,0,0,0,0,0,0");
tmap.push("95,95,95,95,95,95,95,95,95,95,95,95,95,95,95,217,0,0,0,0,0,0,0,0,0,0,0,0,0,0,0,0,0,0,0,0,0,0,0,0");
tmap.push("95,95,95,95,95,95,95,95,95,95,95,95,95,95,95,217,0,0,0,0,0,0,0,0,0,0,0,0,0,0,0,0,0,0,0,0,0,0,0,0");
tmap.push("95,95,95,95,95,95,95,95,95,95,95,95,95,95,95,217,0,0,0,0,0,0,0,0,0,0,0,0,0,0,0,0,0,0,0,0,0,0,0,0");
tmap.push("95,95,95,95,95,95,95,95,95,95,95,95,95,95,95,217,0,0,0,0,0,0,0,0,0,0,0,0,0,0,0,0,0,0,0,0,0,0,0,0");
tmap.push("95,95,95,95,95,95,95,95,95,95,95,95,95,95,95,217,0,0,0,0,0,0,0,0,0,0,0,0,0,0,0,0,0,0,0,0,0,0,0,0");
tmap.push("95,95,95,95,95,95,95,95,95,95,95,95,95,95,95,217,0,0,0,0,0,0,0,0,0,0,0,0,0,0,0,0,0,0,0,0,0,0,0,0");
tmap.push("95,95,95,95,95,95,95,95,95,95,95,95,95,95,95,217,0,0,0,0,0,0,0,0,0,0,0,0,0,0,0,0,0,0,0,0,0,0,0,0");
tmap.push("95,95,95,95,95,95,95,95,95,95,95,95,95,95,95,217,0,0,0,0,0,0,0,0,0,0,0,0,0,0,0,0,0,0,0,0,0,0,0,0");
tmap.push("95,95,95,95,95,95,95,95,95,95,95,95,95,95,95,217,0,0,0,0,0,0,0,0,8,8,8,8,8,8,8,8,8,8,8,8,8,8,8,8");
tmap.push("95,95,95,95,95,95,95,95,95,95,95,95,95,95,95,217,0,0,0,0,0,0,0,0,175,176,176,176,176,176,176,176,176,176,176,176,176,176,176,176");
tmap.push("95,95,95,95,95,95,95,95,95,95,95,95,95,95,95,217,0,0,0,0,0,0,0,0,215,95,95,95,95,95,95,95,95,95,95,95,95,95,95,95");
tmap.push("95,95,95,95,95,95,95,95,95,95,95,95,95,95,95,217,0,0,0,0,0,0,0,0,215,95,95,95,95,95,95,95,95,95,95,95,95,95,95,95");
tmap.push("95,95,95,95,95,95,95,95,95,95,95,95,95,95,95,217,0,0,0,0,0,0,0,0,215,95,95,95,95,95,95,95,95,95,95,95,95,95,95,95");
tmap.push("95,95,95,95,95,95,95,95,95,95,95,95,95,95,95,217,0,0,769,770,770,770,770,770,215,95,95,95,95,95,95,95,95,95,95,95,95,95,95,95");
tmap.push("95,95,95,95,95,95,95,95,95,95,95,95,95,95,95,217,0,0,809,689,689,689,689,689,215,95,95,95,95,95,95,95,95,95,95,95,95,95,95,95");
tmap.push("95,95,95,95,95,95,95,95,95,95,95,95,95,95,95,217,0,0,809,689,689,689,689,689,215,95,95,95,95,95,95,95,95,95,95,95,95,95,95,95");
tmap.push("95,95,95,95,95,95,95,95,95,95,95,95,95,95,95,217,0,0,809,689,689,689,689,689,215,95,95,95,95,95,95,95,95,95,95,95,95,95,95,95");
tmap.push("95,95,95,95,95,95,95,95,95,95,95,95,95,95,95,217,0,0,809,689,689,689,689,689,215,95,95,95,95,95,95,95,95,95,95,95,95,95,95,95");
tmap.push("95,95,95,95,95,95,95,95,95,95,95,95,95,95,95,217,0,0,809,689,689,689,689,689,215,95,95,95,95,95,95,95,95,95,95,95,95,95,95,95");

obj.createentity(game, 144, 40, 3);  //Disappearing Platform
obj.createentity(game, 200, 128, 3);  //Disappearing Platform
break;
