case rn(53,42):
tmap = new Array();
tmap.push("292,292,292,292,292,292,292,292,292,292,292,292,292,292,292,292,292,292,292,292,292,292,292,292,292,292,292,292,292,292,292,292,292,292,292,292,292,292,292,292");
tmap.push("292,292,292,292,292,292,292,292,292,292,292,292,292,292,292,292,292,292,292,292,292,292,292,292,292,292,292,292,292,292,292,292,292,292,292,292,292,292,292,292");
tmap.push("453,453,453,453,453,453,453,453,453,453,453,453,453,453,453,453,453,453,453,453,453,453,453,453,453,453,453,453,453,453,453,453,453,453,453,453,453,453,453,453");
tmap.push("0,0,0,818,698,698,698,698,698,698,698,698,698,698,698,820,0,0,9,9,9,9,0,0,818,698,698,698,698,698,698,698,698,698,698,698,820,0,0,0");
tmap.push("0,0,0,818,698,698,698,698,698,698,698,698,698,698,698,820,0,0,0,0,0,0,0,0,818,698,698,698,698,698,698,698,698,698,698,698,820,0,0,0");
tmap.push("0,0,0,818,698,698,698,698,698,698,698,698,698,698,698,820,0,0,0,0,0,0,0,0,818,698,698,698,698,698,698,698,698,698,698,698,820,0,0,0");
tmap.push("0,0,0,818,698,698,698,698,698,698,698,698,698,698,698,820,0,0,0,0,0,0,0,0,818,698,698,698,698,698,698,698,698,698,698,698,820,0,0,0");
tmap.push("0,0,0,818,698,698,698,698,698,698,698,698,698,698,698,820,0,0,0,0,0,0,0,0,818,698,698,698,698,698,698,698,698,698,698,698,820,0,0,0");
tmap.push("0,0,0,818,698,698,698,698,698,698,698,698,698,698,698,820,0,0,0,0,0,0,0,0,818,698,698,698,698,698,698,698,698,698,698,698,820,0,0,0");
tmap.push("0,0,0,818,698,698,698,698,698,698,698,698,698,698,698,820,0,0,0,0,0,0,0,0,818,698,698,698,698,698,698,698,698,698,698,698,820,0,0,0");
tmap.push("0,0,0,818,698,698,698,698,698,698,698,698,698,698,698,820,0,0,0,0,0,0,0,0,818,698,698,698,698,698,698,698,698,698,698,698,820,0,0,0");
tmap.push("0,0,0,818,698,698,698,698,698,698,698,698,698,698,698,820,0,0,0,0,0,0,0,0,818,698,698,698,698,698,698,698,698,698,698,698,820,0,0,0");
tmap.push("0,0,0,858,859,859,859,859,859,859,859,859,859,859,859,860,0,0,0,0,0,0,0,0,858,859,859,859,859,859,859,859,859,859,859,859,860,0,0,0");
tmap.push("0,0,0,0,0,0,0,0,0,0,0,0,0,0,0,0,0,0,0,0,0,0,0,0,0,0,0,0,0,0,0,0,0,0,0,0,0,0,0,0");
tmap.push("0,0,0,0,0,0,0,0,0,0,0,0,0,0,0,0,0,0,0,0,0,0,0,0,0,0,0,0,0,0,0,0,0,0,0,0,0,0,0,0");
tmap.push("0,0,0,0,0,0,0,0,0,0,0,0,0,0,0,0,0,0,0,0,0,0,0,0,0,0,0,0,0,0,0,0,0,0,0,0,0,0,0,0");
tmap.push("0,0,0,0,0,0,0,0,0,0,0,0,0,0,0,0,0,0,0,0,0,0,0,0,0,0,0,0,0,0,0,0,0,0,0,0,0,0,0,0");
tmap.push("0,0,0,0,0,0,0,0,0,0,0,0,0,0,0,0,0,0,0,0,0,0,0,0,0,0,0,0,0,0,0,0,0,0,0,0,0,0,0,0");
tmap.push("8,8,8,8,8,8,8,8,8,8,8,8,8,8,8,8,8,8,0,0,0,0,8,8,8,8,8,8,8,8,8,8,8,8,8,8,8,8,8,8");
tmap.push("373,373,373,373,373,373,373,373,373,373,373,373,373,373,373,373,373,374,0,0,0,0,372,373,373,373,373,373,373,373,373,373,373,373,373,373,373,373,373,373");
tmap.push("292,292,292,292,292,292,292,292,292,292,292,292,292,292,292,292,292,414,0,0,0,0,412,292,292,292,292,292,292,292,292,292,292,292,292,292,292,292,292,292");
tmap.push("292,292,292,292,292,292,292,292,292,292,292,292,292,292,292,292,292,414,0,0,0,0,412,292,292,292,292,292,292,292,292,292,292,292,292,292,292,292,292,292");
tmap.push("292,292,292,292,292,292,292,292,292,292,292,292,292,292,292,292,292,414,0,0,0,0,412,292,292,292,292,292,292,292,292,292,292,292,292,292,292,292,292,292");
tmap.push("292,292,292,292,292,292,292,292,292,292,292,292,292,292,292,292,292,414,0,0,0,0,412,292,292,292,292,292,292,292,292,292,292,292,292,292,292,292,292,292");
tmap.push("292,292,292,292,292,292,292,292,292,292,292,292,292,292,292,292,292,414,0,0,0,0,412,292,292,292,292,292,292,292,292,292,292,292,292,292,292,292,292,292");
tmap.push("292,292,292,292,292,292,292,292,292,292,292,292,292,292,292,292,292,414,0,0,0,0,412,292,292,292,292,292,292,292,292,292,292,292,292,292,292,292,292,292");
tmap.push("292,292,292,292,292,292,292,292,292,292,292,292,292,292,292,292,292,414,0,0,0,0,412,292,292,292,292,292,292,292,292,292,292,292,292,292,292,292,292,292");
tmap.push("292,292,292,292,292,292,292,292,292,292,292,292,292,292,292,292,292,414,0,0,0,0,412,292,292,292,292,292,292,292,292,292,292,292,292,292,292,292,292,292");
tmap.push("292,292,292,292,292,292,292,292,292,292,292,292,292,292,292,292,292,414,0,0,0,0,412,292,292,292,292,292,292,292,292,292,292,292,292,292,292,292,292,292");

obj.createentity(game, 40, 24, 10, 0, 442530);  // (savepoint)
obj.createentity(game, 264, 24, 10, 0, 442531);  // (savepoint)
break;
