case rn(54,49):
tmap = new Array();
tmap.push("92,92,92,92,92,92,92,92,92,92,92,92,92,92,92,92,92,92,92,92,92,92,92,92,92,92,92,214,0,0,0,0,0,0,0,0,212,92,92,92");
tmap.push("253,253,253,253,253,253,253,253,253,253,253,253,253,253,253,253,253,253,253,253,253,253,253,253,253,253,253,254,0,0,0,0,0,0,0,0,212,92,92,92");
tmap.push("9,9,9,9,9,9,9,9,9,9,9,9,9,9,9,9,9,9,9,9,9,9,9,9,9,9,9,9,0,0,0,0,0,0,0,0,212,92,92,92");
tmap.push("0,0,0,0,0,0,0,0,0,0,0,0,0,0,0,0,0,0,0,0,0,0,0,0,0,0,0,0,0,0,0,0,0,0,0,0,212,92,92,92");
tmap.push("0,0,0,0,0,0,0,0,0,0,0,0,0,0,0,0,0,0,0,0,0,0,0,0,0,0,0,0,0,0,0,0,0,0,0,0,212,92,92,92");
tmap.push("0,0,0,0,0,0,0,0,0,0,0,0,0,0,0,0,0,0,0,0,0,0,0,0,0,0,0,0,763,764,764,764,764,764,764,764,212,92,92,92");
tmap.push("0,0,0,0,0,0,0,0,0,0,0,0,0,0,0,0,0,0,0,0,0,0,0,0,0,0,0,0,803,683,683,683,683,683,683,683,212,92,92,92");
tmap.push("0,0,0,0,0,0,0,0,0,0,0,0,0,0,0,0,0,0,0,0,0,0,0,0,0,0,0,0,803,683,683,683,683,683,683,683,212,92,92,92");
tmap.push("0,0,0,0,0,0,0,0,0,0,0,0,0,0,0,0,0,0,0,0,0,0,0,0,0,0,0,0,803,683,683,683,683,683,683,683,212,92,92,92");
tmap.push("0,0,0,0,0,0,0,0,0,0,0,0,0,0,0,0,0,0,0,0,0,0,0,0,0,0,0,0,803,683,683,683,683,683,683,683,212,92,92,92");
tmap.push("0,0,0,0,0,0,0,0,0,0,0,0,0,0,0,0,0,0,0,0,0,0,0,0,0,0,0,0,803,683,683,683,683,683,683,683,212,92,92,92");
tmap.push("0,0,0,0,0,0,0,0,0,0,0,0,0,0,0,0,0,0,0,0,0,0,0,0,0,0,172,173,173,173,173,174,683,683,683,683,212,92,92,92");
tmap.push("0,0,0,0,0,0,0,0,0,0,0,0,0,0,0,0,0,0,0,0,0,0,0,0,0,0,212,92,92,92,92,214,683,683,683,683,212,92,92,92");
tmap.push("0,0,0,0,0,0,0,0,0,0,0,0,0,0,0,0,0,0,0,0,0,0,0,0,0,0,212,92,92,92,92,214,683,683,683,683,212,92,92,92");
tmap.push("0,0,0,0,0,0,0,0,0,0,0,0,0,0,0,0,0,0,0,0,0,0,0,0,0,0,212,92,92,92,92,214,683,683,683,683,212,92,92,92");
tmap.push("0,0,0,0,0,0,0,0,0,0,0,0,0,0,0,0,0,0,0,0,0,0,0,0,0,0,212,92,92,92,92,214,683,683,683,683,212,92,92,92");
tmap.push("0,0,0,0,0,0,0,0,0,0,0,0,0,0,0,0,0,0,0,0,0,0,0,0,0,0,212,92,92,92,92,214,683,683,683,683,212,92,92,92");
tmap.push("0,0,0,0,0,0,0,0,0,0,0,0,0,0,0,0,0,0,0,0,0,0,0,0,0,0,252,253,253,253,253,254,683,683,683,683,212,92,92,92");
tmap.push("0,0,0,0,0,0,0,0,0,0,0,0,0,0,0,0,0,0,0,0,0,0,0,0,0,0,0,0,803,683,683,683,683,683,683,683,212,92,92,92");
tmap.push("0,0,0,0,0,0,0,0,0,0,0,0,0,0,0,0,0,0,0,0,0,0,0,0,0,0,0,0,803,683,683,683,683,683,683,683,212,92,92,92");
tmap.push("0,0,0,0,0,0,0,0,0,0,0,0,0,0,0,0,0,8,8,8,8,8,8,8,0,0,0,0,843,844,844,844,844,844,844,844,212,92,92,92");
tmap.push("0,0,0,0,0,0,0,0,0,0,0,0,0,0,0,0,0,172,173,173,173,173,173,174,0,0,0,0,0,0,0,0,0,0,0,0,212,92,92,92");
tmap.push("0,0,0,0,0,0,0,0,0,0,0,0,0,0,0,0,0,212,92,92,92,92,92,214,8,8,8,8,8,8,8,8,8,8,8,8,212,92,92,92");
tmap.push("0,0,0,0,0,0,0,0,0,0,0,0,0,0,0,0,0,212,92,92,92,92,92,133,173,173,173,173,173,173,173,173,173,173,173,173,134,92,92,92");
tmap.push("0,0,0,0,0,0,0,0,0,0,0,0,0,0,0,0,0,212,92,92,92,92,92,92,92,92,92,92,92,92,92,92,92,92,92,92,92,92,92,92");
tmap.push("8,8,8,8,8,8,8,8,8,8,8,8,8,8,8,8,8,212,92,92,92,92,92,92,92,92,92,92,92,92,92,92,92,92,92,92,92,92,92,92");
tmap.push("173,173,173,173,173,173,173,173,173,173,173,173,173,173,173,173,173,134,92,92,92,92,92,92,92,92,92,92,92,92,92,92,92,92,92,92,92,92,92,92");
tmap.push("92,92,92,92,92,92,92,92,92,92,92,92,92,92,92,92,92,92,92,92,92,92,92,92,92,92,92,92,92,92,92,92,92,92,92,92,92,92,92,92");
tmap.push("92,92,92,92,92,92,92,92,92,92,92,92,92,92,92,92,92,92,92,92,92,92,92,92,92,92,92,92,92,92,92,92,92,92,92,92,92,92,92,92");

obj.createentity(game, 0, 104, 2, 11, 4);  //Big Threadmill, <<<<<<
obj.createentity(game, 64, 104, 2, 9, 4);  //Threadmill, <<<
obj.createentity(game, 0, 112, 2, 10, 4);  //Big Threadmill, >>>>>>
obj.createentity(game, 64, 112, 2, 8, 4);  //Threadmill, >>>
obj.createentity(game, 136, 104, 2, 0, 5, 136, 88, 200, 152);  // Platform, bounded
obj.createentity(game, 168, 104, 2, 0, 5, 136, 88, 200, 152);  // Platform, bounded
obj.createentity(game, 80, 112, 2, 8, 4);  //Threadmill, >>>
obj.createentity(game, 80, 104, 2, 9, 4);  //Threadmill, <<<
break;
