case rn(54,44):
tmap = new Array();
tmap.push("86,86,86,86,86,86,86,86,86,86,86,86,86,86,86,86,86,86,86,86,86,86,86,86,86,86,86,86,86,86,86,86,86,86,86,86,86,86,86,86");
tmap.push("86,86,86,86,86,86,86,86,86,86,86,86,86,86,86,86,86,86,87,247,247,247,247,247,247,247,247,247,247,247,247,247,247,247,247,247,247,247,247,247");
tmap.push("247,247,247,247,247,247,88,86,86,86,86,86,86,86,86,86,86,86,208,0,0,0,0,0,0,0,0,0,0,0,0,0,0,0,0,0,0,0,0,0");
tmap.push("0,0,0,0,0,0,246,247,247,247,247,88,86,86,86,86,86,86,208,698,698,698,698,698,698,698,698,698,698,698,698,698,820,0,0,0,0,0,0,0");
tmap.push("0,0,0,0,0,0,0,0,0,0,818,246,247,88,86,86,86,86,208,698,698,698,698,698,698,698,698,698,698,698,698,698,820,0,0,0,0,0,0,0");
tmap.push("0,0,0,0,0,0,0,0,0,0,818,698,698,246,247,88,86,86,208,698,698,698,698,698,698,698,698,698,698,698,698,698,820,0,0,0,0,0,0,0");
tmap.push("0,0,0,0,0,0,0,0,0,0,818,698,698,698,698,246,88,86,208,698,698,698,698,698,698,698,698,698,698,698,698,698,820,0,0,0,0,0,0,0");
tmap.push("0,0,0,0,0,0,0,0,0,0,818,698,698,698,698,698,206,86,208,698,698,698,698,698,0,0,0,0,0,0,0,0,0,0,0,0,0,0,0,0");
tmap.push("0,0,0,0,0,0,0,0,0,0,818,698,698,698,698,698,206,86,208,698,698,698,698,166,167,167,167,167,167,167,167,167,167,167,167,167,167,167,167,167");
tmap.push("0,0,0,0,0,0,0,0,0,0,818,698,698,698,698,698,206,86,208,698,698,698,698,206,86,86,86,86,86,86,86,86,86,86,86,86,86,86,86,86");
tmap.push("0,0,0,0,0,0,0,0,0,0,818,698,698,698,698,698,206,86,208,698,698,698,698,206,86,86,86,86,86,87,247,247,247,247,247,247,247,247,247,247");
tmap.push("0,0,0,0,0,0,0,0,0,0,818,698,698,698,698,698,206,86,208,698,698,698,698,206,86,86,86,86,86,208,0,0,0,0,0,0,0,0,0,0");
tmap.push("0,0,0,0,0,0,0,0,0,0,818,698,698,698,698,698,206,86,208,698,698,698,698,206,86,86,86,86,86,208,698,698,820,0,0,0,0,0,0,0");
tmap.push("0,0,0,0,0,0,0,0,0,0,818,698,698,698,698,698,206,86,208,698,698,698,698,206,86,86,86,86,86,208,698,698,820,0,0,0,0,0,0,0");
tmap.push("0,0,0,0,0,0,0,0,0,0,818,698,698,698,698,166,128,86,208,698,698,698,698,206,86,86,86,86,86,208,698,698,820,0,0,0,0,0,0,0");
tmap.push("0,0,0,0,0,0,0,0,0,0,818,698,698,698,166,128,86,86,208,698,698,698,698,206,86,86,86,86,86,208,698,698,820,0,0,0,0,0,0,0");
tmap.push("0,0,0,0,0,0,0,0,0,166,167,167,167,167,128,86,86,86,208,698,698,698,698,206,86,86,86,86,86,208,698,698,820,0,0,0,0,0,0,0");
tmap.push("0,0,0,0,0,166,167,167,167,128,86,86,86,86,86,86,86,86,208,698,698,698,698,206,86,86,86,86,86,208,698,698,820,0,0,166,167,167,167,167");
tmap.push("0,0,0,0,0,206,86,87,247,247,247,247,247,247,247,247,247,247,248,698,698,698,698,206,86,86,86,86,86,208,698,698,820,0,0,206,86,86,86,86");
tmap.push("0,0,0,0,0,206,86,208,0,0,0,0,0,0,0,0,0,0,0,698,698,698,698,206,86,86,86,86,86,208,698,698,820,0,0,206,86,86,86,86");
tmap.push("0,0,0,0,0,206,86,208,0,0,818,698,698,698,698,698,698,698,698,698,698,698,698,206,86,86,86,86,86,208,698,698,820,0,0,206,86,86,86,86");
tmap.push("0,0,0,0,0,206,86,208,0,0,818,698,698,698,698,698,698,698,698,698,698,698,698,206,86,86,86,86,86,208,698,698,820,0,0,206,86,86,86,86");
tmap.push("0,0,0,0,0,206,86,208,0,0,818,698,698,698,698,698,698,698,698,698,698,698,698,206,86,86,86,86,86,208,698,698,820,0,0,206,86,86,86,86");
tmap.push("0,0,0,0,0,206,86,208,0,0,818,698,698,698,698,698,698,698,698,698,698,698,698,206,86,86,86,86,86,208,698,698,820,0,0,206,86,86,86,86");
tmap.push("0,0,0,0,0,206,86,208,0,0,818,698,0,0,0,0,0,0,0,0,0,0,0,206,86,86,86,86,86,208,698,698,820,0,0,206,86,86,86,86");
tmap.push("0,0,0,0,0,206,86,208,0,0,818,698,166,167,167,167,167,167,167,167,167,167,167,128,86,86,86,86,86,208,698,698,820,0,0,206,86,86,86,86");
tmap.push("0,0,0,0,0,206,86,208,0,0,818,698,206,86,86,86,86,86,86,86,86,86,86,86,86,86,86,86,86,208,698,698,820,0,0,206,86,86,86,86");
tmap.push("0,0,0,0,0,206,86,208,0,0,818,698,206,86,86,86,86,86,86,86,86,86,86,86,86,86,86,86,86,208,698,698,820,0,0,206,86,86,86,86");
tmap.push("0,0,0,0,0,206,86,208,0,0,818,698,206,86,86,86,86,86,86,86,86,86,86,86,86,86,86,86,86,208,698,698,820,0,0,206,86,86,86,86");

obj.createentity(game, 184, 56, 2, 10, 4);  //Big Threadmill, >>>>>>
obj.createentity(game, 248, 56, 2, 10, 4);  //Big Threadmill, >>>>>>
obj.createentity(game, 312, 56, 2, 8, 4);  //Threadmill, >>>
obj.createentity(game, 152, 16, 2, 10, 4);  //Big Threadmill, >>>>>>
obj.createentity(game, 216, 16, 2, 10, 4);  //Big Threadmill, >>>>>>
obj.createentity(game, 280, 16, 2, 10, 4);  //Big Threadmill, >>>>>>
obj.createentity(game, 280, 128, 2, 11, 4);  //Big Threadmill, <<<<<<
obj.createentity(game, 272, 88, 2, 11, 4);  //Big Threadmill, <<<<<<
obj.createentity(game, 64, 152, 2, 10, 4);  //Big Threadmill, >>>>>>
obj.createentity(game, 120, 152, 2, 8, 4);  //Threadmill, >>>
obj.createentity(game, 96, 192, 2, 10, 4);  //Big Threadmill, >>>>>>
obj.createentity(game, 152, 192, 2, 8, 4);  //Threadmill, >>>
obj.createentity(game, 240, 88, 2, 9, 4);  //Threadmill, <<<
break;
