case rn(55,46):
tmap = new Array();
tmap.push("504,504,504,504,504,504,504,504,504,504,504,504,504,504,504,504,504,626,683,683,683,683,624,504,504,504,504,504,504,504,504,504,504,504,504,504,504,504,504,504");
tmap.push("504,504,504,504,504,504,504,504,504,504,504,504,504,504,504,504,504,626,683,683,683,683,664,506,504,504,504,504,504,504,504,504,504,504,504,504,504,504,504,504");
tmap.push("504,504,504,504,504,504,504,504,504,504,504,504,504,504,504,504,504,626,683,683,683,683,683,624,504,504,504,504,504,504,504,504,504,504,504,504,504,504,504,504");
tmap.push("504,504,504,504,504,504,504,504,504,504,504,504,504,504,504,504,504,626,844,844,844,844,844,624,504,504,504,504,504,504,504,504,504,504,504,504,504,504,504,504");
tmap.push("504,504,504,504,504,504,504,504,504,504,504,504,504,504,504,504,504,626,0,0,0,0,0,664,506,504,504,504,504,504,504,504,504,504,504,504,504,504,504,504");
tmap.push("504,504,504,504,504,504,504,504,504,504,504,504,504,504,504,504,504,626,0,0,0,0,0,0,624,504,504,504,504,504,504,504,504,504,504,504,504,504,504,504");
tmap.push("665,665,665,665,665,665,665,665,665,665,665,665,665,665,665,506,504,626,0,0,0,0,0,0,624,504,504,504,504,504,504,504,504,504,504,504,504,504,504,504");
tmap.push("9,9,9,9,9,9,9,9,9,9,9,9,9,9,9,624,504,626,0,0,0,0,0,0,664,506,504,504,504,504,504,504,504,504,504,504,504,504,504,504");
tmap.push("0,0,0,0,0,0,0,0,0,0,0,0,0,0,0,624,504,626,0,0,0,0,0,0,0,624,504,504,504,504,504,504,504,504,504,504,504,504,504,504");
tmap.push("0,0,0,0,0,0,0,0,0,0,0,0,0,0,0,624,504,626,0,0,0,0,0,0,0,624,504,504,504,504,504,504,504,504,504,504,504,504,504,504");
tmap.push("0,0,0,0,0,0,0,0,0,0,0,0,0,0,0,624,504,626,0,0,0,0,0,0,0,664,506,504,504,504,504,504,504,504,504,504,504,504,504,504");
tmap.push("0,0,0,0,0,0,0,0,0,0,0,0,0,0,0,624,504,626,0,0,0,0,0,0,0,0,624,504,504,504,504,504,504,504,504,504,504,504,504,504");
tmap.push("0,0,0,0,0,0,0,0,0,0,0,0,0,0,0,624,504,626,0,0,0,0,0,0,0,0,624,504,504,504,504,504,504,504,504,504,504,504,504,504");
tmap.push("0,0,0,0,0,0,0,0,0,0,0,0,0,0,0,624,504,626,0,0,0,0,0,0,0,0,664,506,504,504,504,504,504,504,504,504,504,504,504,504");
tmap.push("0,0,0,0,0,0,0,0,0,0,0,0,0,0,0,624,504,626,0,0,0,0,0,0,0,0,0,624,504,504,504,504,504,504,504,504,504,504,504,504");
tmap.push("0,0,0,0,0,0,0,0,0,0,0,0,0,0,0,624,504,626,0,0,0,0,0,0,0,0,0,624,504,504,504,504,504,504,504,504,504,504,504,504");
tmap.push("0,0,0,0,0,0,0,0,0,0,0,0,0,0,0,624,504,626,0,0,0,0,0,0,0,0,0,664,506,504,504,504,504,504,504,504,504,504,504,504");
tmap.push("0,0,0,0,0,0,0,763,764,764,764,764,764,764,764,624,504,626,764,764,764,764,764,764,764,765,0,0,624,504,504,504,504,504,504,504,504,504,504,504");
tmap.push("0,0,0,0,0,0,0,803,683,683,683,683,683,683,683,624,504,626,683,683,683,683,683,683,683,805,0,0,624,504,504,504,504,504,504,504,504,504,504,504");
tmap.push("0,0,0,0,0,0,0,803,683,683,683,683,683,683,683,624,504,626,683,683,683,683,683,683,683,805,0,0,664,506,504,504,504,504,504,504,504,504,504,504");
tmap.push("0,0,0,0,0,0,0,803,683,683,683,683,683,683,683,624,504,626,683,683,683,683,683,683,683,805,0,0,0,624,504,504,504,504,504,504,504,504,504,504");
tmap.push("0,0,0,0,0,0,0,803,683,683,683,683,683,683,683,624,504,626,683,683,683,683,683,683,683,805,0,0,0,624,504,504,504,504,504,504,504,504,504,504");
tmap.push("0,0,0,0,0,0,0,803,683,683,683,683,683,683,683,624,504,626,683,683,683,683,683,683,683,805,0,0,0,664,506,504,504,504,504,504,504,504,504,504");
tmap.push("0,0,0,0,0,0,0,803,683,683,683,683,683,683,683,624,504,626,683,683,683,683,683,683,683,805,0,0,0,0,624,504,504,504,504,504,504,504,504,504");
tmap.push("0,0,0,0,0,0,0,803,683,683,683,683,683,683,683,624,504,626,683,683,683,683,683,683,683,805,0,0,0,0,624,504,504,504,504,504,504,504,504,504");
tmap.push("0,0,0,0,0,0,0,803,683,683,683,683,683,683,683,624,504,626,683,683,683,683,683,683,683,805,0,0,0,0,664,506,504,504,504,504,504,504,504,504");
tmap.push("0,0,0,0,0,0,0,803,683,683,683,683,683,683,683,624,504,626,683,683,683,683,683,683,683,805,0,0,0,0,0,624,504,504,504,504,504,504,504,504");
tmap.push("0,0,0,0,0,0,0,803,683,683,683,683,683,683,683,624,504,626,683,683,683,683,683,683,683,805,0,0,0,0,0,624,504,504,504,504,504,504,504,504");
tmap.push("0,0,0,0,0,0,0,803,683,683,683,683,683,683,683,624,504,626,683,683,683,683,683,683,683,805,0,0,0,0,0,624,504,504,504,504,504,504,504,504");

obj.createentity(game, 40, 72, 3);  //Disappearing Platform
break;
