case rn(56,43):
tmap = new Array();
tmap.push("301,301,301,301,301,301,301,301,301,301,301,301,301,301,301,301,301,301,301,301,301,301,301,301,301,301,301,301,301,301,301,301,301,301,301,301,301,301,301,301");
tmap.push("301,301,301,301,301,301,301,301,301,301,301,301,301,301,301,301,301,301,301,301,301,301,301,301,301,301,301,301,301,301,301,301,301,301,301,301,301,301,301,301");
tmap.push("462,462,462,462,303,301,301,301,301,301,301,301,301,301,301,301,301,301,301,301,301,301,301,301,301,301,301,301,301,301,301,301,301,301,301,301,301,301,301,301");
tmap.push("9,9,9,9,421,301,301,301,301,301,301,301,301,301,301,301,301,301,301,301,301,301,301,301,301,301,301,301,301,301,301,301,301,301,301,301,301,301,301,301");
tmap.push("0,0,0,0,421,301,301,301,301,301,301,301,301,301,301,301,301,301,301,301,301,301,301,301,301,301,301,301,301,301,301,301,301,301,301,301,301,301,301,301");
tmap.push("0,0,0,0,461,303,301,301,301,301,301,301,301,301,301,301,301,301,301,301,301,301,301,301,301,301,301,301,301,301,301,301,301,301,301,301,301,301,301,301");
tmap.push("0,0,0,0,0,421,301,301,301,301,301,301,301,301,301,301,301,301,301,301,302,462,462,462,462,462,462,462,462,462,462,462,462,462,303,301,301,301,301,301");
tmap.push("0,0,0,0,0,421,301,301,301,301,301,301,301,301,301,301,301,301,302,462,463,704,704,704,704,704,704,704,704,704,704,704,704,704,421,301,301,301,301,301");
tmap.push("0,0,0,0,0,461,303,301,301,301,301,301,301,301,301,301,302,462,463,704,704,704,704,704,704,704,704,704,704,704,704,704,704,704,461,303,301,301,301,301");
tmap.push("0,0,0,0,0,0,421,301,301,301,301,301,301,301,302,462,463,704,704,704,704,704,704,704,704,704,704,704,704,704,704,704,704,704,704,421,301,301,301,301");
tmap.push("0,0,0,0,0,0,421,301,301,301,301,301,302,462,463,704,704,704,704,704,704,704,704,704,704,704,704,704,704,704,704,704,704,704,704,461,303,301,301,301");
tmap.push("0,0,0,0,0,0,461,462,462,462,462,462,463,704,704,704,704,704,704,704,704,704,704,704,704,704,704,704,704,704,704,704,704,704,704,704,421,301,301,301");
tmap.push("0,0,0,0,0,0,0,0,824,704,704,704,704,704,704,704,704,704,704,704,704,704,704,704,704,704,704,704,704,704,704,704,704,704,704,704,461,303,301,301");
tmap.push("0,0,0,0,0,0,0,0,824,704,704,704,704,704,704,704,704,704,704,704,704,704,704,704,704,704,704,704,704,704,704,704,704,704,704,704,704,421,301,301");
tmap.push("0,0,0,0,0,0,0,0,824,704,704,704,704,704,704,704,704,704,704,704,704,704,704,704,704,704,704,704,704,704,704,704,704,704,704,704,704,421,301,301");
tmap.push("0,0,0,0,0,0,0,0,824,704,704,704,704,704,704,704,704,704,704,704,704,704,704,704,704,704,704,704,704,704,704,704,704,704,704,704,704,421,301,301");
tmap.push("0,0,0,0,0,0,0,0,824,704,704,704,704,704,704,704,704,704,704,704,704,704,704,704,704,704,704,704,704,704,704,704,704,704,704,704,704,421,301,301");
tmap.push("0,0,0,0,0,0,0,0,824,704,704,704,704,704,704,704,704,704,704,704,704,704,704,704,704,704,704,704,704,704,704,704,704,704,704,704,381,343,301,301");
tmap.push("382,382,382,382,382,382,382,382,382,382,382,382,383,704,704,704,704,704,704,704,704,704,704,704,704,704,704,704,704,704,704,704,704,704,704,704,421,301,301,301");
tmap.push("301,301,301,301,301,301,301,301,301,301,301,301,342,382,383,704,704,704,704,704,704,704,704,704,704,704,704,704,704,704,704,704,704,704,704,381,343,301,301,301");
tmap.push("462,462,462,462,462,462,462,462,462,462,462,462,303,301,342,382,383,704,704,704,704,704,704,704,704,704,704,704,704,704,704,704,704,704,704,421,301,301,301,301");
tmap.push("704,704,704,704,704,704,704,704,704,704,704,704,421,301,301,301,342,382,383,704,704,704,704,704,704,704,704,704,704,704,704,704,704,704,381,343,301,301,301,301");
tmap.push("0,0,0,0,0,0,0,0,824,704,704,704,421,301,301,301,301,301,342,382,383,704,704,704,704,704,704,704,704,704,704,704,704,704,421,301,301,301,301,301");
tmap.push("0,0,0,0,0,0,0,0,864,865,865,865,421,301,301,301,301,301,301,301,342,382,382,382,382,382,382,382,382,382,382,382,382,382,343,301,301,301,301,301");
tmap.push("0,0,0,0,0,0,0,0,0,0,0,0,421,301,301,301,301,301,301,301,301,301,301,301,301,301,301,301,301,301,301,301,301,301,301,301,301,301,301,301");
tmap.push("0,0,0,0,0,0,0,0,0,0,0,0,421,301,301,301,301,301,301,301,301,301,301,301,301,301,301,301,301,301,301,301,301,301,301,301,301,301,301,301");
tmap.push("382,382,382,382,382,382,382,383,0,0,0,0,421,301,301,301,301,301,301,301,301,301,301,301,301,301,301,301,301,301,301,301,301,301,301,301,301,301,301,301");
tmap.push("301,301,301,301,301,301,301,423,0,0,0,0,421,301,301,301,301,301,301,301,301,301,301,301,301,301,301,301,301,301,301,301,301,301,301,301,301,301,301,301");
tmap.push("301,301,301,301,301,301,301,423,0,0,0,0,421,301,301,301,301,301,301,301,301,301,301,301,301,301,301,301,301,301,301,301,301,301,301,301,301,301,301,301");

obj.createentity(game, 0, 168, 2, 11, 4);  //Big Threadmill, <<<<<<
obj.createentity(game, 64, 168, 2, 9, 4);  //Threadmill, <<<
obj.createentity(game, 72, 128, 10, 1, 443560);  // (savepoint)
break;
