98 98 98 98 98 98 98 98 98 98 98 98 98 98 220 0 0 0 0 0 0 0 0 0 0 218 98 98 98 98 98 98 98 98 98 98 98 98 98 98 
98 98 98 98 98 98 98 98 98 98 98 98 98 98 220 0 178 179 179 179 179 180 178 180 0 218 98 98 98 98 98 98 98 98 98 98 98 98 98 98 
259 259 259 259 259 259 259 259 259 259 259 259 259 259 260 0 258 259 259 259 259 260 218 220 0 258 259 259 259 259 259 259 259 259 259 259 259 259 259 259 
0 0 0 0 0 0 0 0 0 0 0 0 0 0 0 0 0 0 0 0 0 0 218 220 0 0 0 0 0 0 0 0 0 0 0 0 0 0 0 0 
0 0 0 0 0 0 0 0 0 0 0 0 0 0 0 0 0 0 0 0 0 0 218 220 0 0 0 0 0 0 0 0 0 0 0 0 0 0 0 0 
0 0 0 0 0 0 0 0 0 0 0 0 0 0 0 0 0 0 0 0 0 0 218 220 0 0 0 0 0 0 0 0 0 0 0 0 0 0 0 0 
0 0 0 0 0 0 0 0 0 0 0 0 0 0 0 0 0 0 0 0 0 0 218 220 0 0 0 0 0 0 0 0 0 0 0 0 0 0 0 0 
179 179 179 179 179 179 179 179 179 179 179 179 179 179 180 0 178 180 0 0 0 0 218 220 0 0 0 0 0 178 179 179 180 178 179 179 179 179 179 179 
98 98 98 98 98 98 98 98 98 98 98 98 98 98 220 0 258 260 0 0 0 0 258 260 0 0 0 0 0 218 98 98 220 218 98 98 98 98 98 98 
259 259 259 259 259 259 259 259 259 259 259 259 259 259 260 0 0 0 0 0 0 0 0 0 0 0 0 0 0 218 98 98 220 258 259 259 259 259 259 259 
0 0 0 0 0 0 0 0 0 0 0 0 0 0 178 179 179 180 0 0 0 0 178 179 180 0 0 0 0 218 98 98 220 0 0 0 0 0 0 0 
0 0 0 0 0 0 0 0 0 0 0 0 0 0 218 98 98 220 0 0 0 0 218 98 220 0 0 0 0 218 98 98 220 0 0 0 0 0 0 0 
0 0 0 0 0 0 0 0 0 0 0 0 0 0 218 98 98 220 0 0 0 0 218 98 220 0 0 0 0 218 98 98 220 0 0 0 0 0 0 0 
0 0 0 0 0 0 0 0 0 0 0 0 0 0 218 98 98 220 0 0 0 0 218 98 220 0 0 0 0 218 98 98 220 0 0 0 0 0 0 0 
179 179 179 179 179 180 178 179 179 180 0 0 0 0 218 98 98 220 0 0 0 0 218 98 220 0 0 0 0 218 98 98 220 0 0 0 0 178 179 179 
98 98 98 98 98 220 218 98 98 220 0 0 0 0 218 98 98 220 0 0 0 0 218 98 220 0 0 0 0 218 98 98 220 0 0 0 0 218 98 98 
259 259 259 259 259 260 218 98 98 220 0 0 0 0 218 98 98 220 0 0 0 0 218 98 220 0 0 0 0 218 98 98 220 0 0 0 0 258 259 259 
0 0 0 0 0 0 218 98 98 220 0 0 0 0 218 98 98 220 0 0 0 0 218 98 220 0 0 0 0 218 98 98 220 0 0 0 0 0 0 0 
0 0 0 0 0 0 218 98 98 220 0 0 0 0 218 98 98 220 0 0 0 0 218 98 220 0 0 0 0 218 98 98 220 0 0 0 0 0 0 0 
0 0 0 0 0 0 218 98 98 220 0 0 0 0 218 98 98 220 0 0 0 0 218 98 220 0 0 0 0 218 98 98 220 0 0 0 0 0 0 0 
0 0 0 0 0 0 218 98 98 220 0 0 0 0 218 98 98 220 0 0 0 0 218 98 220 0 0 0 0 218 98 98 220 0 0 0 0 0 0 0 
179 179 180 0 0 0 218 98 98 220 0 0 0 0 218 98 98 220 0 0 0 0 218 98 220 0 0 0 0 218 98 98 220 178 179 179 179 179 179 179 
98 98 220 0 0 0 218 98 98 220 0 0 0 0 218 98 98 220 0 0 0 0 218 98 220 0 0 0 0 218 98 98 220 218 98 98 98 98 98 98 
259 259 260 0 0 0 218 98 98 220 0 0 0 0 218 98 98 220 0 0 0 0 218 98 220 0 0 0 0 258 259 259 260 258 259 259 259 259 259 259 
0 0 0 0 0 0 218 98 98 220 0 0 0 0 218 98 98 220 0 0 0 0 218 98 220 0 0 0 0 0 0 0 0 0 0 0 0 0 0 0 
0 0 0 0 0 0 218 98 98 220 0 0 0 0 218 98 98 220 0 0 0 0 218 98 220 0 0 0 0 0 0 0 0 0 0 0 0 0 0 0 
0 0 0 0 0 0 218 98 98 220 0 0 0 0 218 98 98 220 0 0 0 0 218 98 220 0 0 0 0 0 0 0 0 0 0 0 0 0 0 0 
0 0 0 0 0 0 258 259 259 260 0 0 0 0 218 98 98 220 0 0 0 0 258 259 260 0 0 0 0 0 0 0 0 0 0 0 0 0 0 0 
179 179 179 179 179 179 179 179 179 180 0 0 0 0 218 98 98 220 0 0 0 0 178 179 179 179 179 179 179 179 179 179 179 179 179 179 179 179 179 179 
0
