483 483 483 483 483 483 483 483 483 483 483 483 483 483 483 483 483 483 483 483 483 483 483 483 483 483 483 483 483 483 483 483 483 483 483 483 483 483 483 483 
483 483 483 483 483 483 483 483 483 483 483 483 483 483 483 483 483 483 483 483 483 483 483 483 483 483 483 483 483 483 483 483 483 483 483 483 483 483 483 483 
483 483 483 483 483 483 483 483 483 483 483 483 483 483 483 483 483 483 483 483 483 483 483 483 483 483 483 483 483 483 483 483 483 483 483 483 483 483 483 483 
483 483 483 483 483 483 483 483 483 483 483 483 483 483 483 483 483 483 483 483 483 483 483 483 483 483 483 483 483 483 483 483 483 483 483 483 483 483 483 483 
483 483 483 483 483 483 483 483 483 483 483 483 483 483 483 483 483 483 483 483 483 483 483 483 483 483 483 483 483 483 483 483 483 483 483 483 483 483 483 483 
483 483 483 483 483 483 483 483 483 483 483 483 483 483 483 483 483 483 483 483 483 483 483 483 483 483 483 483 483 483 483 483 483 483 483 483 483 483 483 483 
483 483 483 483 483 483 483 483 483 483 483 483 483 483 483 483 483 483 483 483 483 483 483 483 483 483 483 483 483 483 483 483 483 483 483 483 483 483 483 483 
483 483 483 483 483 483 483 483 483 483 483 483 483 483 483 483 483 483 483 483 483 483 483 483 483 483 483 483 483 483 483 483 483 483 483 483 483 483 483 483 
483 483 483 483 483 483 483 483 483 483 483 483 483 483 483 483 483 483 483 483 483 483 483 483 483 483 483 483 483 483 483 483 483 483 483 483 483 483 483 483 
483 483 483 483 483 483 483 483 483 483 483 483 483 483 483 483 483 483 483 483 483 483 483 483 483 483 483 483 483 483 483 483 483 483 483 483 483 483 483 483 
483 483 483 483 483 483 483 483 483 483 483 483 483 483 483 483 483 483 483 483 483 483 483 483 483 483 483 483 483 483 483 483 483 483 483 483 483 483 483 483 
483 483 483 483 483 483 483 483 483 483 483 483 483 483 483 483 483 483 483 483 483 483 483 483 483 483 483 483 483 483 483 483 483 483 483 483 483 483 483 483 
483 483 483 483 483 483 483 483 483 483 483 483 483 483 483 483 483 483 483 483 483 483 483 483 483 483 483 483 483 483 484 644 644 644 644 644 644 644 644 644 
483 483 483 483 483 483 483 483 483 483 483 483 483 483 483 483 483 483 483 483 483 483 483 483 483 483 483 483 483 483 605 7 7 7 7 7 7 7 7 7 
483 483 483 483 483 483 483 483 483 483 483 483 483 483 483 483 483 483 483 483 483 483 483 483 484 644 644 644 485 483 605 0 0 0 0 0 0 0 0 0 
483 483 483 483 483 483 483 483 483 483 483 483 483 483 483 483 483 483 483 483 483 483 483 484 645 7 7 7 603 483 605 0 0 0 0 0 0 0 0 0 
483 483 483 483 483 483 483 483 483 483 483 483 483 483 483 483 483 483 483 483 483 483 483 605 7 0 0 0 603 483 605 0 0 0 0 0 0 0 0 0 
483 483 483 483 483 483 483 483 483 483 483 483 483 483 483 483 483 483 483 483 483 483 484 645 0 0 0 0 603 483 605 0 0 0 0 0 0 0 0 0 
483 483 483 483 483 483 483 483 483 483 483 483 483 483 483 483 483 483 483 483 483 483 605 7 0 0 0 0 603 483 605 0 0 0 0 0 0 0 0 0 
483 483 483 483 483 483 483 483 483 483 483 483 483 483 483 483 483 483 483 483 483 484 645 0 0 0 0 0 603 483 605 0 0 0 0 0 0 0 0 0 
483 483 483 483 483 483 483 483 483 483 483 483 483 483 483 483 483 483 483 483 483 605 7 0 0 0 0 0 603 483 605 0 0 0 0 0 0 0 0 0 
483 483 483 483 483 483 483 483 483 483 483 483 483 483 483 483 483 483 483 483 484 645 0 0 0 0 0 0 603 483 605 0 0 0 0 0 0 0 0 0 
483 483 483 483 483 483 483 483 483 483 483 483 483 483 483 483 483 483 483 483 605 7 0 0 0 0 0 0 603 483 605 0 0 0 0 0 0 0 0 0 
483 483 483 483 483 483 483 483 483 483 483 483 483 483 483 483 483 483 483 484 645 0 0 0 0 0 0 0 643 644 645 0 0 0 0 0 0 0 0 0 
483 483 483 483 483 483 483 483 483 483 483 483 483 483 483 483 483 483 483 605 7 0 0 0 0 0 0 0 0 0 0 0 0 0 0 0 0 0 0 0 
483 483 483 483 483 483 483 483 483 483 483 483 483 483 483 483 483 483 484 645 0 0 0 0 0 0 0 0 0 0 0 0 0 0 0 0 0 0 0 0 
483 483 483 483 483 483 483 483 483 483 483 483 483 483 483 483 483 483 605 7 0 0 0 0 0 0 0 0 0 0 0 0 0 0 0 0 0 0 0 0 
483 483 483 483 483 483 483 483 483 483 483 483 483 483 483 483 483 483 605 0 0 0 0 0 0 0 0 0 0 0 0 0 0 0 0 0 0 0 0 0 
483 483 483 483 483 483 483 483 483 483 483 483 483 483 483 483 483 483 605 0 0 0 0 0 0 0 0 0 0 0 0 0 0 0 0 0 0 0 0 0 
483 483 483 483 483 483 483 483 483 483 483 483 483 483 483 483 483 483 605 0 0 0 0 0 0 0 0 0 0 0 0 0 0 0 0 0 0 0 0 0 
0
