486 486 486 486 486 486 486 486 486 486 486 486 486 486 486 486 486 608 0 0 0 0 606 486 486 486 486 486 486 486 486 486 486 486 486 486 486 486 486 486 
486 486 486 486 486 486 486 486 486 486 486 486 486 486 486 486 486 608 0 0 0 0 606 486 486 486 486 486 486 486 486 486 486 486 486 486 486 486 486 486 
486 486 486 486 486 486 486 486 486 486 486 486 486 486 486 486 486 608 0 0 0 0 606 486 486 486 486 486 486 486 486 486 486 486 486 486 486 486 486 486 
486 486 486 486 486 486 486 486 486 486 486 486 486 486 486 486 486 608 0 0 0 0 606 486 486 486 486 486 486 486 486 486 486 486 486 486 486 486 486 486 
486 486 486 486 486 486 486 486 486 486 486 486 486 486 486 486 486 608 0 0 0 0 606 486 486 486 486 486 486 486 486 486 486 486 486 486 486 486 486 486 
486 486 486 486 486 486 486 486 486 486 486 486 486 486 486 486 486 608 0 0 0 0 606 486 486 486 486 486 486 486 486 486 486 486 486 486 486 486 486 486 
486 486 486 486 486 486 486 486 486 486 486 486 486 486 486 486 486 608 0 0 0 0 606 486 486 486 486 486 486 486 486 486 486 486 486 486 486 486 486 486 
486 486 486 486 486 486 486 486 486 486 486 486 486 486 486 486 486 608 0 0 0 0 606 486 486 486 486 486 486 486 486 486 486 486 486 486 486 486 486 486 
486 486 486 486 486 486 486 486 486 486 486 486 486 486 486 486 486 608 0 0 0 0 606 486 486 486 486 486 486 486 486 486 486 486 486 486 486 486 486 486 
486 486 486 486 486 486 486 486 486 486 486 486 486 486 486 486 486 608 0 0 0 0 606 486 486 486 486 486 486 486 486 486 486 486 486 486 486 486 486 486 
486 486 486 486 486 486 486 486 486 486 486 486 486 486 486 486 486 608 0 0 0 0 606 486 486 486 486 486 486 486 486 486 486 486 486 486 486 486 486 486 
486 486 486 486 486 486 486 486 486 486 486 486 486 486 486 486 486 608 0 0 0 0 606 486 486 486 486 486 486 486 486 486 486 486 486 486 486 486 486 486 
486 486 486 486 486 486 486 486 486 486 486 486 486 486 486 486 486 608 0 0 0 0 606 486 486 486 486 486 486 486 486 486 486 486 486 486 486 486 486 486 
486 486 486 486 486 486 486 486 486 486 486 486 486 486 486 486 486 608 0 0 0 0 606 486 486 486 486 486 486 486 486 486 486 486 486 486 486 486 486 486 
486 486 486 486 486 486 486 486 486 486 486 486 486 486 486 486 486 608 0 0 0 0 606 486 486 486 486 486 486 486 486 486 486 486 486 486 486 486 486 486 
486 486 486 486 486 486 486 486 486 486 486 486 486 486 486 486 486 608 0 0 0 0 606 486 486 486 486 486 486 486 486 486 486 486 486 486 486 486 486 486 
486 486 486 486 486 486 486 486 486 486 486 486 486 486 486 486 486 608 0 0 0 0 606 486 486 486 486 486 486 486 486 486 486 486 486 486 486 486 486 486 
486 486 486 486 486 486 486 486 486 486 486 486 486 486 486 486 486 608 0 0 0 0 606 486 486 486 486 486 486 486 486 486 486 486 486 486 486 486 486 486 
486 486 486 486 486 486 486 486 486 486 486 486 486 486 486 486 486 608 0 0 0 0 606 486 486 486 486 486 486 486 486 486 486 486 486 486 486 486 486 486 
486 486 486 486 486 486 486 486 486 486 486 486 486 486 486 486 486 608 0 0 0 0 606 486 486 486 486 486 486 486 486 486 486 486 486 486 486 486 486 486 
486 486 486 486 486 486 486 486 486 486 486 486 486 486 486 486 486 608 0 0 0 0 606 486 486 486 486 486 486 486 486 486 486 486 486 486 486 486 486 486 
486 486 486 486 486 486 486 486 486 486 486 486 486 486 486 486 486 608 0 0 0 0 606 486 486 486 486 486 486 486 486 486 486 486 486 486 486 486 486 486 
486 486 486 486 486 486 486 486 486 486 486 486 486 486 486 486 486 608 0 0 0 0 606 486 486 486 486 486 486 486 486 486 486 486 486 486 486 486 486 486 
486 486 486 486 486 486 486 486 486 486 486 486 486 486 486 486 486 608 0 0 0 0 606 486 486 486 486 486 486 486 486 486 486 486 486 486 486 486 486 486 
486 486 486 486 486 486 486 486 486 486 486 486 486 486 486 486 486 608 0 0 0 0 606 486 486 486 486 486 486 486 486 486 486 486 486 486 486 486 486 486 
486 486 486 486 486 486 486 486 486 486 486 486 486 486 486 486 486 608 0 0 0 0 606 486 486 486 486 486 486 486 486 486 486 486 486 486 486 486 486 486 
486 486 486 486 486 486 486 486 486 486 486 486 486 486 486 486 486 608 0 0 0 0 606 486 486 486 486 486 486 486 486 486 486 486 486 486 486 486 486 486 
486 486 486 486 486 486 486 486 486 486 486 486 486 486 486 486 486 608 0 0 0 0 606 486 486 486 486 486 486 486 486 486 486 486 486 486 486 486 486 486 
486 486 486 486 486 486 486 486 486 486 486 486 486 486 486 486 486 608 0 0 0 0 606 486 486 486 486 486 486 486 486 486 486 486 486 486 486 486 486 486 
486 486 486 486 486 486 486 486 486 486 486 486 486 486 486 486 486 608 0 0 0 0 606 486 486 486 486 486 486 486 486 486 486 486 486 486 486 486 486 486 
0
