480 480 480 480 480 480 480 480 480 480 480 480 480 480 480 602 0 0 0 0 0 0 0 0 600 480 480 480 480 480 480 480 480 480 480 480 480 480 480 480 
480 480 480 480 480 480 480 480 480 480 480 480 480 480 480 602 0 0 0 0 0 0 0 0 600 480 480 480 480 480 480 480 480 480 480 480 480 480 480 480 
480 480 480 480 480 480 480 480 480 480 480 480 480 480 480 602 0 0 0 0 0 0 0 0 600 480 480 480 480 480 480 480 480 480 480 480 480 480 480 480 
480 480 480 480 480 480 480 480 480 480 480 480 480 480 480 602 0 0 0 0 0 0 0 0 600 480 480 480 480 480 480 480 480 480 480 480 480 480 480 480 
480 480 480 480 480 480 480 480 480 480 480 480 480 480 480 602 0 0 0 0 0 0 0 0 600 480 480 480 480 480 480 480 480 480 480 480 480 480 480 480 
480 480 480 480 480 480 480 480 480 480 480 480 480 480 480 602 0 0 0 0 0 0 0 0 600 480 480 480 480 480 480 480 480 480 480 480 480 480 480 480 
480 480 480 480 480 480 480 480 480 480 480 480 480 480 480 602 0 0 0 0 0 0 0 0 600 480 481 641 641 641 641 641 641 641 641 641 641 641 641 641 
480 480 480 480 480 480 480 480 480 480 480 480 480 480 480 602 0 0 0 0 0 0 0 0 600 480 602 0 0 0 0 0 0 0 0 0 0 0 0 0 
480 480 480 480 480 480 480 480 480 480 480 480 480 480 480 602 0 0 0 0 0 0 0 0 600 480 602 0 0 0 0 0 0 0 0 0 0 0 0 0 
480 480 480 480 480 480 480 480 480 480 480 480 480 480 480 602 0 0 0 0 0 0 0 0 600 480 602 0 0 0 0 0 0 0 0 0 0 0 0 0 
480 480 480 480 480 480 480 480 480 480 480 480 480 480 480 602 0 0 0 0 0 0 0 0 600 480 602 0 0 0 0 0 0 0 0 0 0 0 0 0 
480 480 480 480 480 480 480 480 480 480 480 480 480 480 480 602 0 0 0 0 0 0 0 0 600 480 602 0 0 0 0 0 0 0 0 0 0 0 0 0 
480 480 480 480 480 480 480 480 480 480 480 480 480 480 480 602 0 0 0 0 0 0 0 0 600 480 602 0 0 0 560 561 561 561 561 561 561 561 561 561 
480 480 480 480 480 480 480 480 480 480 480 480 480 480 480 602 0 0 0 0 0 0 0 0 600 480 602 0 0 0 600 480 480 480 480 480 480 480 480 480 
480 480 480 480 480 480 480 480 480 480 480 480 480 480 480 602 0 0 0 0 0 0 0 0 600 480 602 0 0 0 600 480 480 480 480 480 480 480 480 480 
641 641 641 641 641 641 641 641 641 641 641 641 641 641 641 642 0 0 0 0 0 0 0 0 640 641 642 0 0 0 600 480 480 480 480 480 480 480 480 480 
0 0 0 0 0 0 0 0 0 0 0 0 0 0 0 0 0 0 0 0 0 0 0 0 0 0 0 0 0 0 600 480 480 480 480 480 480 480 480 480 
0 0 0 0 0 0 0 0 0 0 0 0 0 0 0 0 0 0 0 0 0 0 0 0 0 0 0 0 0 0 600 480 480 480 480 480 480 480 480 480 
0 0 0 0 0 0 0 0 0 0 0 0 0 0 0 0 0 0 0 0 0 0 0 0 0 0 0 0 0 0 600 480 480 480 480 480 480 480 480 480 
0 0 0 0 0 0 0 0 0 0 0 0 0 0 0 0 0 0 0 0 0 0 0 0 0 0 0 0 0 0 600 480 480 480 480 480 480 480 480 480 
0 0 0 0 0 0 0 0 0 0 0 0 0 0 0 0 0 0 0 0 0 0 0 0 0 0 0 0 0 0 600 480 480 480 480 480 480 480 480 480 
561 561 561 561 561 561 561 561 561 561 561 561 561 561 561 561 561 561 561 561 561 561 561 561 561 561 561 561 561 561 522 480 480 480 480 480 480 480 480 480 
480 480 480 480 480 480 480 480 480 480 480 480 480 480 480 480 480 480 480 480 480 480 480 480 480 480 480 480 480 480 480 480 480 480 480 480 480 480 480 480 
480 480 480 480 480 480 480 480 480 480 480 480 480 480 480 480 480 480 480 480 480 480 480 480 480 480 480 480 480 480 480 480 480 480 480 480 480 480 480 480 
480 480 480 480 480 480 480 480 480 480 480 480 480 480 480 480 480 480 480 480 480 480 480 480 480 480 480 480 480 480 480 480 480 480 480 480 480 480 480 480 
480 480 480 480 480 480 480 480 480 480 480 480 480 480 480 480 480 480 480 480 480 480 480 480 480 480 480 480 480 480 480 480 480 480 480 480 480 480 480 480 
480 480 480 480 480 480 480 480 480 480 480 480 480 480 480 480 480 480 480 480 480 480 480 480 480 480 480 480 480 480 480 480 480 480 480 480 480 480 480 480 
480 480 480 480 480 480 480 480 480 480 480 480 480 480 480 480 480 480 480 480 480 480 480 480 480 480 480 480 480 480 480 480 480 480 480 480 480 480 480 480 
480 480 480 480 480 480 480 480 480 480 480 480 480 480 480 480 480 480 480 480 480 480 480 480 480 480 480 480 480 480 480 480 480 480 480 480 480 480 480 480 
480 480 480 480 480 480 480 480 480 480 480 480 480 480 480 480 480 480 480 480 480 480 480 480 480 480 480 480 480 480 480 480 480 480 480 480 480 480 480 480 
0
