492 492 492 492 492 492 492 492 492 492 492 492 492 492 492 492 492 492 492 492 492 492 492 492 492 492 492 492 492 492 492 492 492 492 492 492 492 492 492 492 
492 492 492 492 492 492 492 492 492 492 492 492 492 492 492 492 492 492 492 492 492 492 492 492 492 492 492 492 492 492 492 492 492 492 492 492 492 492 492 492 
492 492 492 492 492 492 492 492 492 492 492 492 492 492 492 492 492 492 492 492 492 492 492 492 492 492 492 492 492 492 492 492 492 492 492 492 492 492 492 492 
492 492 492 492 492 492 492 492 492 492 492 492 492 492 492 492 492 492 492 492 492 492 492 492 492 492 492 492 492 492 492 492 492 492 492 492 492 492 492 492 
492 492 492 492 492 492 492 492 492 492 492 492 492 492 492 492 492 492 492 492 492 492 492 492 492 492 492 492 492 492 492 492 492 492 492 492 492 492 492 492 
492 492 492 492 492 492 492 492 492 492 492 492 492 492 492 492 492 492 492 492 492 492 492 492 492 492 492 492 492 492 492 492 492 492 492 492 492 492 492 492 
492 492 492 492 492 492 492 493 653 653 494 493 653 653 494 493 653 653 494 493 653 653 494 493 653 653 494 493 653 653 494 493 653 653 494 492 492 492 492 492 
492 492 492 492 492 492 492 614 0 0 612 614 0 0 612 614 0 0 612 614 0 0 612 614 0 0 612 614 0 0 612 614 0 0 612 492 492 492 492 492 
492 492 492 492 492 492 493 654 0 0 652 654 0 0 652 654 0 0 652 654 0 0 652 654 0 0 652 654 0 0 652 654 0 0 652 494 492 492 492 492 
492 492 492 492 492 492 614 0 0 0 0 0 0 0 0 0 0 0 0 0 0 0 0 0 0 0 0 0 0 0 0 0 0 0 0 612 492 492 492 492 
492 492 492 492 492 492 614 0 0 0 0 0 0 0 0 0 0 0 0 0 0 0 0 0 0 0 0 0 0 0 0 0 0 0 0 612 492 492 492 492 
492 492 492 492 492 492 614 0 0 0 0 0 0 0 0 0 0 0 0 0 0 0 0 0 0 0 0 0 0 0 0 0 0 0 0 612 492 492 492 492 
492 492 492 492 492 492 614 0 0 0 0 0 0 0 0 0 0 0 0 0 0 0 0 0 0 0 0 0 0 0 0 0 0 0 0 612 492 492 492 492 
492 492 492 492 492 492 614 0 0 0 0 0 0 0 0 0 0 0 0 0 0 0 0 0 0 0 0 0 0 0 0 0 0 0 0 612 492 492 492 492 
492 492 492 492 492 492 614 0 0 0 0 0 0 0 0 0 0 0 0 0 0 0 0 0 0 0 0 0 0 0 0 0 0 0 0 612 492 492 492 492 
492 492 492 492 492 492 614 0 0 0 0 0 0 0 0 0 0 0 0 0 0 0 0 0 0 0 0 0 0 0 0 0 0 0 0 612 492 492 492 492 
492 492 492 492 492 492 614 0 0 0 0 0 0 0 0 0 0 0 0 0 0 0 0 0 0 0 0 0 0 0 0 0 0 0 0 612 492 492 492 492 
492 492 492 492 492 492 614 0 0 0 0 572 573 573 573 573 573 573 573 573 574 0 0 0 0 0 0 0 0 0 0 0 0 0 0 612 492 492 492 492 
492 492 492 492 492 492 614 0 0 0 0 612 492 492 492 492 492 492 492 492 614 0 0 0 0 0 0 0 0 0 0 0 0 0 0 612 492 492 492 492 
492 492 492 492 492 492 614 693 693 693 693 612 492 492 492 492 492 492 492 492 614 693 693 693 693 693 693 693 693 693 693 693 693 693 693 612 492 492 492 492 
492 492 492 492 492 492 614 0 0 0 0 612 492 492 492 492 492 492 492 492 614 0 0 0 0 0 0 0 0 0 0 0 0 0 0 612 492 492 492 492 
492 492 492 492 492 492 614 0 0 0 0 612 492 492 492 492 492 492 492 492 614 0 0 0 0 0 0 0 0 0 0 0 0 0 0 612 492 492 492 492 
492 492 492 492 492 492 614 0 0 0 0 612 492 492 492 492 492 492 492 492 614 0 0 0 0 0 0 0 0 0 0 0 0 0 0 612 492 492 492 492 
492 492 492 492 492 492 614 0 0 0 0 612 492 492 492 492 492 492 492 492 614 0 0 0 0 0 0 0 0 0 0 0 0 0 0 612 492 492 492 492 
492 492 492 492 492 492 614 0 0 0 0 612 492 492 492 492 492 492 492 492 614 0 0 0 0 0 0 0 0 0 0 0 0 0 0 612 492 492 492 492 
492 492 492 492 492 492 614 0 0 0 0 612 492 492 492 492 492 492 492 492 614 0 0 0 0 0 0 0 0 0 0 0 0 0 0 612 492 492 492 492 
492 492 492 492 492 492 614 693 693 693 693 612 492 492 492 492 492 492 492 492 614 693 693 693 693 693 693 693 693 693 693 693 693 693 693 612 492 492 492 492 
492 492 492 492 492 492 614 0 0 0 0 612 492 492 492 492 492 492 492 492 614 0 0 0 0 0 0 0 0 0 0 0 0 0 0 612 492 492 492 492 
492 492 492 492 492 492 614 0 0 0 0 612 492 492 492 492 492 492 492 492 614 0 0 0 0 0 0 0 0 0 0 0 0 0 0 612 492 492 492 492 
492 492 492 492 492 492 614 0 0 0 0 612 492 492 492 492 492 492 492 492 614 0 0 0 0 0 0 0 0 0 0 0 0 0 0 612 492 492 492 492 
0
