107 107 107 107 107 107 107 107 107 107 107 107 107 107 107 107 107 107 107 107 107 107 107 107 107 107 107 107 107 107 107 107 107 107 107 107 107 107 107 107 
107 107 107 107 107 107 107 107 107 107 107 107 107 107 107 107 107 107 107 107 107 107 107 107 107 107 107 107 107 107 107 107 107 107 107 107 107 107 107 107 
107 107 107 107 107 107 107 107 107 107 107 107 107 107 107 107 107 107 107 107 107 107 107 107 107 107 107 107 107 107 107 107 107 107 107 107 107 107 107 107 
107 107 107 107 107 107 107 107 107 107 107 107 107 107 107 107 107 107 107 107 107 107 107 107 107 107 107 107 107 107 107 107 107 107 107 107 107 107 107 107 
107 107 107 107 107 107 107 107 107 107 107 107 107 107 107 107 107 107 107 107 107 107 107 107 107 107 107 107 107 107 107 107 107 107 107 107 107 107 107 107 
107 107 107 107 107 107 107 107 107 107 107 107 107 107 107 107 107 107 107 107 107 107 107 107 107 107 107 107 107 107 107 107 107 107 107 107 107 107 107 107 
107 107 107 107 107 107 107 107 107 107 107 107 107 107 107 107 107 107 107 107 107 107 107 107 107 107 107 107 107 107 107 107 107 107 107 107 107 107 107 107 
107 107 107 107 107 107 107 107 107 107 107 107 107 107 107 107 107 107 107 107 107 107 107 107 107 107 107 107 107 107 107 107 107 107 107 107 107 107 107 107 
268 268 268 268 268 268 268 268 268 268 268 268 268 268 268 109 107 107 107 107 107 107 107 107 107 107 107 107 107 107 107 107 107 107 107 107 107 107 107 107 
689 689 689 689 689 689 689 689 689 689 689 689 689 689 689 267 268 268 109 107 107 107 107 107 107 107 107 107 107 107 107 107 107 107 107 107 107 107 107 107 
689 689 689 689 689 689 689 689 689 689 689 689 689 689 689 689 689 689 267 268 268 109 107 107 107 107 107 107 107 107 107 107 107 107 107 107 107 107 107 107 
689 690 850 850 691 689 690 850 850 691 689 690 850 850 691 689 689 689 689 689 689 267 268 268 109 107 107 107 107 107 107 107 107 107 107 107 107 107 107 107 
689 811 0 0 809 689 811 0 0 809 689 811 0 0 809 689 689 689 689 689 689 689 689 689 267 268 268 109 107 107 107 107 107 107 107 107 107 107 107 107 
689 811 0 0 809 689 811 0 0 809 689 811 0 0 809 689 689 689 689 689 689 689 689 689 689 689 689 267 268 268 109 107 107 107 107 107 107 107 107 107 
689 811 0 0 809 689 811 0 0 809 689 811 0 0 809 689 689 689 689 689 689 689 689 689 689 689 689 689 689 689 267 268 268 268 268 268 268 268 268 268 
689 811 0 0 809 689 811 0 0 809 689 811 0 0 809 689 689 689 689 689 689 689 689 689 689 689 689 689 689 689 689 689 689 689 689 689 811 0 0 0 
689 811 0 0 809 689 811 0 0 809 689 811 0 0 809 689 689 689 689 689 689 689 689 689 689 689 689 689 689 689 689 689 689 689 689 689 811 0 0 0 
689 811 0 0 809 689 811 0 0 809 689 811 0 0 809 689 689 689 689 689 689 689 689 689 689 689 689 689 689 689 689 689 689 689 689 689 811 0 0 0 
689 730 770 770 731 689 730 770 770 731 689 730 770 770 731 689 689 689 689 689 689 689 689 689 689 689 689 689 689 689 689 689 689 689 689 689 811 0 0 0 
689 689 689 689 689 689 689 689 689 689 689 689 689 689 689 689 689 689 689 689 689 689 689 689 689 689 689 689 689 689 689 689 187 188 189 689 811 0 0 0 
689 689 689 689 689 689 689 689 689 689 689 689 689 689 689 689 689 689 689 689 689 689 689 689 689 689 689 689 689 689 689 689 227 107 229 689 811 0 0 0 
188 188 188 188 188 188 188 188 188 188 188 188 188 188 188 188 188 188 188 188 188 188 188 188 188 188 188 188 188 188 188 188 149 107 229 850 851 0 0 0 
107 107 107 107 107 107 107 107 107 107 107 107 107 107 107 107 107 107 107 107 107 107 107 107 107 107 107 107 107 107 107 107 107 107 229 0 0 0 0 0 
268 268 268 268 268 268 268 268 268 268 268 268 268 268 268 268 268 268 268 268 268 268 268 268 268 268 268 268 268 268 268 268 268 268 269 0 0 0 0 0 
0 0 0 0 0 0 0 0 0 0 0 0 0 0 0 0 0 0 0 0 0 0 0 0 0 0 0 0 0 0 0 0 0 0 0 0 0 0 0 0 
0 0 0 0 0 0 0 0 0 0 0 0 0 0 0 0 0 0 0 0 0 0 0 0 0 0 0 0 0 0 0 0 0 0 0 0 0 0 0 0 
0 0 0 0 0 0 0 0 0 0 0 0 0 0 0 0 0 0 0 0 0 0 0 0 0 0 0 0 0 0 0 0 0 0 0 0 0 0 0 0 
0 0 0 0 0 0 0 0 0 0 0 0 0 0 0 0 0 0 0 0 0 0 0 0 0 0 0 0 0 0 0 0 0 0 0 0 0 0 0 0 
0 0 0 0 0 0 0 0 0 0 0 0 0 0 0 0 0 0 0 0 0 0 0 0 0 0 0 0 0 0 0 0 0 0 0 0 0 0 0 0 
0 0 0 0 0 0 0 0 0 0 0 0 0 0 0 0 0 0 0 0 0 0 0 0 0 0 0 0 0 0 0 0 0 0 0 0 0 0 0 0 
2
0 0 10 0
22 19 10 1
