12 12 12 12 12 12 12 12 12 12 12 12 12 12 12 12 12 12 12 12 12 12 12 12 12 12 12 12 12 12 12 12 12 12 12 12 12 12 12 12 
12 12 12 12 12 12 12 12 12 12 12 12 12 12 12 12 12 12 12 12 12 12 12 12 12 12 12 12 12 12 12 12 12 12 12 12 12 12 12 12 
12 12 12 12 12 12 12 12 12 12 12 12 12 12 12 12 12 12 12 12 12 12 12 12 12 12 12 12 12 12 12 12 12 12 12 12 12 12 12 12 
12 12 12 12 12 12 12 12 12 12 12 12 12 12 12 12 12 12 12 12 12 12 12 12 12 12 12 12 12 12 12 12 12 12 12 12 12 12 12 12 
12 12 12 12 12 12 12 12 12 12 12 12 12 12 12 12 12 12 12 12 12 12 12 12 12 12 12 12 12 12 12 12 12 12 12 12 12 12 12 12 
12 12 12 12 12 12 12 12 12 12 12 13 23 23 23 23 23 23 23 23 23 23 23 23 23 23 23 23 23 23 23 23 23 23 23 23 23 23 23 23 
12 12 12 12 12 12 12 12 12 12 12 21 28 28 28 28 28 28 28 28 28 28 28 28 28 28 28 28 28 28 28 28 28 28 28 28 28 28 28 28 
12 12 12 12 12 12 12 12 12 12 12 21 28 28 28 28 28 28 28 28 28 28 28 28 28 28 28 28 28 28 28 28 28 28 28 28 28 28 28 28 
12 12 12 12 12 12 12 12 12 12 12 21 28 28 28 28 28 28 28 28 28 28 28 28 28 28 28 28 28 28 28 28 28 28 28 28 28 28 28 28 
12 12 12 12 12 12 12 12 12 12 12 21 28 28 28 28 28 28 28 28 28 28 28 28 28 28 28 28 28 28 28 28 28 28 28 28 28 28 28 28 
12 12 12 12 12 12 12 12 12 12 12 21 28 28 28 28 28 28 28 28 28 28 28 28 28 28 28 28 28 28 28 28 28 28 28 28 28 28 28 28 
12 12 12 12 12 12 12 12 12 12 12 21 28 28 28 28 28 28 28 28 28 28 28 28 28 28 28 28 28 28 28 28 28 28 28 28 28 28 28 28 
12 12 12 12 12 12 12 12 12 12 12 21 28 28 28 28 28 28 28 28 28 28 28 28 28 28 28 28 28 28 28 28 28 28 28 28 28 28 28 28 
12 12 12 12 12 12 12 12 12 12 12 21 28 28 28 28 28 28 28 28 28 28 28 28 28 28 28 28 28 28 28 28 28 28 28 28 28 28 28 28 
12 12 12 12 12 12 12 12 12 12 12 21 28 28 28 28 28 28 28 28 28 28 28 28 28 28 28 28 28 28 28 28 28 28 28 28 28 28 28 28 
12 12 12 12 12 12 12 12 12 12 12 21 28 28 28 28 28 28 28 28 28 28 28 28 28 28 28 28 28 28 28 28 28 28 28 28 28 28 28 28 
12 12 12 12 12 12 12 12 12 12 12 15 18 18 18 18 18 19 28 28 28 28 17 18 18 18 18 18 18 18 18 18 18 18 18 18 18 18 18 18 
12 12 12 12 12 12 12 12 12 12 12 12 12 12 13 23 23 24 28 28 28 28 22 23 23 14 12 12 12 12 12 12 12 12 12 12 12 12 12 12 
12 12 12 12 12 12 12 12 12 12 12 12 12 12 21 28 0 0 28 28 28 28 0 0 28 20 12 12 12 12 12 12 12 12 12 12 12 12 12 12 
12 12 12 12 12 12 12 12 12 12 12 12 12 12 21 28 0 0 28 28 28 28 0 0 28 20 12 12 12 12 12 12 12 12 12 12 12 12 12 12 
12 12 12 12 12 12 12 12 12 12 12 12 12 12 21 28 0 0 0 28 28 0 0 0 28 20 12 12 12 12 12 12 12 12 12 12 12 12 12 12 
12 12 12 12 12 12 12 12 12 12 12 13 23 23 24 28 0 0 17 18 18 19 0 0 28 22 23 23 14 12 12 12 12 12 12 12 12 12 12 12 
12 12 12 12 12 12 12 12 12 12 12 21 10 0 28 28 0 0 22 23 23 24 0 0 28 28 0 11 20 12 12 12 12 12 12 12 12 12 12 12 
12 12 12 12 12 12 12 12 12 12 12 21 10 0 28 28 0 0 0 28 28 0 0 0 28 28 0 11 20 12 12 12 12 12 12 12 12 12 12 12 
12 12 12 12 12 12 12 12 12 12 12 21 10 0 28 28 0 0 0 28 28 0 0 0 28 28 0 11 20 12 12 12 12 12 12 12 12 12 12 12 
12 12 12 12 12 12 12 12 12 12 12 21 10 0 28 28 0 0 0 28 28 0 0 0 28 28 0 11 20 12 12 12 12 12 12 12 12 12 12 12 
12 12 12 12 12 12 12 12 12 12 12 21 10 0 28 28 0 0 0 28 28 0 0 0 28 28 0 11 20 12 12 12 12 12 12 12 12 12 12 12 
12 12 12 12 12 12 12 12 12 12 12 15 18 18 18 18 19 0 0 28 28 0 0 17 18 18 18 18 16 12 12 12 12 12 12 12 12 12 12 12 
12 12 12 12 12 12 12 12 12 12 12 12 12 12 12 12 21 10 0 28 28 0 11 20 12 12 12 12 12 12 12 12 12 12 12 12 12 12 12 12 
12 12 12 12 12 12 12 12 12 12 12 12 12 12 12 12 21 10 0 28 28 0 11 20 12 12 12 12 12 12 12 12 12 12 12 12 12 12 12 12 
12 12 12 12 12 12 12 12 12 12 12 12 12 12 12 12 21 10 0 28 28 0 11 20 12 12 12 12 12 12 12 12 12 12 12 12 12 12 12 12 
12 12 12 12 12 12 12 12 12 12 12 12 12 12 12 12 21 10 0 28 28 0 11 20 12 12 12 12 12 12 12 12 12 12 12 12 12 12 12 12 
12 12 12 12 12 12 12 12 12 12 12 12 12 12 12 12 21 10 0 28 28 0 11 20 12 12 12 12 12 12 12 12 12 12 12 12 12 12 12 12 
12 12 12 12 12 12 12 12 12 12 12 12 12 12 12 12 21 10 0 28 28 0 11 20 12 12 12 12 12 12 12 12 12 12 12 12 12 12 12 12 
12 12 12 12 12 12 12 12 12 12 12 12 12 12 12 12 21 10 0 28 28 0 11 20 12 12 12 12 12 12 12 12 12 12 12 12 12 12 12 12 
12 12 12 12 12 12 12 12 12 12 12 13 23 23 23 23 24 0 0 28 28 0 0 22 23 23 23 23 14 12 12 12 12 12 12 12 12 12 12 12 
12 12 12 12 12 12 12 12 12 12 12 21 10 0 28 28 0 0 0 28 28 0 0 0 28 28 0 11 20 12 12 12 12 12 12 12 12 12 12 12 
12 12 12 12 12 12 12 12 12 12 12 21 10 0 28 28 0 0 0 28 28 0 0 0 28 28 0 11 20 12 12 12 12 12 12 12 12 12 12 12 
12 12 12 12 12 12 12 12 12 12 12 21 10 0 28 28 0 0 0 28 28 0 0 0 28 28 0 11 20 12 12 12 12 12 12 12 12 12 12 12 
12 12 12 12 12 12 12 12 12 12 12 21 10 0 28 28 0 0 0 28 28 0 0 0 28 28 0 11 20 12 12 12 12 12 12 12 12 12 12 12 
12 12 12 12 12 12 12 12 12 12 12 21 10 0 28 28 0 0 0 28 28 0 0 0 28 28 0 11 20 12 12 12 12 12 12 12 12 12 12 12 
12 12 12 12 12 12 12 12 12 12 12 21 10 0 28 28 0 0 0 28 28 0 0 0 28 28 0 11 20 12 12 12 12 12 12 12 12 12 12 12 
12 12 12 12 12 12 12 12 12 12 12 21 10 0 28 28 0 0 0 28 28 0 0 0 28 28 0 11 20 12 12 12 12 12 12 12 12 12 12 12 
12 12 12 12 12 12 12 12 12 12 12 21 10 0 28 28 0 0 0 28 28 0 0 0 28 28 0 11 20 12 12 12 12 12 12 12 12 12 12 12 
12 12 12 12 12 12 12 12 12 12 12 21 10 0 28 28 0 0 0 28 28 0 0 0 28 28 0 11 20 12 12 12 12 12 12 12 12 12 12 12 
12 12 12 12 12 12 12 12 12 12 12 21 10 0 28 28 0 0 0 28 28 0 0 0 28 28 0 11 20 12 12 12 12 12 12 12 12 12 12 12 
12 12 12 12 12 12 12 12 12 12 12 21 10 0 28 28 0 0 0 28 28 0 0 0 28 28 0 11 20 12 12 12 12 12 12 12 12 12 12 12 
12 12 12 12 12 12 12 12 12 12 12 21 10 0 28 28 0 0 0 28 28 0 0 0 28 28 0 11 20 12 12 12 12 12 12 12 12 12 12 12 
12 12 12 12 12 12 12 12 12 12 12 21 10 0 28 28 0 0 0 28 28 0 0 0 28 28 0 11 20 12 12 12 12 12 12 12 12 12 12 12 
12 12 12 12 12 12 12 12 12 12 12 21 10 0 28 28 0 0 17 18 18 19 0 0 28 28 0 11 20 12 12 12 12 12 12 12 12 12 12 12 
12 12 12 12 12 12 12 12 12 12 12 21 10 0 28 28 0 0 22 14 13 24 0 0 28 28 0 11 20 12 12 12 12 12 12 12 12 12 12 12 
12 12 12 12 12 12 12 12 12 12 12 21 10 0 28 28 0 0 0 22 24 0 0 0 28 28 0 11 20 12 12 12 12 12 12 12 12 12 12 12 
12 12 12 12 12 12 12 12 12 12 12 21 10 0 28 28 0 0 0 28 28 0 0 0 28 28 0 11 20 12 12 12 12 12 12 12 12 12 12 12 
12 12 12 12 12 12 12 12 12 12 12 21 10 0 28 28 0 0 0 28 28 0 0 0 28 28 0 11 20 12 12 12 12 12 12 12 12 12 12 12 
12 12 12 12 12 12 12 12 12 12 12 21 10 0 28 28 0 0 0 28 28 0 0 0 28 28 0 11 20 12 12 12 12 12 12 12 12 12 12 12 
12 12 12 12 12 12 12 12 12 12 12 21 10 0 28 28 0 0 0 28 28 0 0 0 28 28 0 11 20 12 12 12 12 12 12 12 12 12 12 12 
12 12 12 12 12 12 12 12 12 12 12 21 10 0 28 28 0 0 0 28 28 0 0 0 28 28 0 11 20 12 12 12 12 12 12 12 12 12 12 12 
12 12 12 12 12 12 12 12 12 12 12 21 10 0 28 28 0 0 0 28 28 0 0 0 28 28 0 11 20 12 12 12 12 12 12 12 12 12 12 12 
12 12 12 12 12 12 12 12 12 12 12 21 10 0 28 28 0 0 0 28 28 0 0 0 28 28 0 11 20 12 12 12 12 12 12 12 12 12 12 12 
12 12 12 12 12 12 12 12 12 12 12 21 10 0 28 28 0 0 0 28 28 0 0 0 28 28 0 11 20 12 12 12 12 12 12 12 12 12 12 12 
12 12 12 12 12 12 12 12 12 12 12 21 10 0 28 28 0 0 0 28 28 0 0 0 28 28 0 11 20 12 12 12 12 12 12 12 12 12 12 12 
12 12 12 12 12 12 12 12 12 12 12 15 18 18 18 18 19 10 0 28 28 0 11 17 18 18 18 18 16 12 12 12 12 12 12 12 12 12 12 12 
12 12 12 12 12 12 12 12 12 12 12 13 23 23 23 23 24 0 0 28 28 0 0 22 23 23 23 23 14 12 12 12 12 12 12 12 12 12 12 12 
12 12 12 12 12 12 12 12 12 12 12 21 10 0 28 28 0 0 0 28 28 0 0 0 28 28 0 11 20 12 12 12 12 12 12 12 12 12 12 12 
12 12 12 12 12 12 12 12 12 12 12 21 10 0 28 28 0 0 0 28 28 0 0 0 28 28 0 11 20 12 12 12 12 12 12 12 12 12 12 12 
12 12 12 12 12 12 12 12 12 12 12 21 10 0 28 28 0 0 0 28 28 0 0 0 28 28 0 11 20 12 12 12 12 12 12 12 12 12 12 12 
12 12 12 12 12 12 12 12 12 12 12 21 10 0 28 28 0 0 0 28 28 0 0 0 28 28 0 11 20 12 12 12 12 12 12 12 12 12 12 12 
12 12 12 12 12 12 12 12 12 12 12 21 10 0 28 28 0 0 0 28 28 0 0 0 28 28 0 11 20 12 12 12 12 12 12 12 12 12 12 12 
12 12 12 12 12 12 12 12 12 12 12 21 10 0 28 28 0 0 0 28 28 0 0 0 28 28 0 11 20 12 12 12 12 12 12 12 12 12 12 12 
12 12 12 12 12 12 12 12 12 12 12 15 18 18 18 18 18 18 18 18 18 18 19 0 28 28 0 11 20 12 12 12 12 12 12 12 12 12 12 12 
12 12 12 12 12 12 12 12 12 12 12 13 23 23 23 23 23 23 23 23 23 23 24 0 28 28 0 11 20 12 12 12 12 12 12 12 12 12 12 12 
12 12 12 12 12 12 12 12 12 12 12 21 10 0 28 28 0 0 0 28 28 0 0 0 28 28 0 11 20 12 12 12 12 12 12 12 12 12 12 12 
12 12 12 12 12 12 12 12 12 12 12 21 10 0 28 28 0 0 0 28 28 0 0 0 28 28 0 11 20 12 12 12 12 12 12 12 12 12 12 12 
12 12 12 12 12 12 12 12 12 12 12 21 10 0 28 28 0 0 0 28 28 0 0 0 28 28 0 11 20 12 12 12 12 12 12 12 12 12 12 12 
12 12 12 12 12 12 12 12 12 12 12 21 10 0 28 28 0 0 0 28 28 0 0 0 28 28 0 11 20 12 12 12 12 12 12 12 12 12 12 12 
12 12 12 12 12 12 12 12 12 12 12 21 10 0 28 28 0 17 18 18 18 18 18 18 18 18 18 18 16 12 12 12 12 12 12 12 12 12 12 12 
12 12 12 12 12 12 12 12 12 12 12 21 10 0 28 28 0 22 23 23 23 23 23 23 23 23 23 23 14 12 12 12 12 12 12 12 12 12 12 12 
12 12 12 12 12 12 12 12 12 12 12 21 10 0 28 28 0 0 0 28 28 0 0 0 28 28 0 11 20 12 12 12 12 12 12 12 12 12 12 12 
12 12 12 12 12 12 12 12 12 12 12 21 10 0 28 28 0 0 0 28 28 0 0 0 28 28 0 11 20 12 12 12 12 12 12 12 12 12 12 12 
12 12 12 12 12 12 12 12 12 12 12 21 10 0 28 28 0 0 0 28 28 0 0 0 28 28 0 11 20 12 12 12 12 12 12 12 12 12 12 12 
12 12 12 12 12 12 12 12 12 12 12 21 10 0 28 28 0 0 0 28 28 0 0 0 28 28 0 11 20 12 12 12 12 12 12 12 12 12 12 12 
12 12 12 12 12 12 12 12 12 12 12 15 18 18 18 18 18 18 18 18 18 18 18 19 28 28 0 11 20 12 12 12 12 12 12 12 12 12 12 12 
12 12 12 12 12 12 12 12 12 12 12 13 23 23 23 23 23 23 23 23 23 23 23 24 28 28 0 11 20 12 12 12 12 12 12 12 12 12 12 12 
12 12 12 12 12 12 12 12 12 12 12 21 10 0 28 28 0 0 0 28 28 0 0 0 28 28 0 11 20 12 12 12 12 12 12 12 12 12 12 12 
12 12 12 12 12 12 12 12 12 12 12 21 10 0 28 28 0 0 0 28 28 0 0 0 28 28 0 11 20 12 12 12 12 12 12 12 12 12 12 12 
12 12 12 12 12 12 12 12 12 12 12 21 10 0 28 28 0 0 0 28 28 0 0 0 28 28 0 11 20 12 12 12 12 12 12 12 12 12 12 12 
12 12 12 12 12 12 12 12 12 12 12 21 10 0 28 28 0 0 0 28 28 0 0 0 28 28 0 11 20 12 12 12 12 12 12 12 12 12 12 12 
12 12 12 12 12 12 12 12 12 12 12 21 10 0 28 28 0 17 18 18 18 18 18 18 18 18 18 18 16 12 12 12 12 12 12 12 12 12 12 12 
12 12 12 12 12 12 12 12 12 12 12 21 10 0 28 28 0 22 23 23 23 23 23 14 12 12 12 12 12 12 12 12 12 12 12 12 12 12 12 12 
12 12 12 12 12 12 12 12 12 12 12 21 10 0 28 28 0 0 0 28 28 0 11 20 12 12 12 12 12 12 12 12 12 12 12 12 12 12 12 12 
12 12 12 12 12 12 12 12 12 12 12 21 10 0 28 28 0 0 0 28 28 0 11 20 12 12 12 12 12 12 12 12 12 12 12 12 12 12 12 12 
12 12 12 12 12 12 12 12 12 12 12 21 10 0 28 28 0 0 0 28 28 0 11 20 12 12 12 12 12 12 12 12 12 12 12 12 12 12 12 12 
12 12 12 12 12 12 12 12 12 12 12 21 10 0 28 28 0 0 0 28 28 0 11 20 12 12 12 12 12 12 12 12 12 12 12 12 12 12 12 12 
12 12 12 12 12 12 12 12 12 12 12 21 10 0 28 28 0 0 0 28 28 0 11 20 12 12 12 12 12 12 12 12 12 12 12 12 12 12 12 12 
12 12 12 12 12 12 12 12 12 12 12 15 18 18 18 18 18 19 0 28 28 0 11 20 12 12 12 12 12 12 12 12 12 12 12 12 12 12 12 12 
12 12 12 12 12 12 12 12 12 12 12 12 12 12 12 12 12 21 10 28 28 0 11 20 12 12 12 12 12 12 12 12 12 12 12 12 12 12 12 12 
12 12 12 12 12 12 12 12 12 12 12 12 12 12 12 12 12 21 10 28 28 0 11 20 12 12 12 12 12 12 12 12 12 12 12 12 12 12 12 12 
12 12 12 12 12 12 12 12 12 12 12 12 12 12 12 12 12 21 10 28 28 0 11 20 12 12 12 12 12 12 12 12 12 12 12 12 12 12 12 12 
12 12 12 12 12 12 12 12 12 12 12 12 12 12 12 12 12 21 10 28 28 0 11 20 12 12 12 12 12 12 12 12 12 12 12 12 12 12 12 12 
12 12 12 12 12 12 12 12 12 12 12 12 12 12 12 12 13 24 10 28 28 0 11 22 14 12 12 12 12 12 12 12 12 12 12 12 12 12 12 12 
12 12 12 12 12 12 12 12 12 12 12 12 12 12 12 12 21 10 0 28 28 0 0 11 20 12 12 12 12 12 12 12 12 12 12 12 12 12 12 12 
12 12 12 12 12 12 12 12 12 12 12 12 12 12 12 12 21 10 0 28 28 0 0 11 20 12 12 12 12 12 12 12 12 12 12 12 12 12 12 12 
12 12 12 12 12 12 12 12 12 12 12 12 12 12 12 12 21 10 0 28 28 0 0 11 20 12 12 12 12 12 12 12 12 12 12 12 12 12 12 12 
12 12 12 12 12 12 12 12 12 12 12 12 12 12 12 12 21 10 0 28 28 0 0 11 20 12 12 12 12 12 12 12 12 12 12 12 12 12 12 12 
12 12 12 12 12 12 12 12 12 12 12 12 12 12 12 12 21 10 0 28 28 0 0 11 20 12 12 12 12 12 12 12 12 12 12 12 12 12 12 12 
12 12 12 12 12 12 12 12 12 12 12 12 12 12 12 13 24 10 0 28 28 0 0 11 20 12 12 12 12 12 12 12 12 12 12 12 12 12 12 12 
12 12 12 12 12 12 12 12 12 12 12 12 12 12 12 21 10 0 0 28 28 0 11 17 16 12 12 12 12 12 12 12 12 12 12 12 12 12 12 12 
12 12 12 12 12 12 12 12 12 12 12 12 12 12 12 21 10 0 0 28 28 0 11 20 12 12 12 12 12 12 12 12 12 12 12 12 12 12 12 12 
12 12 12 12 12 12 12 12 12 12 12 12 12 12 12 21 10 0 0 28 28 0 11 20 12 12 12 12 12 12 12 12 12 12 12 12 12 12 12 12 
12 12 12 12 12 12 12 12 12 12 12 12 12 12 12 21 10 0 0 28 28 0 11 20 12 12 12 12 12 12 12 12 12 12 12 12 12 12 12 12 
12 12 12 12 12 12 12 12 12 12 12 12 12 12 12 21 10 0 0 28 28 0 11 20 12 12 12 12 12 12 12 12 12 12 12 12 12 12 12 12 
12 12 12 12 12 12 12 12 12 12 12 13 23 23 23 24 0 0 0 28 28 0 0 22 23 23 23 23 14 12 12 12 12 12 12 12 12 12 12 12 
12 12 12 12 12 12 12 12 12 12 12 21 10 0 28 28 0 0 0 28 28 0 0 0 28 28 0 11 20 12 12 12 12 12 12 12 12 12 12 12 
12 12 12 12 12 12 12 12 12 12 12 21 10 0 28 28 0 0 0 28 28 0 0 0 28 28 0 11 20 12 12 12 12 12 12 12 12 12 12 12 
12 12 12 12 12 12 12 12 12 12 12 21 10 0 28 28 0 0 0 28 28 0 0 0 28 28 0 11 20 12 12 12 12 12 12 12 12 12 12 12 
12 12 12 12 12 12 12 12 12 12 12 21 10 0 28 28 0 0 0 28 28 0 0 0 28 28 0 11 20 12 12 12 12 12 12 12 12 12 12 12 
12 12 12 12 12 12 12 12 12 12 12 21 10 0 28 28 11 17 18 18 18 18 19 10 28 28 0 11 20 12 12 12 12 12 12 12 12 12 12 12 
12 12 12 12 12 12 12 12 12 12 12 21 10 0 28 28 0 22 23 23 23 23 24 0 28 28 0 11 20 12 12 12 12 12 12 12 12 12 12 12 
12 12 12 12 12 12 12 12 12 12 12 21 10 0 28 28 0 0 0 28 28 0 0 0 28 28 0 11 20 12 12 12 12 12 12 12 12 12 12 12 
12 12 12 12 12 12 12 12 12 12 12 21 10 0 28 28 0 0 0 28 28 0 0 0 28 28 0 11 20 12 12 12 12 12 12 12 12 12 12 12 
12 12 12 12 12 12 12 12 12 12 12 21 10 0 28 28 0 0 0 28 28 0 0 0 28 28 0 11 20 12 12 12 12 12 12 12 12 12 12 12 
12 12 12 12 12 12 12 12 12 12 12 21 10 0 28 28 0 0 0 28 28 0 0 0 28 28 0 11 20 12 12 12 12 12 12 12 12 12 12 12 
12 12 12 12 12 12 12 12 12 12 12 21 10 0 28 28 0 0 0 28 28 0 0 0 28 28 0 11 20 12 12 12 12 12 12 12 12 12 12 12 
12 12 12 12 12 12 12 12 12 12 12 21 10 0 28 28 0 0 0 28 28 0 0 0 28 28 0 11 20 12 12 12 12 12 12 12 12 12 12 12 
12 12 12 12 12 12 12 12 12 12 12 15 18 18 18 18 19 10 0 28 28 0 11 17 18 18 18 18 16 12 12 12 12 12 12 12 12 12 12 12 
12 12 12 12 12 12 12 12 12 12 12 13 23 23 23 23 24 0 0 28 28 0 0 22 23 23 23 23 14 12 12 12 12 12 12 12 12 12 12 12 
12 12 12 12 12 12 12 12 12 12 12 21 10 0 28 28 0 0 0 28 28 0 0 0 28 28 0 11 20 12 12 12 12 12 12 12 12 12 12 12 
12 12 12 12 12 12 12 12 12 12 12 21 10 0 28 28 0 0 0 28 28 0 0 0 28 28 0 11 20 12 12 12 12 12 12 12 12 12 12 12 
12 12 12 12 12 12 12 12 12 12 12 21 10 0 28 28 0 0 0 28 28 0 0 0 28 28 0 11 20 12 12 12 12 12 12 12 12 12 12 12 
12 12 12 12 12 12 12 12 12 12 12 21 10 0 28 28 0 0 0 28 28 0 0 0 28 28 0 11 20 12 12 12 12 12 12 12 12 12 12 12 
12 12 12 12 12 12 12 12 12 12 12 21 10 0 28 28 0 0 0 28 28 0 0 0 28 28 0 11 20 12 12 12 12 12 12 12 12 12 12 12 
12 12 12 12 12 12 12 12 12 12 12 21 10 0 28 28 0 0 0 28 28 0 0 0 28 28 0 11 20 12 12 12 12 12 12 12 12 12 12 12 
12 12 12 12 12 12 12 12 12 12 12 21 10 0 28 28 0 11 17 18 18 19 10 0 28 28 0 11 20 12 12 12 12 12 12 12 12 12 12 12 
12 12 12 12 12 12 12 12 12 12 12 21 10 0 28 28 0 0 22 23 23 24 0 0 28 28 0 11 20 12 12 12 12 12 12 12 12 12 12 12 
12 12 12 12 12 12 12 12 12 12 12 21 10 0 28 28 0 0 0 28 28 0 0 0 28 28 0 11 20 12 12 12 12 12 12 12 12 12 12 12 
12 12 12 12 12 12 12 12 12 12 12 21 10 0 28 28 0 0 0 28 28 0 0 0 28 28 0 11 20 12 12 12 12 12 12 12 12 12 12 12 
12 12 12 12 12 12 12 12 12 12 12 21 10 0 28 28 0 0 0 28 28 0 0 0 28 28 0 11 20 12 12 12 12 12 12 12 12 12 12 12 
12 12 12 12 12 12 12 12 12 12 12 21 10 0 28 28 0 0 0 28 28 0 0 0 28 28 0 11 20 12 12 12 12 12 12 12 12 12 12 12 
12 12 12 12 12 12 12 12 12 12 12 15 18 18 19 28 0 0 0 28 28 0 0 0 28 17 18 18 16 12 12 12 12 12 12 12 12 12 12 12 
12 12 12 12 12 12 12 12 12 12 12 12 12 12 21 28 0 0 0 28 28 0 0 0 28 20 12 12 12 12 12 12 12 12 12 12 12 12 12 12 
12 12 12 12 12 12 12 12 12 12 12 12 12 12 21 28 0 0 0 28 28 0 0 0 28 20 12 12 12 12 12 12 12 12 12 12 12 12 12 12 
12 12 12 12 12 12 12 12 12 12 12 12 12 12 21 28 0 0 0 28 28 0 0 0 28 20 12 12 12 12 12 12 12 12 12 12 12 12 12 12 
12 12 12 12 12 12 12 12 12 12 12 12 12 12 21 28 0 0 0 28 28 0 0 0 28 20 12 12 12 12 12 12 12 12 12 12 12 12 12 12 
12 12 12 12 12 12 12 12 12 12 12 12 12 12 21 28 0 0 28 28 28 28 0 0 28 20 12 12 12 12 12 12 12 12 12 12 12 12 12 12 
12 12 12 12 12 12 12 12 12 12 12 12 12 12 15 18 18 19 28 28 28 28 17 18 18 16 12 12 12 12 12 12 12 12 12 12 12 12 12 12 
12 12 12 12 12 12 12 12 12 12 12 12 12 12 12 12 12 21 28 28 28 28 20 12 12 12 12 12 12 12 12 12 12 12 12 12 12 12 12 12 
12 12 12 12 12 13 23 23 23 23 23 23 23 23 23 23 23 24 28 28 28 28 20 12 12 12 12 12 12 12 12 12 12 12 12 12 12 12 12 12 
12 12 12 12 12 21 28 28 28 28 28 28 28 28 28 28 28 28 28 28 28 28 20 12 12 12 12 12 12 12 12 12 12 12 12 12 12 12 12 12 
12 12 12 12 12 21 28 28 28 28 28 28 28 28 28 28 28 28 28 28 28 28 20 12 12 12 12 12 12 12 12 12 12 12 12 12 12 12 12 12 
12 12 12 12 12 21 28 28 28 28 28 28 28 28 28 28 28 28 28 28 28 28 20 12 12 12 12 12 12 12 12 12 12 12 12 12 12 12 12 12 
12 12 12 12 12 21 28 28 28 17 18 18 18 18 18 18 18 18 18 18 18 18 16 12 12 12 12 12 12 12 12 12 12 12 12 12 12 12 12 12 
12 12 12 12 12 21 28 28 28 20 12 12 12 12 12 12 12 12 12 12 12 12 12 12 12 12 12 12 12 12 12 12 12 12 12 12 12 12 12 12 
12 12 12 12 12 21 28 28 28 20 12 12 12 12 12 12 12 13 23 23 23 23 23 23 23 23 23 23 14 12 12 12 12 12 12 12 12 12 12 12 
12 12 12 12 12 21 28 28 28 20 12 12 12 12 12 12 12 21 28 28 28 28 28 28 28 28 28 28 20 12 12 12 12 12 12 12 12 12 12 12 
12 12 12 12 12 21 28 28 28 20 12 12 12 12 12 12 12 21 28 28 28 28 28 28 28 28 28 28 20 12 12 12 12 12 12 12 12 12 12 12 
12 12 12 12 12 21 28 28 28 20 12 12 12 12 12 12 12 21 28 28 28 28 28 28 28 28 28 28 20 12 12 12 12 12 12 12 12 12 12 12 
12 12 12 12 12 21 28 28 28 20 12 12 12 12 13 23 23 24 0 0 0 0 0 0 28 28 28 28 20 12 12 12 12 12 12 12 12 12 12 12 
12 12 12 12 12 21 28 28 28 20 12 12 12 12 21 0 0 0 0 0 0 0 0 0 28 28 28 28 20 12 12 12 12 12 12 12 12 12 12 12 
12 12 12 12 12 21 28 28 28 20 12 12 12 12 21 0 0 0 0 0 0 0 0 0 0 0 28 28 20 12 12 12 12 12 12 12 12 12 12 12 
12 12 12 12 12 21 28 28 28 20 12 12 12 12 21 0 0 0 0 0 0 0 8 8 0 0 28 28 20 12 12 12 12 12 12 12 12 12 12 12 
12 12 12 12 12 21 28 28 28 20 12 13 23 23 24 0 0 0 0 0 0 8 17 19 0 0 28 28 20 12 12 12 12 12 12 12 12 12 12 12 
23 23 23 23 23 24 28 28 28 20 12 21 28 28 28 0 0 0 0 0 8 17 16 21 0 0 28 28 22 23 23 23 23 23 23 23 23 23 23 23 
28 28 28 28 28 28 28 28 28 20 12 21 28 28 28 0 0 0 0 8 17 16 12 21 0 0 28 28 28 28 28 28 28 28 28 28 28 28 28 28 
28 28 28 28 28 28 28 28 28 20 12 21 28 28 28 0 0 0 8 17 16 12 12 21 0 0 28 28 28 28 28 28 28 28 28 28 28 28 28 28 
28 28 28 28 28 28 28 28 28 20 12 21 28 28 28 0 0 8 17 16 12 12 12 21 0 0 28 28 28 28 28 28 28 28 28 28 28 28 28 28 
18 18 18 18 18 18 18 18 18 16 12 21 28 28 28 0 0 17 16 12 12 12 12 15 18 18 18 18 18 18 18 18 18 18 18 18 18 18 18 18 
12 12 12 12 12 12 12 12 12 12 12 21 28 28 28 0 0 22 14 12 12 12 12 12 12 12 12 12 12 12 12 12 12 12 12 12 12 12 12 12 
12 12 12 12 12 12 12 12 12 12 12 21 28 28 28 0 0 7 22 14 12 12 12 12 12 12 12 12 12 12 12 12 12 12 12 12 12 12 12 12 
12 12 12 12 12 12 12 12 12 12 12 21 28 28 28 0 0 28 7 22 14 12 12 12 12 12 12 12 12 12 12 12 12 12 12 12 12 12 12 12 
12 12 12 12 12 12 12 12 12 12 12 21 28 28 28 0 0 28 28 9 20 12 12 12 12 12 12 12 12 12 12 12 12 12 12 12 12 12 12 12 
12 12 12 12 12 12 12 12 12 12 12 21 28 28 28 0 0 28 28 0 20 12 12 12 12 12 12 12 12 12 12 12 12 12 12 12 12 12 12 12 
12 12 12 12 12 12 12 12 12 12 12 21 28 28 28 0 0 28 28 0 22 23 23 23 23 14 12 12 12 12 12 12 12 12 12 12 12 12 12 12 
12 12 12 12 12 12 12 12 12 12 12 21 28 28 28 0 0 28 28 0 28 28 0 28 28 20 12 12 12 12 12 12 12 12 12 12 12 12 12 12 
12 12 12 12 12 12 12 12 12 12 12 21 28 28 28 0 0 28 28 0 28 28 0 28 28 22 14 12 12 12 12 12 12 12 12 12 12 12 12 12 
12 12 12 12 12 12 12 12 12 12 12 21 28 28 28 0 0 28 28 0 28 28 0 28 28 7 22 14 12 12 12 12 12 12 12 12 12 12 12 12 
12 12 12 12 12 12 12 12 12 12 12 21 28 28 28 0 0 28 28 0 28 28 0 28 28 28 7 22 14 12 12 12 12 12 12 12 12 12 12 12 
12 12 12 12 12 12 12 12 12 12 12 21 28 28 28 0 0 28 28 0 28 28 0 28 28 28 28 7 20 12 12 12 12 12 12 12 12 12 12 12 
12 12 12 12 12 12 12 12 12 12 12 21 6 28 28 0 0 28 28 0 28 28 0 28 28 28 28 28 20 12 12 12 12 12 12 12 12 12 12 12 
12 12 12 12 12 12 12 12 12 12 12 15 19 6 28 0 0 17 18 19 28 28 0 28 28 28 28 28 20 12 12 12 12 12 12 12 12 12 12 12 
12 12 12 12 12 12 12 12 12 12 12 12 15 19 6 0 0 20 12 21 28 28 0 28 28 28 28 28 22 23 23 23 23 14 12 12 12 12 12 12 
12 12 12 12 12 12 12 12 12 12 12 12 12 15 19 8 0 20 12 21 28 28 0 28 28 28 28 28 28 28 0 0 0 20 12 12 12 12 12 12 
12 12 12 12 12 12 12 12 12 12 12 12 12 12 15 19 8 20 12 21 28 28 0 28 28 28 28 28 28 28 0 0 0 20 12 12 12 12 12 12 
12 12 12 12 12 12 12 12 12 12 12 12 12 12 12 15 18 16 12 21 28 28 0 28 28 28 0 0 0 0 0 0 0 22 14 12 12 12 12 12 
12 12 12 12 12 12 12 12 12 12 12 12 12 12 12 12 12 12 12 21 28 28 0 28 28 28 0 0 0 0 0 0 0 0 20 12 12 12 12 12 
12 12 12 12 12 12 12 12 12 12 12 12 12 12 12 12 12 12 12 21 6 28 0 28 28 28 0 0 0 0 0 0 0 0 20 12 12 12 12 12 
12 12 12 12 12 12 12 12 12 12 12 12 12 12 12 12 12 12 12 15 19 6 0 17 18 18 19 0 0 0 0 0 0 0 22 14 12 12 12 12 
12 12 12 12 12 12 12 12 12 12 12 12 12 12 12 12 12 12 12 12 15 19 8 20 12 12 21 0 0 0 0 0 0 0 28 20 12 12 12 12 
12 12 12 12 12 12 12 12 12 12 12 12 12 12 12 12 12 12 12 12 12 15 18 16 12 12 21 10 0 0 0 0 0 0 28 22 14 12 12 12 
12 12 12 12 12 12 12 12 12 12 12 12 12 12 12 12 12 12 12 12 12 12 12 12 12 12 21 10 0 0 0 0 0 0 28 28 20 12 12 12 
12 12 12 12 12 12 12 12 12 12 12 12 12 12 12 12 12 12 12 12 12 12 12 12 12 12 15 19 10 0 0 0 0 0 28 28 22 14 12 12 
12 12 12 12 12 12 12 12 12 12 12 12 12 12 12 12 12 12 12 12 12 12 12 12 12 12 12 21 10 0 0 0 0 0 28 28 28 20 12 12 
12 12 12 12 12 12 12 12 12 12 12 12 12 12 12 12 12 12 12 12 12 12 12 12 12 12 12 15 19 10 0 0 0 0 28 28 28 20 12 12 
12 12 12 12 12 12 12 12 12 12 12 12 12 12 12 12 12 12 12 12 12 12 12 12 12 12 12 12 21 10 0 0 0 0 28 28 28 20 12 12 
12 12 12 12 12 12 12 12 12 12 12 12 12 12 12 12 12 12 12 12 12 12 12 12 12 12 12 12 21 10 0 0 0 0 28 28 28 20 12 12 
12 12 12 12 12 12 12 12 12 12 12 12 12 12 12 12 12 12 12 12 12 12 12 12 12 12 12 13 24 10 0 0 0 28 28 28 28 20 12 12 
12 12 12 12 12 12 12 12 12 12 12 12 12 12 12 12 12 12 12 12 12 12 12 12 12 12 12 21 10 0 0 0 0 28 28 28 28 20 12 12 
12 12 12 12 12 12 12 12 12 12 12 12 12 12 12 12 12 12 12 12 12 12 12 12 12 12 13 24 10 0 0 0 28 28 28 28 17 16 12 12 
12 12 12 12 12 12 12 12 12 12 12 12 12 12 12 12 12 12 12 12 12 12 12 12 12 12 21 10 0 0 0 0 28 28 28 28 20 12 12 12 
12 12 12 12 12 12 12 12 12 12 12 12 12 12 12 12 12 12 12 12 12 12 12 12 12 13 24 10 0 0 0 28 28 28 28 17 16 12 12 12 
12 12 12 12 12 12 12 12 12 12 12 12 12 12 12 12 12 12 12 12 12 12 12 12 12 21 10 0 0 0 0 28 28 28 28 20 12 12 12 12 
12 12 12 12 12 12 12 12 12 12 12 12 12 12 12 12 12 13 23 23 23 23 23 23 23 24 0 0 0 0 28 28 28 28 17 16 12 12 12 12 
12 12 12 12 12 12 12 12 12 12 12 12 12 12 12 12 13 24 0 0 0 28 28 28 0 0 0 0 0 0 28 28 28 28 20 12 12 12 12 12 
12 12 12 12 12 12 12 12 12 12 12 12 12 12 12 13 24 7 0 0 0 28 28 28 0 0 0 0 28 28 28 28 28 17 16 12 12 12 12 12 
12 12 12 12 12 12 12 12 12 12 12 12 12 12 13 24 7 28 0 0 0 28 28 28 0 0 0 0 28 28 28 28 28 20 12 12 12 12 12 12 
12 12 12 12 12 12 12 12 12 12 12 12 12 13 24 7 28 28 0 0 0 28 28 28 0 0 0 0 28 28 28 28 17 16 12 12 12 12 12 12 
12 12 12 12 12 12 12 12 12 12 12 12 13 24 9 28 28 28 0 0 0 28 28 28 0 0 0 0 28 28 28 28 20 12 12 12 12 12 12 12 
12 12 12 12 12 12 12 12 12 12 12 12 21 9 0 28 28 28 0 0 0 28 28 28 0 0 0 0 28 28 28 17 16 12 12 12 12 12 12 12 
12 12 12 12 12 12 12 12 12 12 12 12 21 0 0 28 28 28 0 0 0 28 28 28 0 0 0 0 28 28 28 20 12 12 12 12 12 12 12 12 
12 12 12 12 12 12 12 12 13 23 23 23 24 0 0 28 28 28 0 0 0 28 28 28 0 0 0 17 18 18 18 16 12 12 12 12 12 12 12 12 
12 12 12 12 12 12 12 12 21 28 28 28 0 0 0 28 28 28 0 0 0 28 28 28 0 0 0 20 12 12 12 12 12 12 12 12 12 12 12 12 
12 12 12 12 12 12 12 12 21 28 28 28 0 0 0 28 28 28 0 0 0 28 28 28 0 0 8 20 12 12 12 12 12 12 12 12 12 12 12 12 
12 12 12 12 12 12 12 12 21 28 28 28 0 0 0 28 28 28 0 0 0 28 28 28 0 8 17 16 12 12 12 12 12 12 12 12 12 12 12 12 
12 12 12 12 12 12 12 12 21 28 28 28 0 0 0 28 28 28 0 0 0 28 28 28 8 17 16 12 12 12 12 12 12 12 12 12 12 12 12 12 
12 12 12 12 12 12 12 12 21 28 28 28 0 0 0 28 28 28 0 0 0 28 28 6 17 16 12 12 12 12 12 12 12 12 12 12 12 12 12 12 
12 12 12 12 12 12 12 12 21 28 28 28 0 0 0 28 28 28 0 0 0 28 6 17 16 12 12 12 12 12 12 12 12 12 12 12 12 12 12 12 
12 12 12 12 12 12 12 12 21 28 28 28 0 0 0 28 28 28 0 0 0 28 17 16 12 12 12 12 12 12 12 12 12 12 12 12 12 12 12 12 
12 12 12 12 12 12 12 12 21 28 28 28 0 0 17 18 18 18 18 18 18 18 16 12 12 12 12 12 12 12 12 12 12 12 12 12 12 12 12 12 
12 12 12 12 12 12 12 12 21 28 28 28 0 0 20 12 12 12 12 12 12 12 12 12 12 12 12 12 12 12 12 12 12 12 12 12 12 12 12 12 
12 12 12 12 12 12 12 12 21 28 28 28 0 0 20 12 12 12 12 12 12 12 12 12 12 12 12 12 12 12 12 12 12 12 12 12 12 12 12 12 
12 12 12 12 12 12 12 12 21 28 28 28 0 0 20 12 12 12 12 12 12 12 12 12 12 12 12 12 12 12 12 12 12 12 12 12 12 12 12 12 
12 12 12 12 12 12 12 12 21 28 28 28 0 0 20 12 12 12 12 12 12 12 12 12 12 12 12 12 12 12 12 12 12 12 12 12 12 12 12 12 
12 12 12 12 12 12 12 12 21 28 28 28 0 0 20 12 12 12 12 12 12 12 12 12 12 12 12 12 12 12 12 12 12 12 12 12 12 12 12 12 
12 12 12 12 12 12 12 12 21 28 28 28 0 0 20 12 12 12 12 12 12 12 12 12 12 12 12 12 12 12 12 12 12 12 12 12 12 12 12 12 
12 12 12 12 12 12 12 12 21 28 28 28 0 8 20 12 12 12 12 12 12 12 12 12 12 12 12 12 12 12 12 12 12 12 12 12 12 12 12 12 
12 12 12 12 12 12 12 12 21 28 28 28 8 17 16 12 12 12 12 12 12 12 12 12 12 12 12 12 12 12 12 12 12 12 12 12 12 12 12 12 
12 12 12 12 12 12 12 12 21 28 28 28 17 16 12 12 12 12 12 12 12 12 12 12 12 12 12 12 12 12 12 12 12 12 12 12 12 12 12 12 
12 12 12 12 12 12 12 12 21 28 28 28 20 12 12 12 12 12 12 12 12 12 12 12 12 12 12 12 12 12 12 12 12 12 12 12 12 12 12 12 
23 23 23 23 23 14 12 12 21 28 28 28 22 23 23 23 23 23 23 23 23 23 23 23 23 23 23 23 23 23 23 23 23 23 23 23 23 23 23 23 
28 28 28 28 28 20 12 12 21 28 28 28 28 28 28 28 28 28 28 28 28 28 28 28 28 28 28 28 28 28 28 28 28 28 28 28 28 28 28 28 
28 28 28 28 28 20 12 12 21 28 28 28 28 28 28 28 28 28 28 28 28 28 28 28 28 28 28 28 28 28 28 28 28 28 28 28 28 28 28 28 
28 28 28 28 28 20 12 12 21 28 28 28 28 28 28 28 28 28 28 28 28 28 28 28 28 28 28 28 28 28 28 28 28 28 28 28 28 28 28 28 
28 28 28 28 28 20 12 12 21 28 28 28 28 28 28 28 28 28 28 28 28 28 28 28 28 28 28 28 28 28 28 28 28 28 28 28 28 28 28 28 
18 19 28 28 28 20 12 12 15 18 18 18 18 18 18 18 18 18 18 18 18 18 18 18 18 18 18 18 18 18 18 18 18 18 18 18 18 18 18 18 
12 21 28 28 28 20 12 12 12 12 12 12 12 12 12 12 12 12 12 12 12 12 12 12 12 12 12 12 12 12 12 12 12 12 12 12 12 12 12 12 
23 24 28 28 28 22 23 23 23 23 23 23 23 23 23 23 23 23 23 23 23 23 23 23 23 23 23 23 23 23 23 23 23 23 23 23 23 23 23 23 
7 7 28 28 28 28 28 28 28 28 28 28 28 28 28 28 7 7 7 7 7 7 7 7 7 7 7 7 7 7 7 7 7 7 7 7 7 7 7 7 
28 28 28 28 28 28 28 28 28 28 28 28 28 28 28 28 28 28 28 28 28 28 28 28 28 28 28 28 28 28 28 28 28 28 28 28 28 28 28 28 
28 28 28 28 28 28 28 28 28 28 28 28 28 28 28 28 28 28 28 28 28 28 28 28 28 28 28 28 28 28 28 28 28 28 28 28 28 28 28 28 
28 28 28 28 28 28 28 28 28 28 28 28 28 28 28 28 28 28 28 28 28 28 28 28 28 28 28 28 28 28 28 28 28 28 28 28 28 28 28 28 
28 28 28 28 28 28 28 28 28 28 28 28 28 28 28 28 28 28 28 28 28 28 28 28 28 28 28 28 28 28 28 28 28 28 28 28 28 28 28 28 
28 28 28 28 0 0 0 0 0 0 0 0 0 0 0 0 0 0 0 0 0 0 0 0 0 0 0 0 0 0 0 0 0 28 28 28 28 28 28 28 
28 28 28 28 0 0 0 0 0 0 0 0 0 0 0 0 0 0 0 0 0 0 0 0 0 0 0 0 0 0 0 0 0 28 28 28 28 28 28 28 
28 28 0 0 0 0 0 8 8 8 0 0 0 0 0 0 0 0 0 0 0 0 0 0 0 0 0 0 0 0 0 0 0 0 0 28 28 28 28 28 
28 28 0 0 0 0 0 17 18 19 0 0 0 0 0 0 0 0 0 0 0 0 0 0 0 0 0 0 0 0 0 0 0 0 0 28 28 28 28 28 
0 0 0 0 0 0 0 22 23 24 0 0 0 0 0 0 0 0 0 0 0 0 0 0 0 0 0 0 0 0 0 0 0 0 0 0 0 0 0 0 
0 0 0 0 0 0 0 28 28 28 0 0 0 0 0 0 0 0 0 0 0 0 0 0 0 0 0 0 0 0 0 0 0 0 0 0 0 0 0 0 
0 0 0 0 0 0 0 28 28 28 0 0 0 0 0 0 0 0 0 0 0 0 0 0 0 0 0 0 0 0 0 0 0 0 0 0 0 0 0 0 
0 0 0 0 0 0 0 28 28 28 0 0 0 0 0 0 0 0 0 0 0 0 0 0 0 0 0 0 0 0 0 0 0 0 0 0 0 0 0 0 
0 8 8 8 0 0 0 28 28 28 0 0 0 0 0 0 0 0 0 0 0 0 0 0 0 0 0 0 0 0 0 0 0 0 0 0 0 0 0 0 
0 17 18 19 0 0 0 0 28 28 0 0 0 0 0 0 0 0 0 0 0 0 0 0 0 0 0 0 0 0 0 0 0 0 0 0 0 0 0 0 
0 22 23 24 0 0 0 0 28 28 0 0 0 0 0 0 0 0 0 0 0 0 0 0 0 0 0 0 0 0 0 0 0 0 0 0 0 0 0 0 
0 28 28 28 0 0 0 0 28 28 0 0 0 0 0 0 0 0 0 0 0 0 0 0 0 0 0 0 0 0 0 0 0 0 0 0 0 0 0 0 
0 28 28 28 0 0 0 0 28 28 0 0 0 0 0 0 0 0 0 0 0 0 0 0 0 0 0 0 0 0 0 0 0 0 0 0 0 0 0 0 
0 28 28 28 0 0 0 0 28 28 0 0 0 0 0 0 0 0 0 0 0 0 0 0 0 0 0 0 0 0 0 0 0 0 0 0 0 0 0 0 
0 28 28 28 0 0 0 0 28 28 0 0 0 0 0 0 0 0 0 0 0 0 0 0 0 0 0 0 0 0 0 0 0 0 0 8 8 8 0 0 
0 0 28 28 0 0 0 0 0 0 0 0 0 0 0 0 0 0 0 0 0 0 0 0 0 0 0 0 0 0 0 0 0 0 0 17 18 19 0 0 
0 0 28 28 0 0 0 0 0 0 0 0 0 0 0 0 0 0 0 0 0 0 0 0 0 0 0 0 0 0 0 0 0 0 0 22 23 24 0 0 
0 0 28 28 0 0 0 0 0 0 0 0 0 0 0 0 0 0 0 0 0 0 0 0 0 0 0 0 0 0 0 0 0 0 0 28 28 28 0 0 
0 0 28 28 0 0 0 0 0 0 0 0 0 0 0 0 0 0 0 0 0 0 0 0 0 0 0 0 0 0 0 0 0 0 0 28 28 28 0 0 
0 0 28 28 0 0 0 0 0 0 0 0 0 0 0 0 0 0 0 0 0 0 0 0 0 0 0 0 0 0 0 0 0 0 0 28 28 28 0 0 
0 0 28 28 0 0 0 0 0 0 0 0 0 0 0 0 0 0 0 0 0 0 0 0 0 0 0 0 0 8 8 8 0 0 0 28 28 28 0 0 
0 0 0 0 0 0 0 0 0 0 0 0 0 0 0 0 0 0 0 0 0 0 0 0 0 0 0 0 0 17 18 19 0 0 0 0 28 28 0 0 
0 0 0 0 0 0 0 0 0 0 0 0 0 0 0 0 0 0 0 0 0 0 0 0 0 0 0 0 0 22 23 24 0 0 0 0 28 28 0 0 
0 0 0 0 0 0 0 0 0 0 0 0 0 0 0 0 0 0 0 0 0 0 0 0 0 0 0 0 0 28 28 28 0 0 0 0 28 28 0 0 
0 0 0 0 0 0 0 0 0 0 0 0 0 0 0 0 0 0 0 0 0 0 0 0 0 0 0 0 0 28 28 28 0 0 0 0 28 28 0 0 
0 0 0 0 0 0 0 0 0 0 0 0 0 0 0 0 0 0 0 0 0 0 0 0 0 0 0 0 0 28 28 28 0 0 0 0 28 28 0 0 
0 0 0 0 0 0 0 0 0 0 0 0 0 0 0 0 0 0 0 0 0 0 0 0 0 0 0 0 0 28 28 28 0 0 0 0 28 28 0 0 
0 0 0 0 0 0 0 0 0 0 0 0 0 0 0 0 0 0 0 0 0 0 0 0 0 0 0 0 0 0 28 28 0 0 0 0 0 0 0 0 
0 0 0 0 0 0 0 8 8 8 8 8 8 8 8 0 0 0 0 0 0 0 0 0 0 0 0 0 0 0 28 28 0 0 0 0 0 0 0 0 
0 0 0 0 0 0 0 17 18 18 18 18 18 18 19 10 0 0 0 0 0 0 0 0 0 0 0 0 0 0 28 28 0 0 0 0 0 0 0 0 
0 0 0 0 0 0 0 22 23 23 23 23 23 23 24 10 0 0 0 0 0 0 0 0 0 0 28 28 0 0 28 28 0 0 0 0 0 0 0 0 
0 0 0 0 0 0 0 7 7 7 7 28 28 28 28 0 0 0 0 0 0 0 0 0 0 0 28 28 0 0 28 28 0 0 0 0 0 0 0 0 
0 0 0 0 0 0 0 28 28 28 28 28 28 28 28 0 0 0 0 0 0 0 0 28 28 28 28 28 0 0 28 28 0 0 0 0 0 0 0 0 
0 0 0 0 0 0 0 28 28 28 28 28 28 28 28 0 0 0 0 0 0 0 0 28 28 28 28 28 0 0 0 0 0 0 0 0 0 0 0 0 
0 0 0 0 0 0 0 28 28 28 28 28 28 28 28 0 0 0 0 0 0 28 28 28 28 28 28 28 0 0 0 0 0 0 0 0 0 0 0 0 
0 0 0 0 0 0 0 0 0 28 28 28 28 28 28 0 0 0 0 0 0 28 28 28 28 28 28 28 0 0 0 0 0 0 0 0 0 0 0 0 
0 0 0 0 0 0 0 0 0 28 28 28 28 28 28 0 0 0 0 0 0 28 28 28 28 28 28 28 0 0 0 0 0 0 0 0 0 0 0 0 
0 0 0 0 0 0 0 0 0 0 0 28 28 28 28 0 0 0 0 28 28 28 28 28 28 28 28 28 0 0 0 0 0 0 0 0 0 0 0 0 
0 0 0 0 0 0 0 0 0 0 0 28 28 28 28 0 0 0 0 28 28 28 28 28 28 28 28 28 0 0 0 0 0 0 0 0 0 0 0 0 
0 0 0 0 0 0 0 0 0 0 0 0 0 28 28 0 0 0 0 28 28 28 28 28 28 28 28 28 0 0 0 0 0 0 0 0 0 0 0 0 
0 0 0 0 0 0 0 0 0 0 0 0 0 28 28 0 0 0 0 28 28 28 28 28 6 6 6 6 0 0 0 0 0 0 0 0 0 0 0 0 
0 0 0 0 0 0 0 0 0 0 0 0 0 0 0 0 0 0 11 17 18 18 18 18 18 18 18 19 0 0 0 0 0 0 0 0 0 0 0 0 
0 0 0 0 0 0 0 0 0 0 0 0 0 0 0 0 0 0 11 22 23 23 23 23 23 23 23 24 0 0 0 0 0 0 0 0 0 0 0 0 
0 0 0 0 0 0 0 0 0 0 0 0 0 0 0 0 0 0 0 28 28 28 28 28 7 7 7 7 0 0 0 0 0 0 0 0 0 0 0 0 
0 0 0 0 0 0 0 0 0 0 0 0 0 0 0 0 0 0 0 28 28 28 28 28 28 28 28 28 0 0 0 0 0 0 0 0 0 0 0 0 
0 0 0 0 0 0 0 0 0 0 0 0 0 0 0 0 0 0 0 28 28 28 28 28 28 28 28 28 0 0 0 0 0 0 0 0 0 0 0 0 
0 0 0 0 0 0 0 0 0 0 0 0 0 0 0 0 0 0 0 28 28 28 28 28 28 28 28 28 0 0 0 0 0 0 0 0 0 0 0 0 
0 0 0 0 0 0 0 0 0 0 0 0 0 0 0 0 0 0 0 0 28 28 28 28 28 28 28 28 0 0 0 0 0 0 0 0 0 0 0 0 
0 0 0 0 0 0 0 0 0 0 0 0 0 0 0 0 0 0 0 0 28 28 28 28 28 28 28 28 0 0 0 0 0 0 0 0 0 0 0 0 
0 0 0 0 0 0 0 0 0 0 0 0 0 0 0 0 0 0 0 0 28 28 28 28 28 28 28 28 0 0 0 0 0 0 0 0 0 0 0 0 
0 0 0 0 0 0 0 0 0 0 0 0 0 0 0 0 0 0 0 0 28 28 28 28 28 28 28 28 0 0 0 0 0 0 0 0 0 0 0 0 
0 0 0 0 0 0 0 0 0 0 0 0 0 0 17 18 19 0 0 0 0 0 28 28 28 28 28 28 0 0 0 0 0 0 0 0 0 0 0 0 
0 0 0 0 0 0 0 0 0 0 0 0 0 0 22 23 24 0 0 0 0 0 28 28 28 28 28 28 0 0 0 0 0 0 0 0 0 0 0 0 
0 0 0 0 0 0 0 0 0 0 0 0 0 0 7 7 7 0 0 0 0 0 0 0 0 0 0 0 0 0 0 0 0 0 0 0 0 0 0 0 
0 0 0 0 0 0 0 0 0 0 0 0 0 0 28 28 28 0 0 0 0 0 0 0 0 0 0 0 0 0 0 0 0 0 0 0 0 0 0 0 
0 0 0 0 0 0 0 0 0 0 0 0 0 0 28 28 28 0 0 0 0 0 0 0 0 0 0 0 0 0 0 0 0 0 0 0 0 0 0 0 
0 0 0 0 0 0 0 0 0 0 0 0 0 0 28 28 28 0 0 0 0 0 0 0 0 0 8 8 8 8 0 0 0 0 0 0 0 0 0 0 
0 0 0 0 0 0 0 0 0 0 0 0 0 0 0 28 28 0 0 0 0 0 0 0 0 0 17 18 18 19 0 0 0 0 0 0 0 0 0 0 
0 0 0 0 0 0 0 0 0 0 0 0 0 0 0 28 28 0 0 0 0 0 0 0 0 0 22 23 23 24 0 0 0 0 0 0 0 0 0 0 
0 0 0 0 0 0 0 0 0 0 0 0 0 0 0 0 0 0 0 0 0 0 0 0 0 0 28 28 28 28 0 0 0 0 0 0 0 0 0 0 
0 0 0 0 0 0 0 0 0 0 0 0 0 0 0 0 0 0 0 0 0 0 0 0 0 0 28 28 28 28 0 0 0 0 0 0 0 0 0 0 
8 8 0 0 0 0 0 0 0 0 0 0 0 0 0 0 0 0 0 0 0 0 0 0 0 0 28 28 28 28 0 0 8 8 8 8 8 8 8 8 
18 19 0 0 0 0 0 0 0 0 0 0 0 0 0 0 0 0 0 0 0 0 0 0 0 0 28 28 28 28 0 0 17 18 18 18 18 18 18 18 
12 21 8 8 8 8 8 8 0 0 0 0 0 0 0 0 0 0 0 0 0 0 0 0 0 0 28 28 28 28 0 0 22 23 23 23 23 23 14 12 
12 15 18 18 18 18 18 19 0 0 0 0 0 0 0 0 0 0 0 0 0 0 0 0 0 0 28 28 28 28 0 0 28 28 28 28 28 28 20 12 
12 12 12 12 12 12 12 21 8 8 8 0 0 0 0 0 0 0 0 0 0 0 0 0 0 0 28 28 28 28 0 0 28 28 28 28 28 28 20 12 
12 12 12 12 12 12 12 15 18 18 19 0 0 0 0 0 0 0 0 0 0 0 0 0 0 0 28 28 28 28 0 0 28 28 28 28 28 28 20 12 
23 23 14 12 12 12 12 12 12 12 21 0 0 0 0 0 0 0 0 0 0 0 0 0 0 0 28 28 28 28 0 0 28 28 28 28 28 28 22 23 
28 28 20 12 12 12 12 12 12 12 21 0 0 0 0 0 0 0 0 0 0 0 0 0 0 0 0 0 28 28 0 0 0 0 28 28 28 28 28 28 
28 28 22 23 23 23 23 14 12 12 21 0 0 0 0 0 0 0 0 0 0 0 0 0 0 0 0 0 28 28 0 0 0 0 28 28 28 28 28 28 
28 28 28 28 28 28 28 20 12 12 21 0 0 0 0 0 0 0 0 0 0 0 0 0 0 0 0 0 28 28 0 0 0 0 0 0 28 28 28 28 
28 28 28 28 28 28 28 20 12 12 21 0 0 0 0 0 0 0 0 0 0 0 0 0 0 0 0 0 28 28 0 0 0 0 0 0 28 28 28 28 
28 28 28 28 28 28 28 20 12 12 21 0 0 0 0 0 0 0 0 0 0 0 0 0 0 0 0 0 28 28 0 0 0 0 0 0 0 0 28 28 
28 28 28 28 28 28 28 22 23 23 24 0 0 0 0 0 0 0 0 0 0 0 0 0 0 0 0 0 28 28 0 0 0 0 0 0 0 0 28 28 
0 0 0 0 0 28 28 28 28 28 28 0 0 0 0 0 0 0 0 0 0 0 0 0 0 0 0 0 0 0 0 0 0 0 0 0 0 0 0 0 
0 0 0 0 0 28 28 28 28 28 28 0 0 0 0 0 0 0 0 0 0 0 0 0 0 0 0 0 0 0 0 0 0 0 0 0 0 0 0 0 
0 0 0 0 0 0 0 28 28 28 28 0 0 0 0 0 0 0 0 0 0 0 0 0 0 0 0 0 0 0 0 0 0 0 0 0 0 0 0 0 
0 0 0 0 0 0 0 28 28 28 28 0 0 0 0 0 0 0 0 0 0 0 0 0 0 0 0 0 0 0 0 0 0 0 0 0 0 0 0 0 
0 0 0 0 0 0 0 28 28 28 28 0 0 0 0 0 0 0 0 0 0 0 0 0 0 0 0 0 0 0 0 0 0 0 0 0 0 0 0 0 
0 0 0 0 0 0 0 28 28 28 28 0 0 0 0 0 0 0 0 0 0 0 0 0 0 0 0 0 0 0 0 0 0 0 0 0 0 0 0 0 
8 8 8 0 0 0 0 0 0 28 28 0 0 0 0 0 0 0 0 0 0 0 0 0 0 0 0 0 0 0 0 0 0 0 0 0 0 8 8 8 
18 18 19 0 0 0 0 0 0 0 0 0 0 0 0 0 0 0 0 0 0 0 0 0 0 0 0 0 0 0 0 0 0 0 0 0 0 17 18 18 
12 12 21 0 0 0 0 0 0 0 0 0 0 0 0 0 0 0 0 8 8 8 8 8 8 8 0 0 0 0 0 0 0 0 0 0 0 20 12 12 
12 12 21 28 28 0 0 0 0 0 0 0 0 0 0 0 0 0 0 17 18 18 18 18 18 19 0 0 0 0 0 0 0 0 0 0 0 20 12 12 
12 12 21 28 28 0 0 0 0 0 0 0 0 0 0 0 0 0 0 22 23 23 23 23 23 24 0 0 0 0 0 0 0 0 0 0 0 20 12 12 
12 12 21 28 28 28 28 28 28 0 0 0 0 0 0 0 0 0 0 28 28 28 28 28 28 28 0 0 0 0 0 0 0 0 0 0 0 20 12 12 
12 12 21 28 28 28 28 28 28 0 0 0 0 0 0 0 0 0 0 28 28 28 28 28 28 28 0 0 0 0 0 0 0 0 0 0 0 20 12 12 
12 12 21 28 28 28 28 28 28 28 28 0 0 0 0 0 0 0 0 28 28 28 28 28 28 28 0 0 0 0 0 0 0 0 0 0 0 20 12 12 
12 12 21 6 6 6 6 6 6 28 28 0 0 0 0 0 0 0 0 0 0 28 28 28 28 28 0 0 0 0 0 0 0 0 0 0 0 20 12 12 
12 12 15 18 18 18 18 18 19 28 28 0 0 0 0 0 0 0 0 0 0 28 28 28 28 28 0 0 0 0 0 8 8 8 8 8 8 20 12 12 
12 12 12 12 12 12 12 12 21 28 28 0 0 0 0 0 0 0 0 0 0 0 0 28 28 28 0 0 0 0 0 17 18 18 18 18 18 16 12 12 
12 12 12 12 12 12 12 12 21 0 0 0 0 0 0 0 0 0 0 0 0 0 0 28 28 28 0 0 0 0 0 20 12 12 12 12 12 12 12 12 
12 12 12 12 12 12 12 12 21 0 0 0 0 0 0 0 0 0 0 0 0 0 0 0 0 0 0 0 0 8 8 20 12 12 12 12 12 12 12 12 
12 12 12 12 12 12 12 12 21 0 0 0 0 0 0 0 0 0 0 0 0 0 0 0 0 0 0 28 28 17 18 16 12 12 12 12 12 12 12 12 
12 12 12 12 12 12 12 12 21 0 0 0 0 0 0 0 0 0 0 0 0 0 0 0 0 0 0 28 28 22 23 14 12 12 12 12 12 12 12 12 
12 12 12 12 12 12 12 12 21 0 0 0 0 0 0 0 0 0 0 0 0 0 0 0 0 0 0 28 28 28 28 20 12 12 12 12 12 12 12 12 
12 12 12 12 12 12 12 12 21 0 0 0 0 0 0 0 0 0 0 0 0 0 0 0 0 0 0 28 28 28 28 20 12 12 12 12 12 12 12 12 
12 12 12 12 12 12 12 12 21 0 0 0 0 0 0 0 0 0 0 0 0 0 0 0 0 0 0 0 0 0 0 20 12 12 12 12 12 12 12 12 
12 12 12 12 12 12 12 12 21 0 0 0 0 0 0 0 0 0 0 0 0 0 0 0 0 0 0 0 0 0 0 20 12 12 12 12 12 12 12 12 
12 12 12 12 12 12 12 12 21 0 0 0 0 0 0 0 0 0 0 0 0 0 0 0 0 0 0 0 0 0 0 20 12 12 12 12 12 12 12 12 
12 12 12 12 12 12 12 12 21 0 0 0 0 0 0 0 0 0 0 0 0 0 0 0 0 0 0 0 0 0 0 20 12 12 12 12 12 12 12 12 
12 12 12 12 12 12 12 12 21 0 0 0 0 0 0 0 0 0 0 0 0 0 0 0 0 0 0 0 0 0 0 20 12 12 12 12 12 12 12 12 
12 12 12 12 12 12 12 12 21 0 0 0 0 0 0 0 0 0 0 28 28 28 28 28 28 28 0 0 0 0 0 20 12 12 12 12 12 12 12 12 
12 12 12 12 12 12 12 12 21 0 0 0 0 0 0 0 0 0 0 0 28 28 28 28 28 28 0 0 0 0 0 20 12 12 12 12 12 12 12 12 
12 12 12 12 12 12 12 12 21 0 0 0 0 0 0 0 0 0 0 0 0 28 28 28 28 28 0 0 0 0 0 20 12 12 12 12 12 12 12 12 
12 12 12 12 12 12 12 12 21 0 0 0 0 0 0 0 0 0 0 0 0 28 28 28 28 28 0 0 0 0 0 20 12 12 12 12 12 12 12 12 
12 12 12 12 12 12 12 12 21 0 0 0 0 0 0 0 0 0 0 0 28 28 28 28 28 28 0 0 0 0 0 20 12 12 12 12 12 12 12 12 
12 12 12 12 12 12 12 12 21 0 0 0 0 0 0 0 0 0 0 28 28 28 0 0 28 28 0 0 0 0 0 20 12 12 12 12 12 12 12 12 
12 12 12 12 12 12 12 12 21 0 0 0 0 0 0 0 0 0 28 28 28 0 0 0 0 28 0 0 0 0 0 20 12 12 12 12 12 12 12 12 
12 12 12 12 12 12 12 12 21 0 0 0 0 0 0 0 0 28 28 28 0 0 0 0 0 0 0 0 0 28 28 20 12 12 12 12 12 12 12 12 
12 12 12 12 12 12 12 12 21 0 0 0 0 0 0 0 28 28 28 0 0 0 0 0 0 0 0 0 0 28 28 20 12 12 12 12 12 12 12 12 
12 12 12 12 12 12 12 12 21 0 0 0 0 0 0 28 28 28 0 0 0 0 0 0 0 0 0 0 0 28 28 20 12 12 12 12 12 12 12 12 
12 12 12 12 12 12 12 12 21 0 0 0 0 0 0 28 28 0 0 0 0 0 0 0 0 0 0 0 0 28 28 20 12 12 12 12 12 12 12 12 
12 12 12 12 12 12 12 12 21 0 0 0 0 0 0 0 0 0 0 0 0 0 0 0 0 0 0 0 0 28 28 20 12 12 12 12 12 12 12 12 
12 12 12 12 12 12 12 12 21 0 0 0 0 0 0 0 0 0 0 0 0 0 0 0 0 0 0 0 0 28 28 20 12 12 12 12 12 12 12 12 
12 12 12 12 12 12 12 12 21 0 0 0 0 0 0 0 0 0 0 0 0 0 0 0 0 0 0 28 28 28 28 20 12 12 12 12 12 12 12 12 
12 12 12 12 12 12 12 12 21 0 0 0 0 0 0 0 0 0 0 0 0 0 0 0 0 0 0 28 28 28 28 20 12 12 12 12 12 12 12 12 
12 12 12 12 12 12 12 12 21 0 0 0 0 0 0 0 0 0 0 0 0 0 0 0 0 0 0 28 28 28 28 20 12 12 12 12 12 12 12 12 
12 12 12 12 12 12 12 12 21 0 0 0 0 0 0 0 0 0 0 0 0 0 0 0 0 0 0 28 28 28 28 20 12 12 12 12 12 12 12 12 
12 12 12 12 12 12 12 12 21 0 0 0 0 0 0 0 0 0 0 0 0 0 0 0 0 28 28 28 28 28 28 20 12 12 12 12 12 12 12 12 
12 12 12 12 12 12 12 12 21 8 8 0 0 0 0 0 0 0 0 0 0 0 0 0 0 28 28 28 28 28 28 20 12 12 12 12 12 12 12 12 
12 12 12 12 12 12 12 12 15 18 19 0 0 0 0 0 0 0 0 0 0 0 0 0 0 28 28 28 28 28 28 20 12 12 12 12 12 12 12 12 
12 12 12 12 12 12 12 12 13 23 24 0 0 0 0 0 0 0 0 0 0 0 0 0 0 28 28 28 28 28 28 20 12 12 12 12 12 12 12 12 
12 12 12 12 12 12 12 12 21 0 0 0 0 0 0 0 0 0 0 0 0 0 0 28 28 28 28 28 28 28 28 20 12 12 12 12 12 12 12 12 
12 12 12 12 12 12 12 12 21 0 0 0 0 0 0 0 0 0 0 0 0 0 0 28 28 28 28 28 28 28 28 20 12 12 12 12 12 12 12 12 
12 12 12 12 12 12 12 12 21 0 0 0 0 0 0 0 0 0 0 0 0 0 0 28 28 28 28 28 28 28 28 20 12 12 12 12 12 12 12 12 
12 12 12 12 12 12 12 12 21 0 0 0 0 0 0 0 0 0 0 0 0 0 0 28 28 28 28 28 28 28 28 20 12 12 12 12 12 12 12 12 
12 12 12 12 12 12 12 12 21 0 0 0 0 0 0 0 0 0 0 0 0 28 28 28 28 28 28 28 28 28 28 20 12 12 12 12 12 12 12 12 
12 12 12 12 12 12 12 12 21 0 0 0 0 0 0 0 0 0 0 0 0 28 28 28 28 28 28 28 28 28 28 20 12 12 12 12 12 12 12 12 
12 12 12 12 12 12 12 12 21 0 0 0 0 0 0 0 0 0 0 0 0 28 28 28 28 28 28 28 28 28 28 20 12 12 12 12 12 12 12 12 
12 12 12 12 12 12 12 12 21 0 0 0 0 0 0 0 0 0 0 0 0 28 28 28 28 28 28 28 28 28 28 20 12 12 12 12 12 12 12 12 
12 12 12 12 12 12 12 12 21 0 0 0 0 0 0 0 0 0 0 28 28 28 28 28 28 28 28 28 28 28 28 20 12 12 12 12 12 12 12 12 
12 12 12 12 12 12 12 12 21 8 8 0 0 0 0 0 0 0 0 28 28 28 28 28 28 28 28 28 28 28 28 20 12 12 12 12 12 12 12 12 
12 12 12 12 12 12 12 12 15 18 19 0 0 0 0 0 0 0 0 28 28 28 28 28 28 28 28 28 28 28 28 20 12 12 12 12 12 12 12 12 
12 12 12 12 12 12 12 12 13 23 24 0 0 0 0 0 0 0 0 28 28 28 28 28 28 28 28 28 28 28 28 20 12 12 12 12 12 12 12 12 
12 12 12 12 12 12 12 12 21 0 0 0 0 0 8 8 8 8 8 6 6 6 6 6 6 6 6 6 6 6 6 20 12 12 12 12 12 12 12 12 
12 12 12 12 12 12 12 12 21 0 0 0 0 0 17 18 18 18 18 18 18 18 18 18 18 18 18 18 18 18 18 16 12 12 12 12 12 12 12 12 
12 12 12 12 12 12 12 12 21 0 0 0 0 0 20 12 12 12 12 12 12 12 12 12 12 12 12 12 12 12 12 12 12 12 12 12 12 12 12 12 
12 12 12 12 12 12 12 12 21 0 0 0 0 0 20 12 12 12 12 12 12 12 12 12 12 12 12 12 12 12 12 12 12 12 12 12 12 12 12 12 
12 12 12 12 12 12 12 12 21 0 0 0 0 0 20 12 12 12 12 12 12 12 12 12 12 12 12 12 12 12 12 12 12 12 12 12 12 12 12 12 
12 12 12 12 12 12 12 12 21 0 0 0 0 0 20 12 12 12 12 12 12 12 12 12 12 12 12 12 12 12 12 12 12 12 12 12 12 12 12 12 
12 12 12 12 12 12 12 12 21 0 0 0 0 0 20 12 12 12 12 12 12 12 12 12 12 12 12 12 12 12 12 12 12 12 12 12 12 12 12 12 
12 12 12 12 12 12 12 12 21 0 0 0 0 0 20 12 12 12 12 12 12 12 12 12 12 12 12 12 12 12 12 12 12 12 12 12 12 12 12 12 
12 12 12 12 12 12 12 12 21 0 0 0 0 0 20 12 12 12 12 12 12 12 12 12 12 12 12 12 12 12 12 12 12 12 12 12 12 12 12 12 
12 12 12 12 12 12 12 12 21 8 8 0 0 0 20 12 12 12 12 12 12 12 12 12 12 12 12 12 12 12 12 12 12 12 12 12 12 12 12 12 
12 12 12 12 12 12 12 12 15 18 19 0 0 0 20 12 12 12 12 12 12 12 12 12 12 12 12 12 12 12 12 12 12 12 12 12 12 12 12 12 
12 12 12 12 12 12 12 12 13 23 24 0 0 0 20 12 12 12 12 12 12 12 12 12 12 12 12 12 12 12 12 12 12 12 12 12 12 12 12 12 
12 12 12 12 12 12 12 12 21 0 0 0 0 0 20 12 12 12 12 12 12 12 12 12 12 12 12 12 12 12 12 12 12 12 12 12 12 12 12 12 
12 12 12 12 12 12 12 12 21 0 0 0 0 0 20 12 12 12 12 12 12 12 12 12 12 12 12 12 12 12 12 12 12 12 12 12 12 12 12 12 
12 12 12 12 12 12 12 12 21 0 0 0 0 0 20 12 12 12 12 12 12 12 12 12 12 12 12 12 12 12 12 12 12 12 12 12 12 12 12 12 
12 12 12 12 12 12 12 12 21 0 0 0 0 0 20 12 12 12 12 12 12 12 12 12 12 12 12 12 12 12 12 12 12 12 12 12 12 12 12 12 
12 12 12 12 12 12 12 12 21 0 0 0 0 0 20 12 12 12 12 12 12 12 12 12 12 12 12 12 12 12 12 12 12 12 12 12 12 12 12 12 
12 12 12 12 12 12 12 12 21 0 0 0 0 0 20 12 12 12 12 12 12 12 12 12 12 12 12 12 12 12 12 12 12 12 12 12 12 12 12 12 
12 12 12 12 12 12 12 12 21 0 0 0 0 0 20 12 12 12 12 12 12 12 12 12 12 12 12 12 12 12 12 12 12 12 12 12 12 12 12 12 
12 12 12 12 12 12 12 12 21 0 0 0 8 8 20 12 12 12 12 12 12 12 12 12 12 12 12 12 12 12 12 12 12 12 12 12 12 12 12 12 
12 12 12 12 12 12 12 12 21 0 0 0 17 18 16 12 12 12 12 12 12 12 12 12 12 12 12 12 12 12 12 12 12 12 12 12 12 12 12 12 
12 13 23 23 23 23 23 14 21 0 0 0 20 12 12 12 13 23 14 12 12 12 12 12 12 12 12 12 12 12 12 12 12 12 12 12 12 12 12 12 
12 21 9 9 9 9 9 20 21 0 0 0 20 12 12 12 21 9 22 14 12 12 12 12 12 12 12 12 12 12 12 12 12 12 12 12 12 12 12 12 
12 21 0 0 0 0 0 20 21 0 0 0 20 12 12 12 21 0 9 22 14 12 12 12 12 12 12 12 12 12 12 12 12 12 12 12 12 12 12 12 
12 21 0 0 0 0 0 20 21 0 0 0 22 23 23 23 24 0 0 9 22 14 12 12 12 12 12 12 12 12 12 12 12 12 12 12 12 12 12 12 
12 21 0 0 0 0 0 20 21 0 0 0 0 0 0 0 0 0 0 0 9 20 12 12 12 12 12 12 12 12 12 12 12 13 23 23 23 23 14 12 
23 24 0 0 0 0 0 20 21 0 0 0 0 0 0 0 0 0 0 0 0 20 12 12 12 12 12 12 12 12 12 12 12 21 0 0 0 0 22 23 
0 0 0 0 0 0 0 20 21 0 0 0 0 0 0 0 0 0 0 0 0 20 12 12 12 12 12 12 12 12 12 12 12 21 0 0 0 0 0 0 
0 0 0 0 0 0 0 22 24 0 0 0 0 0 0 0 0 0 0 0 0 22 23 23 23 23 14 12 12 12 12 12 12 21 0 0 0 0 0 0 
0 0 0 0 0 0 0 0 0 0 0 0 0 0 0 0 0 0 0 0 0 0 0 0 0 0 20 12 12 12 12 12 12 21 0 0 0 0 0 0 
18 18 18 19 0 0 0 0 0 0 0 0 0 0 0 0 0 0 0 0 0 0 0 0 0 0 20 12 12 12 12 12 12 15 19 0 0 17 18 18 
12 12 12 21 0 0 0 0 0 0 0 0 0 0 0 0 0 0 0 0 0 0 0 0 0 0 20 12 12 12 12 12 12 13 24 0 0 20 12 12 
12 12 12 15 18 18 18 18 18 18 18 19 0 0 0 0 0 0 0 0 0 0 0 0 0 0 20 12 12 12 12 12 12 21 0 0 0 20 12 12 
12 12 12 12 12 12 12 12 12 12 12 21 0 0 0 0 0 0 0 0 0 0 0 0 0 0 20 12 12 12 12 12 12 21 0 0 0 20 12 12 
12 12 12 12 12 12 12 12 12 12 12 21 8 0 0 0 0 0 0 0 0 0 0 0 0 0 22 23 23 23 23 14 12 21 0 0 0 20 12 12 
12 12 12 12 12 12 12 12 12 12 12 15 19 8 0 0 0 0 0 0 0 0 0 0 0 0 0 0 0 0 11 20 12 21 0 0 17 16 12 12 
12 12 12 12 12 12 12 12 12 12 12 12 15 19 8 0 0 17 18 18 18 19 0 0 0 0 0 0 0 0 11 20 12 21 0 0 22 23 23 14 
12 12 12 12 12 12 12 12 12 12 12 12 12 15 19 8 0 20 12 12 12 21 0 0 0 0 0 0 0 0 11 20 12 21 0 0 0 0 0 20 
12 12 12 12 12 12 12 12 12 12 12 12 12 12 15 19 8 20 12 12 12 21 8 8 8 8 0 0 0 0 11 20 12 21 0 0 0 0 0 20 
12 12 12 12 12 12 12 12 12 12 12 12 12 12 12 15 18 16 12 12 12 15 18 18 18 19 10 0 0 0 11 20 12 21 0 0 0 0 0 20 
23 23 23 23 14 12 12 12 12 12 12 12 12 12 12 12 12 12 12 12 12 12 12 12 12 21 10 0 0 0 11 20 12 21 0 0 0 0 0 22 
9 9 9 9 22 14 12 12 12 12 12 12 12 12 12 12 12 12 12 12 12 12 12 12 12 21 10 0 0 0 11 20 12 21 0 0 0 0 0 9 
0 0 0 0 11 22 14 12 12 12 12 12 12 12 12 12 12 12 12 12 12 12 12 12 12 21 10 0 0 0 11 20 12 21 0 0 0 0 0 0 
0 0 0 0 0 11 20 12 12 12 12 12 12 12 12 12 12 12 12 12 12 12 12 12 12 21 10 0 0 0 11 20 12 15 18 18 19 0 0 0 
0 0 0 0 0 11 22 14 12 12 12 12 12 12 12 12 12 12 12 12 12 12 12 12 12 21 10 0 0 0 11 20 12 12 12 13 24 0 0 0 
0 0 0 0 0 0 11 20 12 13 23 23 23 23 23 23 23 23 14 12 12 12 12 12 12 21 10 0 0 0 11 20 12 12 13 24 0 0 0 0 
0 0 0 0 0 0 11 20 13 24 9 9 9 9 9 9 9 9 20 12 12 12 12 12 12 21 10 0 0 0 11 20 12 12 21 10 0 0 0 0 
0 0 0 0 0 0 11 20 21 10 0 0 0 0 0 0 0 0 20 12 12 12 12 12 12 21 10 0 0 0 11 20 12 12 21 10 0 0 0 0 
0 0 0 0 0 0 11 20 21 10 0 0 0 0 0 0 0 0 22 23 23 23 23 23 23 24 10 0 0 0 11 20 12 12 21 10 0 0 0 0 
0 0 0 0 0 0 11 20 21 10 0 0 0 0 0 0 0 0 0 0 0 0 0 0 0 0 0 0 0 0 11 20 12 12 21 10 0 0 0 0 
0 0 0 0 0 0 11 20 21 10 0 0 0 0 0 0 0 0 0 0 0 0 0 0 0 0 0 0 0 0 11 20 12 12 21 10 0 0 0 0 
0 0 0 0 0 0 11 20 21 10 0 0 0 0 0 0 0 0 0 0 0 0 0 0 0 0 0 0 0 0 11 20 12 12 21 10 0 0 0 0 
0 0 0 0 0 0 11 20 21 10 0 0 0 28 28 28 28 28 28 28 0 0 0 0 0 0 0 0 0 0 11 20 12 12 21 10 0 0 0 0 
0 0 0 0 0 0 11 20 21 10 0 0 0 28 28 28 28 28 28 28 0 0 0 0 0 0 0 0 0 0 17 16 12 12 21 10 0 0 0 0 
0 0 0 0 0 0 11 20 21 10 0 28 28 28 28 28 28 28 28 28 0 0 17 18 18 18 18 18 18 18 16 12 12 12 21 10 0 0 0 0 
0 0 0 0 0 0 17 16 21 10 0 28 28 28 28 28 28 28 28 28 0 0 20 12 12 12 12 12 12 12 12 12 12 12 21 10 0 0 0 0 
0 0 0 0 0 17 16 12 21 10 0 28 28 28 28 28 28 28 28 28 0 0 20 12 12 12 12 12 12 12 12 12 12 12 21 10 0 0 0 0 
0 0 0 0 0 22 14 12 15 19 8 6 6 6 6 6 6 6 28 28 0 0 20 12 12 12 12 12 12 12 12 12 12 12 21 10 0 0 0 0 
0 0 0 0 0 0 22 14 12 15 18 18 18 18 18 18 18 19 28 28 0 0 20 12 12 12 12 12 12 12 12 12 12 12 21 10 0 0 0 0 
0 0 0 0 0 0 11 20 12 12 12 12 12 12 12 12 12 21 28 28 0 0 20 12 12 12 12 12 12 12 12 12 12 12 21 10 0 0 0 0 
0 0 0 0 0 0 11 20 12 12 12 12 12 12 12 12 12 21 28 28 0 0 20 12 12 12 12 12 12 12 12 12 12 12 21 10 0 0 0 0 
0 0 0 0 0 0 11 20 12 12 12 12 12 12 12 12 12 21 28 28 0 0 20 12 12 12 12 12 12 12 12 12 12 12 21 10 0 0 0 0 
0 0 0 0 0 0 11 20 12 12 12 12 12 12 12 12 12 21 0 0 0 0 20 12 12 12 12 12 12 12 12 12 12 12 21 10 0 0 0 0 
0 0 0 0 0 0 11 20 12 12 12 12 12 12 12 12 12 21 0 0 0 0 20 12 12 12 12 12 12 12 12 12 12 12 21 10 0 0 0 0 
0 0 0 0 0 0 11 20 12 12 12 12 12 13 23 23 23 24 0 0 0 0 20 12 12 12 12 12 12 12 12 12 12 12 21 10 0 0 0 0 
0 0 0 0 0 0 11 20 12 13 23 23 23 24 28 28 0 0 0 0 0 0 20 12 12 12 12 12 12 12 12 12 12 12 15 19 0 0 0 0 
0 0 0 0 0 0 11 20 12 21 28 28 28 28 28 28 0 0 0 0 0 0 20 12 12 12 12 12 12 12 12 12 12 12 12 15 18 19 0 0 
18 18 19 0 0 0 11 20 12 21 28 28 28 28 28 28 0 0 0 0 0 0 20 12 12 12 12 12 12 13 23 23 23 23 14 12 12 15 18 18 
12 12 21 0 0 0 11 20 12 21 28 28 28 28 28 28 28 28 0 0 0 0 20 12 12 12 12 12 12 21 28 28 28 28 22 23 23 23 14 12 
23 23 24 0 0 0 11 20 12 21 28 28 28 28 28 28 28 28 0 0 0 0 20 12 12 12 12 12 12 21 28 28 28 28 0 0 0 0 22 23 
0 0 0 0 0 0 11 20 12 21 28 28 28 28 17 18 18 19 0 0 0 0 20 12 12 12 12 12 12 21 28 28 28 28 0 0 0 0 0 0 
0 0 0 0 0 0 11 20 12 21 28 28 28 28 20 12 12 15 18 18 18 18 16 12 12 12 12 12 12 21 28 28 28 28 0 0 0 0 0 0 
0 0 0 0 0 0 11 20 12 21 28 28 28 28 20 12 12 12 12 12 12 12 12 12 12 12 12 12 12 21 28 28 28 28 0 0 0 0 0 0 
0 0 0 0 0 0 11 20 12 21 28 28 28 28 22 23 23 23 14 12 12 12 12 12 12 12 12 12 12 21 28 28 28 28 0 0 0 0 0 0 
0 0 0 0 0 0 11 20 12 21 28 28 28 28 28 28 28 28 22 23 23 23 14 12 12 12 12 12 12 21 28 28 28 28 0 0 0 0 0 0 
0 0 0 0 0 0 11 20 12 21 28 28 28 28 28 28 28 28 28 28 0 0 22 23 23 23 14 12 12 21 28 28 28 28 17 18 18 19 0 0 
18 19 0 0 0 0 11 20 12 21 28 28 28 28 28 28 28 28 28 28 0 0 0 0 0 0 20 12 12 21 28 28 28 28 20 12 12 15 18 18 
12 15 18 18 18 18 18 16 12 21 28 28 28 28 28 28 28 28 28 28 0 0 0 0 0 0 20 12 12 21 28 28 28 28 20 12 12 12 12 12 
12 12 12 12 12 12 12 12 12 21 28 28 28 28 28 28 28 28 28 28 0 0 0 0 0 0 20 12 12 21 28 28 28 28 22 23 23 23 14 12 
23 23 14 12 12 12 12 12 12 15 18 18 18 19 28 28 28 28 28 28 0 0 0 0 0 0 20 12 12 21 28 28 28 28 0 0 0 0 22 23 
0 0 22 23 23 23 14 12 12 12 12 12 12 21 28 28 28 28 6 6 8 8 0 0 0 0 20 12 12 21 28 28 28 28 0 0 0 0 0 0 
0 0 0 0 0 0 22 23 23 23 14 12 12 21 28 28 28 28 17 18 18 19 0 0 0 0 20 12 12 21 28 28 28 28 0 0 0 0 0 0 
0 0 0 0 0 0 0 0 28 28 22 23 23 24 28 28 28 28 20 12 12 21 0 0 0 0 20 12 12 21 28 28 28 28 0 0 0 0 0 0 
0 0 0 0 0 0 0 0 28 28 28 28 28 28 28 28 28 28 20 12 12 21 0 0 0 0 20 12 12 21 6 6 6 6 0 0 0 0 0 0 
0 0 0 0 0 0 0 0 28 28 28 28 28 28 28 28 28 28 20 12 12 21 28 28 0 0 20 12 12 15 18 18 18 19 8 8 8 8 0 0 
8 8 0 0 0 0 0 0 28 28 28 28 28 28 28 28 28 28 20 12 12 21 28 28 0 0 20 12 12 12 12 12 12 15 18 18 18 19 8 8 
18 19 8 8 8 8 0 0 28 28 28 28 28 28 28 28 28 28 20 12 12 21 28 28 0 0 22 23 23 23 14 12 12 12 12 12 12 15 18 18 
12 15 18 18 18 19 0 0 28 28 28 28 28 28 28 28 28 28 20 12 12 21 28 28 0 0 0 0 0 0 22 23 23 23 14 12 12 12 12 12 
12 12 12 12 12 15 18 18 18 19 28 28 28 28 28 28 28 28 20 12 12 21 28 28 0 0 0 0 0 0 28 28 28 28 22 23 23 23 14 12 
12 12 12 12 12 12 12 12 12 15 18 18 18 19 28 28 28 28 20 12 12 21 28 28 0 0 0 0 0 0 28 28 28 28 28 28 28 28 20 12 
12 12 12 12 12 12 12 12 12 12 12 12 12 15 18 18 18 18 16 12 12 21 28 28 0 0 0 0 0 0 0 0 28 28 28 28 28 28 20 12 
12 12 12 12 12 12 12 12 12 12 12 12 12 12 12 12 12 12 12 12 12 21 6 6 8 8 0 0 0 0 0 0 28 28 28 28 28 28 20 12 
12 12 12 12 12 12 12 12 12 12 12 12 12 12 12 12 12 12 12 12 12 15 18 18 18 19 8 8 8 8 0 0 28 28 28 28 28 28 20 12 
12 12 12 12 12 12 12 12 12 12 12 12 12 12 12 12 12 12 12 12 12 12 12 12 12 15 18 18 18 19 0 0 28 28 28 28 28 28 20 12 
12 12 12 12 12 12 12 12 12 12 12 12 12 12 12 12 12 12 12 12 12 12 12 12 12 12 12 12 12 15 18 18 18 19 28 28 28 28 20 12 
12 12 12 12 12 12 12 12 12 12 12 12 12 12 12 12 12 12 12 12 12 12 12 12 12 12 12 12 12 12 12 12 12 21 28 28 28 28 20 12 
12 12 12 12 12 12 12 12 12 12 12 12 12 12 12 12 12 12 12 12 12 12 12 12 12 12 12 12 12 12 12 12 12 21 28 28 28 28 20 12 
12 12 12 12 12 12 12 12 12 12 12 12 12 12 12 12 12 12 12 12 12 12 12 12 12 12 12 12 12 12 12 12 12 21 28 28 28 28 20 12 
12 12 12 12 12 12 12 12 12 12 12 12 12 12 12 12 12 12 12 12 12 12 12 12 12 12 12 12 12 12 12 12 12 21 28 28 28 28 20 12 
23 23 23 23 23 23 23 23 23 23 23 23 23 23 23 23 23 23 23 23 23 23 23 23 23 23 23 23 23 23 23 23 14 21 28 28 28 28 22 23 
0 0 0 0 0 0 0 0 0 0 0 0 0 0 28 28 28 28 28 28 28 28 28 28 28 28 28 0 0 0 0 11 20 21 28 28 28 28 0 0 
0 0 0 0 0 0 0 0 0 0 0 0 0 0 28 28 28 28 28 28 28 28 28 28 28 28 28 0 0 0 0 11 20 21 28 28 28 28 0 0 
0 0 0 0 0 0 0 0 0 0 0 0 0 0 28 28 28 28 28 28 28 28 28 28 28 28 28 28 28 0 0 11 20 21 28 28 28 28 0 0 
0 0 0 0 0 0 0 0 0 0 0 0 0 0 28 28 28 28 28 28 28 28 28 28 28 28 28 28 28 0 0 11 20 21 28 28 28 28 0 0 
18 18 18 18 18 18 18 18 18 18 18 18 18 18 18 18 18 18 18 18 18 18 18 18 18 18 19 28 28 0 0 11 20 15 18 18 18 18 18 18 
12 12 12 13 23 23 23 23 23 23 23 23 23 23 23 23 23 23 23 23 23 23 23 23 23 23 24 28 28 0 0 11 20 12 12 12 12 12 12 12 
12 12 12 21 10 0 0 0 0 0 0 0 0 0 28 28 28 28 28 28 28 28 28 28 28 28 28 28 28 0 0 11 20 12 12 12 12 12 12 12 
12 12 12 21 10 0 0 0 0 0 0 0 0 0 28 28 28 28 28 28 28 28 28 28 28 28 28 28 28 0 0 11 20 12 12 12 12 12 12 12 
12 12 12 21 10 0 0 0 0 0 0 0 0 0 28 28 28 28 28 28 28 28 28 28 28 28 28 28 28 0 0 11 20 12 12 12 12 12 12 12 
12 12 12 21 10 0 0 0 0 0 0 0 0 0 28 28 28 28 28 28 28 28 28 28 28 28 28 28 28 0 0 11 20 12 12 12 12 12 12 12 
12 12 12 21 10 0 0 0 0 17 18 18 18 18 18 18 18 18 18 18 18 18 18 18 18 18 18 18 18 18 18 18 16 12 12 12 12 12 12 12 
12 12 12 21 10 0 0 0 0 22 23 23 23 23 23 23 23 23 23 23 23 23 23 23 23 23 23 23 23 23 23 23 14 12 12 12 12 12 12 12 
12 12 12 21 10 0 0 0 0 0 0 0 28 28 28 28 28 28 28 28 28 28 28 28 28 28 0 0 0 0 0 11 20 12 12 12 12 12 12 12 
12 12 12 21 10 0 0 0 0 0 0 0 28 28 28 28 28 28 28 28 28 28 28 28 28 28 0 0 0 0 0 11 20 12 12 12 12 12 12 12 
12 12 12 21 10 0 0 0 0 0 0 0 28 28 28 28 28 28 28 28 28 28 28 28 28 28 0 0 0 0 0 11 20 12 12 12 12 12 12 12 
12 12 12 21 10 0 0 0 0 0 0 0 28 28 28 28 28 28 28 28 28 28 28 28 28 28 0 0 0 0 0 11 20 12 12 12 12 12 12 12 
12 12 12 15 18 18 18 18 18 18 18 18 18 18 18 18 18 18 18 18 18 18 18 18 18 18 19 0 0 0 0 11 20 12 12 12 12 12 12 12 
12 12 12 12 12 12 12 13 23 23 23 23 23 23 23 23 23 23 23 23 23 23 23 23 23 23 24 0 0 0 0 11 20 12 12 12 12 12 12 12 
12 12 12 12 12 12 12 21 10 0 0 0 0 0 0 0 28 28 28 28 28 28 0 0 0 0 0 0 0 0 0 11 20 12 12 12 12 12 12 12 
12 12 12 12 12 12 12 21 10 0 0 0 0 0 0 0 28 28 28 28 28 28 0 0 0 0 0 0 0 0 0 11 20 12 12 12 12 12 12 12 
12 12 12 12 12 12 12 21 10 0 0 0 0 0 0 0 0 0 0 0 0 0 0 0 0 0 0 0 0 0 0 11 20 12 12 12 12 12 12 12 
12 12 12 12 12 12 12 21 10 0 0 0 0 0 0 0 0 0 0 0 0 0 0 0 0 0 0 0 0 0 0 11 20 12 12 12 12 12 12 12 
12 12 12 12 12 12 12 21 10 0 0 0 0 17 18 18 18 18 18 18 18 18 18 18 18 18 18 18 18 18 18 18 16 12 12 12 12 12 12 12 
12 12 12 12 12 12 12 21 10 0 0 0 0 22 23 23 23 23 23 23 23 23 23 23 23 23 23 14 12 12 12 12 12 12 12 12 12 12 12 12 
12 12 12 12 12 12 12 21 10 0 0 0 0 0 0 0 28 28 28 28 28 28 28 28 28 28 28 20 12 12 12 12 12 12 12 12 12 12 12 12 
12 12 12 12 12 12 12 21 10 0 0 0 0 0 0 0 28 28 28 28 28 28 28 28 28 28 28 20 12 12 12 12 12 12 12 12 12 12 12 12 
12 12 12 12 12 12 12 21 10 0 0 0 0 0 0 0 0 0 28 28 28 28 28 28 28 28 28 20 12 12 12 12 12 12 12 12 12 12 12 12 
12 12 12 12 12 12 12 21 10 0 0 0 0 0 0 0 0 0 28 28 28 28 28 28 28 28 28 20 12 12 12 12 12 12 12 12 12 12 12 12 
12 12 12 12 12 12 12 15 18 18 18 18 18 18 18 18 18 18 18 18 18 18 19 28 28 28 28 20 12 12 12 12 12 12 12 12 12 12 12 12 
12 12 12 12 12 12 12 12 12 12 12 12 13 23 23 23 23 23 23 23 23 23 24 28 28 28 28 20 12 12 12 12 12 12 12 12 12 12 12 12 
12 12 12 12 12 12 12 12 12 12 12 12 21 0 0 0 0 0 0 0 28 28 28 28 28 28 28 20 12 12 12 12 12 12 12 12 12 12 12 12 
12 12 12 12 12 12 12 12 12 12 12 12 21 0 0 0 0 0 0 0 28 28 28 28 28 28 28 20 12 12 12 12 12 12 12 12 12 12 12 12 
12 12 12 12 12 12 12 12 12 12 12 12 21 0 0 0 0 0 0 0 0 0 28 28 28 28 28 20 12 12 12 12 12 12 12 12 12 12 12 12 
12 12 12 12 12 12 12 12 12 12 12 12 21 0 0 0 0 0 0 0 0 0 28 28 28 28 28 20 12 12 12 12 12 12 12 12 12 12 12 12 
12 12 12 12 12 12 12 12 12 12 12 12 21 0 0 0 0 17 18 18 18 18 18 18 18 18 18 16 12 12 12 12 12 12 12 12 12 12 12 12 
12 12 12 12 12 12 12 12 12 12 12 12 21 0 0 0 0 22 23 23 23 23 14 12 12 12 12 12 12 12 12 12 12 12 12 12 12 12 12 12 
12 12 12 12 12 12 12 12 12 12 12 12 21 0 0 0 0 0 0 0 0 0 20 12 12 12 12 12 12 12 12 12 12 12 12 12 12 12 12 12 
12 12 12 12 12 12 12 12 12 12 12 12 21 0 0 0 0 0 0 0 0 0 20 12 12 12 12 12 12 12 12 12 12 12 12 12 12 12 12 12 
12 12 12 12 12 12 12 12 12 12 12 12 21 0 0 0 0 0 0 0 0 0 20 12 12 12 12 12 12 12 12 12 12 12 12 12 12 12 12 12 
12 12 12 12 12 12 12 12 12 12 12 12 21 0 0 0 0 0 0 0 0 0 22 23 23 23 23 23 23 14 12 12 12 12 12 12 12 12 12 12 
12 12 12 12 12 12 12 12 12 12 12 12 21 0 0 0 0 0 0 0 0 0 0 0 0 0 0 0 0 20 12 12 12 12 12 12 12 12 12 12 
12 12 12 12 12 12 12 12 12 12 12 12 21 0 0 0 0 0 0 0 0 0 0 0 0 0 0 0 0 20 12 12 12 12 12 12 12 12 12 12 
12 12 12 12 12 12 12 12 12 12 12 12 21 0 0 0 0 0 0 0 0 0 0 0 0 0 0 0 0 20 12 12 12 12 12 12 12 12 12 12 
12 12 12 12 12 12 12 12 12 12 12 12 21 0 0 0 0 0 0 0 0 0 0 0 0 0 0 0 0 20 12 12 12 12 12 12 12 12 12 12 
12 12 12 12 12 12 12 12 12 12 12 12 21 0 0 0 0 0 0 0 0 0 0 0 0 0 0 0 0 20 12 12 12 12 12 12 12 12 12 12 
12 12 12 12 12 12 12 12 12 12 12 12 21 0 0 0 0 0 0 0 0 0 0 0 0 0 0 0 0 22 23 23 14 12 12 12 12 12 12 12 
12 12 12 12 12 12 12 12 12 12 12 12 21 0 0 0 0 0 0 0 0 0 0 0 0 0 0 0 0 0 0 0 20 12 12 12 12 12 12 12 
12 12 12 12 12 12 12 12 12 12 12 12 21 0 0 0 0 0 0 0 0 0 0 0 0 0 0 0 0 0 0 0 20 12 12 12 12 12 12 12 
12 12 12 12 12 12 12 12 12 12 12 12 21 0 0 0 0 0 0 0 0 0 0 0 0 0 0 0 0 0 0 0 20 12 12 12 12 12 12 12 
12 12 12 12 12 12 12 12 12 12 12 12 21 0 0 0 0 0 0 0 0 0 0 0 0 0 0 0 0 0 0 0 20 12 12 12 12 12 12 12 
12 13 23 23 23 23 23 23 23 23 23 23 24 0 0 0 0 0 0 0 0 0 0 0 0 0 0 0 0 0 0 0 20 12 12 12 12 12 12 12 
12 21 28 28 28 28 28 28 28 28 28 28 0 0 0 0 0 0 0 0 0 0 0 0 0 0 0 0 0 0 0 0 20 12 12 12 12 12 12 12 
12 21 28 28 28 28 28 28 28 28 28 28 0 0 0 0 0 0 0 0 0 0 0 0 0 0 0 0 0 0 0 0 20 12 12 12 12 12 12 12 
12 21 28 28 28 28 28 28 28 28 28 28 28 28 0 0 0 0 0 0 0 0 0 0 0 0 0 0 0 0 0 0 20 12 12 12 12 12 12 12 
12 21 28 28 28 28 28 28 28 28 28 28 28 28 0 0 0 0 0 0 0 0 0 0 0 0 0 0 0 0 0 0 20 12 12 12 12 12 12 12 
12 21 28 28 28 28 6 6 6 6 6 6 6 6 8 8 8 0 0 0 0 0 0 0 0 0 0 0 0 0 0 0 20 12 12 12 12 12 12 12 
12 21 28 28 28 28 17 18 18 18 18 18 18 18 18 18 19 0 0 0 0 0 0 17 18 18 19 0 0 0 0 0 20 12 12 12 12 12 12 12 
12 21 28 28 28 28 20 12 12 12 12 12 12 12 12 12 21 0 0 0 0 0 0 22 23 23 24 0 0 0 0 0 20 12 12 12 12 12 12 12 
12 21 28 28 28 28 20 12 13 23 23 23 23 23 23 23 24 0 0 0 0 0 0 0 0 0 0 0 0 0 0 0 20 12 12 12 12 12 12 12 
12 21 28 28 28 28 20 12 21 28 28 28 28 28 28 28 0 0 0 0 0 0 0 0 0 0 0 0 0 0 0 0 20 12 12 12 12 12 12 12 
12 21 28 28 28 28 20 12 21 28 28 28 28 28 28 28 0 0 0 0 0 0 0 0 0 0 0 0 0 0 0 0 20 12 12 12 12 12 12 12 
12 21 28 28 28 28 20 12 21 28 28 28 28 28 28 28 28 28 28 28 28 28 0 0 0 0 0 0 0 0 0 0 20 12 12 12 12 12 12 12 
12 21 28 28 28 28 20 12 21 28 28 28 28 28 28 28 28 28 28 28 28 28 0 0 0 0 0 0 0 0 17 18 16 12 12 12 12 12 12 12 
12 21 28 28 28 28 20 12 21 28 28 28 28 28 28 28 28 28 28 28 28 28 28 28 0 0 0 0 0 0 22 23 23 23 23 23 14 12 12 12 
12 21 28 28 28 28 20 12 21 28 28 28 28 28 28 28 28 28 6 6 6 6 28 28 0 0 0 0 0 0 0 0 0 0 0 0 20 12 12 12 
12 21 28 28 28 28 20 12 21 28 28 28 28 28 28 28 28 28 17 18 18 19 28 28 0 0 0 0 0 0 0 0 0 0 0 0 20 12 12 12 
12 21 28 28 28 28 20 12 21 28 28 28 28 28 28 28 28 28 22 23 23 24 28 28 0 0 0 0 0 0 0 0 0 0 0 0 20 12 12 12 
12 21 28 28 28 28 20 12 21 28 28 28 28 28 28 28 28 28 28 28 28 28 28 28 0 0 0 0 0 0 0 0 0 0 0 0 20 12 12 12 
12 21 28 28 28 28 20 12 21 28 28 28 28 28 28 28 28 28 28 28 28 28 28 28 0 0 0 0 0 0 0 0 0 0 0 0 20 12 12 12 
12 21 28 28 28 28 20 12 21 28 28 28 28 28 28 28 28 28 28 28 28 28 28 28 0 0 0 0 0 0 0 0 0 0 0 0 20 12 12 12 
12 21 28 28 28 28 20 12 21 28 28 28 28 28 28 28 28 28 28 28 28 28 28 28 0 0 0 0 0 0 0 0 0 0 0 0 20 12 12 12 
12 21 28 28 28 28 22 23 24 28 28 28 28 28 28 28 28 28 28 28 28 28 28 28 28 28 0 0 0 0 17 18 19 0 0 0 20 12 12 12 
12 21 28 28 28 28 28 28 28 28 28 28 28 28 28 28 28 28 28 28 28 28 28 28 28 28 0 0 0 0 22 23 24 0 0 0 20 12 12 12 
12 21 28 28 28 28 28 28 28 28 28 28 28 17 19 28 28 28 28 28 28 28 28 28 28 28 28 28 0 0 0 0 0 0 0 0 20 12 12 12 
12 21 28 28 28 28 28 28 28 28 28 28 28 20 21 28 28 28 28 28 28 28 28 28 28 28 28 28 0 0 0 0 0 0 0 0 20 12 12 12 
12 15 18 18 18 18 18 18 18 18 18 18 18 16 21 28 28 28 28 28 28 28 28 28 28 28 28 28 28 28 28 28 0 0 0 0 20 12 12 12 
12 12 12 12 12 12 12 12 12 12 12 12 12 12 21 6 6 6 6 6 28 28 28 28 28 28 28 28 28 28 28 28 0 0 0 0 20 12 12 12 
12 12 12 12 12 12 12 12 12 12 12 12 12 12 15 18 18 18 18 19 28 28 28 28 28 17 19 28 28 28 28 28 28 28 0 0 20 12 12 12 
12 12 12 12 12 12 12 12 12 12 12 12 12 12 12 12 12 12 12 21 6 6 6 6 6 20 21 28 28 28 28 28 28 28 0 0 20 12 12 12 
12 12 12 12 12 12 12 12 12 12 12 12 12 12 12 12 12 12 12 15 18 18 18 18 18 16 21 28 28 28 28 28 28 28 0 0 20 12 12 12 
12 12 12 12 12 12 12 12 12 12 12 12 12 12 12 12 12 12 12 12 12 12 12 12 12 12 21 28 28 28 17 18 18 18 18 18 16 12 12 12 
12 12 12 12 12 12 12 12 12 12 12 12 12 12 12 12 12 12 12 12 12 12 12 12 12 12 21 28 28 28 22 23 14 12 12 12 12 12 12 12 
12 12 12 12 12 12 12 12 12 12 12 12 12 12 12 12 12 12 12 12 12 12 12 12 12 12 21 28 28 28 28 28 20 12 12 12 12 12 12 12 
12 12 12 12 12 12 12 12 12 12 12 12 12 12 12 12 12 12 12 12 12 12 12 12 12 12 21 28 28 28 28 28 20 12 12 12 12 12 12 12 
12 12 12 12 12 12 12 12 12 12 12 12 12 12 12 12 12 12 12 12 12 12 12 12 12 12 21 28 28 28 28 28 20 12 12 12 12 12 12 12 
12 12 12 12 12 12 12 12 12 12 12 12 12 12 12 12 12 12 12 12 12 12 12 12 12 12 21 28 28 28 28 28 20 12 12 12 12 12 12 12 
23 23 23 23 23 14 13 23 23 23 23 23 23 14 12 12 12 12 12 12 12 12 12 12 12 12 21 28 28 28 28 28 22 14 13 23 23 23 23 23 
28 28 28 28 28 22 24 28 28 28 28 28 28 20 12 12 12 12 12 12 12 12 12 12 12 12 21 28 28 28 28 28 28 22 24 28 28 28 28 28 
28 28 28 28 28 7 7 28 28 28 28 28 28 20 12 12 12 12 12 12 12 12 12 12 12 12 21 28 28 28 28 28 28 7 7 28 28 28 28 28 
28 28 28 28 28 28 28 28 28 28 28 28 28 20 12 12 12 12 12 12 12 12 12 12 12 12 21 28 28 28 28 28 28 28 28 28 28 28 28 28 
28 28 28 28 28 28 28 28 28 28 28 28 28 20 12 12 12 12 12 12 12 12 12 12 12 12 21 28 28 28 28 28 28 28 28 28 28 28 28 28 
28 28 28 28 28 28 28 28 28 28 28 28 28 20 12 12 12 12 12 12 12 12 12 12 12 12 21 28 28 28 28 28 28 28 28 28 28 28 28 28 
28 28 28 28 28 28 28 28 28 28 28 28 28 20 12 12 12 12 12 12 12 12 12 12 12 12 21 28 28 28 28 28 28 28 28 28 28 28 28 28 
18 18 18 18 18 18 18 18 19 28 28 28 28 20 12 12 12 12 12 12 12 12 12 12 12 12 15 18 18 18 18 18 18 18 18 18 18 18 18 18 
12 12 12 12 12 12 12 12 21 28 28 28 28 20 12 12 12 12 12 12 12 12 12 12 12 12 12 12 12 12 12 12 12 12 12 12 12 12 12 12 
12 12 12 12 12 12 12 12 21 28 28 28 28 20 12 12 12 12 12 12 12 12 12 12 12 12 12 12 12 12 12 12 12 12 12 12 12 12 12 12 
12 12 12 12 12 12 12 12 21 28 28 28 28 20 12 12 12 12 12 12 12 12 12 12 12 12 12 12 12 12 12 12 12 12 12 12 12 12 12 12 
12 12 12 12 12 12 12 12 21 28 28 28 28 20 12 12 12 12 12 12 12 12 12 12 12 12 12 12 12 12 12 12 12 12 12 12 12 12 12 12 
12 12 12 12 12 12 12 12 21 28 28 28 28 20 12 12 12 12 12 12 12 12 12 12 12 12 12 12 12 12 12 12 12 12 12 12 12 12 12 12 
12 12 12 12 12 12 12 12 21 28 28 28 28 20 12 12 12 12 12 12 12 12 12 12 12 12 12 12 12 12 12 12 12 12 12 12 12 12 12 12 
12 12 12 12 12 12 12 12 21 28 28 28 28 22 23 23 23 23 23 14 13 23 23 23 23 23 23 23 23 23 23 23 23 23 23 23 14 12 12 12 
12 12 12 12 12 12 12 12 21 28 28 28 28 28 28 28 28 28 28 22 24 28 28 28 0 0 0 0 0 0 0 0 0 0 0 11 20 12 12 12 
12 12 12 12 12 12 12 12 21 28 28 28 28 28 28 28 28 28 28 7 7 28 28 28 0 0 0 0 0 0 0 0 0 0 0 11 20 12 12 12 
12 12 12 12 12 12 12 12 21 28 28 28 28 28 28 28 28 28 28 28 28 28 0 0 0 0 0 0 0 0 0 0 0 0 0 11 20 12 12 12 
12 12 12 12 12 12 12 12 21 28 28 28 28 28 28 28 28 28 28 28 28 28 0 0 0 0 0 0 0 0 0 0 0 0 0 11 20 12 12 12 
12 12 12 12 12 12 12 12 21 28 28 28 28 28 6 6 28 28 28 28 28 28 0 0 0 0 0 0 0 0 0 0 0 0 0 11 20 12 12 12 
12 12 12 12 12 12 12 12 21 28 28 28 28 28 17 19 28 28 28 28 28 28 0 0 0 0 0 0 0 0 0 0 0 0 0 11 20 12 12 12 
12 12 12 12 12 12 12 12 15 18 18 18 18 18 16 15 18 18 18 18 18 18 19 10 0 0 0 0 0 0 0 0 0 0 0 11 20 12 12 12 
12 12 12 12 12 12 12 12 12 12 12 12 12 12 12 12 12 12 12 12 12 12 21 10 0 0 0 0 0 0 0 0 0 0 0 11 20 12 12 12 
12 12 12 12 12 12 12 12 12 12 12 12 12 12 12 12 12 12 12 12 12 12 21 10 0 0 0 0 0 0 0 0 0 0 0 11 20 12 12 12 
12 12 12 12 12 12 12 12 12 12 12 12 12 12 12 12 12 12 12 12 12 12 15 19 10 0 0 0 0 0 0 0 0 0 0 11 20 12 12 12 
12 12 12 12 12 12 12 12 12 12 12 12 12 12 12 12 12 12 12 12 12 12 12 21 10 0 0 0 0 0 0 0 0 0 0 11 20 12 12 12 
12 12 12 12 12 12 12 12 12 12 12 12 12 12 12 12 12 12 12 12 12 12 12 21 10 0 0 0 0 0 0 0 0 0 0 11 20 12 12 12 
12 12 12 12 12 12 12 12 12 12 12 12 12 12 12 12 12 12 12 12 12 12 12 15 19 10 0 0 0 0 0 0 0 0 0 11 20 12 12 12 
12 12 12 12 12 12 12 12 12 12 12 12 12 12 12 12 12 12 12 12 12 12 12 12 21 10 0 0 0 0 0 0 0 0 0 11 20 12 12 12 
12 12 12 12 12 12 12 12 12 12 12 12 12 12 12 12 12 12 12 12 12 12 12 12 21 10 0 0 0 0 0 0 17 18 18 18 16 12 12 12 
12 12 12 12 12 12 12 12 12 12 12 12 12 12 12 12 12 12 12 12 12 12 12 12 15 19 10 0 0 0 0 0 22 23 23 23 14 12 12 12 
12 12 12 12 12 12 12 12 12 12 12 12 12 12 12 12 12 12 12 12 12 12 12 12 12 21 10 0 0 0 0 0 0 0 28 28 20 12 12 12 
12 12 12 12 12 12 12 12 12 12 12 12 12 12 12 12 12 12 12 12 12 12 12 12 12 21 10 0 0 0 0 0 0 0 28 28 20 12 12 12 
12 12 12 12 12 12 12 12 12 13 23 23 23 14 12 13 23 23 23 23 23 23 23 23 23 24 10 0 0 0 0 0 0 0 28 28 20 12 12 12 
12 12 12 12 12 12 12 12 13 24 9 9 9 20 12 21 7 7 7 7 7 7 7 7 9 9 0 0 0 0 0 0 0 0 28 28 20 12 12 12 
12 12 12 12 12 12 12 12 21 10 0 0 0 22 23 24 28 28 28 28 28 28 28 28 0 0 0 0 0 0 0 0 0 0 28 28 20 12 12 12 
12 12 12 12 12 12 12 12 21 10 0 0 0 28 28 28 28 28 28 28 28 28 28 28 0 0 0 0 0 0 0 0 0 0 28 28 20 12 12 12 
12 12 12 12 12 12 12 12 21 10 0 0 0 28 28 28 28 28 28 28 28 28 28 28 0 0 0 0 0 0 0 0 0 0 28 28 20 12 12 12 
12 12 12 12 12 12 12 12 21 10 0 0 0 28 28 28 28 28 28 28 28 28 28 28 0 0 0 0 0 0 0 0 28 28 28 28 20 12 12 12 
12 12 12 12 12 12 12 12 21 10 0 0 0 28 28 28 28 28 28 28 28 28 28 28 0 0 0 0 0 0 0 0 28 28 28 28 20 12 12 12 
12 12 12 12 12 12 12 12 21 10 0 0 0 28 28 28 28 28 28 28 28 28 28 28 0 0 0 0 0 0 0 0 28 28 28 28 20 12 12 12 
12 12 12 12 12 12 12 12 21 10 0 0 0 28 28 28 28 28 28 28 28 28 28 28 0 0 0 0 0 0 0 0 28 28 28 28 20 12 12 12 
12 12 12 12 12 12 12 12 21 10 0 0 0 28 28 28 28 17 18 18 18 18 18 18 18 18 18 18 18 18 18 18 18 18 18 18 16 12 12 12 
12 12 12 12 12 12 12 12 21 10 0 0 0 28 28 28 28 22 23 23 23 23 23 23 23 23 23 23 23 23 23 14 12 12 12 12 12 12 12 12 
12 12 12 12 12 12 12 12 21 10 0 0 0 28 28 28 28 28 28 28 28 28 28 28 0 0 0 0 0 0 0 22 14 12 12 12 12 12 12 12 
12 12 12 12 12 12 12 12 21 10 0 0 0 28 28 28 28 28 28 28 28 28 28 28 0 0 0 0 0 0 0 11 20 12 12 12 12 12 12 12 
12 12 12 12 12 12 12 12 21 10 0 0 0 28 28 28 28 28 28 28 28 28 28 28 0 0 0 0 0 0 0 11 20 12 12 12 12 12 12 12 
12 12 12 12 12 12 12 12 21 10 0 0 0 0 0 28 28 28 28 28 28 28 28 28 0 0 0 0 0 0 0 11 20 12 12 12 12 12 12 12 
12 12 12 12 12 12 12 12 21 10 0 0 0 0 0 28 28 28 28 28 28 28 28 28 0 0 0 0 0 0 0 11 20 12 12 12 12 12 12 12 
12 12 12 12 12 12 12 12 21 10 0 0 0 0 0 28 28 28 28 28 28 28 28 28 0 0 0 0 0 0 0 11 20 12 12 12 12 12 12 12 
12 12 12 12 12 12 12 12 21 10 0 0 0 17 18 19 28 28 28 28 28 28 28 28 0 0 0 0 0 0 0 11 20 12 12 12 12 12 12 12 
12 12 12 12 12 12 12 12 15 19 8 8 8 20 12 21 6 6 6 6 6 6 6 6 8 8 0 0 0 0 0 11 20 12 12 12 12 12 12 12 
12 12 12 12 12 12 12 12 12 15 18 18 18 16 12 15 18 18 18 18 18 18 18 18 18 19 0 0 0 0 0 11 20 12 12 12 12 12 12 12 
12 12 12 12 12 12 12 12 12 12 12 12 12 12 12 12 12 13 23 23 23 23 23 23 23 24 0 0 0 0 0 11 20 12 12 12 12 12 12 12 
12 12 12 12 12 12 12 12 13 23 23 23 23 23 23 23 23 24 7 7 7 7 7 9 9 9 0 0 0 0 0 11 20 12 12 12 12 12 12 12 
12 12 12 12 12 12 12 13 24 0 0 0 0 28 28 28 28 28 28 28 28 28 28 0 0 0 0 0 0 0 0 11 20 12 12 12 12 12 12 12 
12 12 12 12 12 12 12 21 10 0 0 0 0 28 28 28 28 28 28 28 28 0 0 0 0 0 0 0 0 0 0 11 20 12 12 12 12 12 12 12 
12 12 12 12 12 12 12 21 10 0 0 0 0 28 28 28 28 28 28 28 28 0 0 0 0 0 0 0 0 0 0 11 20 12 12 12 12 12 12 12 
12 12 12 12 12 12 12 21 10 0 0 0 0 28 28 28 28 28 28 28 28 0 0 0 0 0 0 0 0 0 0 11 20 12 12 12 12 12 12 12 
12 12 12 12 12 12 12 21 10 0 0 0 0 28 28 28 28 28 28 28 28 0 0 0 0 0 0 0 0 0 0 17 16 12 12 12 12 12 12 12 
12 12 12 12 12 12 12 21 10 0 0 0 0 28 28 28 28 28 17 18 18 18 18 18 18 18 18 18 18 18 18 16 12 12 12 12 12 12 12 12 
12 12 12 12 12 12 12 21 10 0 0 0 0 28 6 6 6 6 20 12 12 12 12 12 12 12 12 12 12 12 12 12 12 12 12 12 12 12 12 12 
12 12 12 12 12 12 12 21 10 0 0 0 0 28 17 18 18 18 16 12 12 12 12 12 12 12 12 12 12 12 12 12 12 12 12 12 12 12 12 12 
12 12 12 12 12 12 12 21 10 0 0 0 0 28 22 23 23 23 23 23 23 23 23 23 23 23 23 23 23 23 14 12 12 12 12 12 12 12 12 12 
12 12 12 12 12 12 12 21 10 0 0 0 0 28 28 28 28 28 28 0 0 0 0 0 0 0 0 0 0 0 20 12 12 12 12 12 12 12 12 12 
12 12 12 12 12 12 12 21 10 0 0 0 0 28 28 28 28 28 28 0 0 0 0 0 0 0 0 0 0 0 20 12 12 12 12 12 12 12 12 12 
12 12 12 12 12 12 12 21 10 0 0 0 0 28 28 28 28 28 28 0 0 0 0 0 0 0 0 0 0 0 20 12 12 12 12 12 12 12 12 12 
12 12 12 12 12 12 12 21 10 0 0 0 0 28 28 28 28 28 28 0 0 0 0 0 0 0 0 0 0 0 20 12 12 12 12 12 12 12 12 12 
12 12 12 12 12 12 12 21 10 0 0 0 0 0 0 28 28 28 28 28 28 0 0 0 0 0 0 0 0 0 20 12 12 12 12 12 12 12 12 12 
12 12 12 12 12 12 12 15 19 0 0 0 0 0 0 28 28 28 28 28 28 0 0 0 0 0 0 0 0 0 20 12 12 12 12 12 12 12 12 12 
12 12 12 12 12 12 12 12 15 18 18 18 18 18 18 18 18 18 18 18 18 18 18 18 18 19 0 0 0 0 20 12 12 12 12 12 12 12 12 12 
12 12 12 12 12 12 12 12 12 12 12 12 12 12 12 12 12 12 12 12 12 12 12 12 12 21 0 0 0 0 20 12 12 12 12 12 12 12 12 12 
12 12 12 12 12 12 12 12 13 23 23 23 23 23 23 23 23 23 23 23 23 23 23 23 23 24 0 0 0 0 20 12 12 12 12 12 12 12 12 12 
12 12 12 12 12 12 12 12 21 0 0 0 0 0 0 28 28 28 28 28 28 0 0 0 0 0 0 0 0 0 20 12 12 12 12 12 12 12 12 12 
12 12 12 12 12 12 12 12 21 0 0 0 0 0 0 28 28 28 28 28 28 0 0 0 0 0 0 0 0 0 20 12 12 12 12 12 12 12 12 12 
12 12 12 12 12 12 12 12 21 0 0 0 0 0 0 28 28 28 28 28 28 0 0 0 0 0 0 0 0 0 20 12 12 12 12 12 12 12 12 12 
12 12 12 12 12 12 12 12 21 0 0 0 0 0 0 28 28 28 28 28 28 0 0 0 0 0 0 0 0 0 20 12 12 12 12 12 12 12 12 12 
12 12 12 12 12 12 12 12 21 0 0 0 0 0 0 28 28 28 28 28 28 0 0 0 0 0 0 0 0 0 20 12 12 12 12 12 12 12 12 12 
12 12 12 12 12 12 12 12 21 0 0 0 0 0 0 28 28 28 28 28 28 0 0 0 0 0 0 0 0 0 20 12 12 12 12 12 12 12 12 12 
12 12 12 12 12 12 12 12 21 0 0 0 0 17 18 18 18 18 18 18 18 18 18 18 18 18 18 18 18 18 16 12 12 12 12 12 12 12 12 12 
12 12 12 12 12 12 12 12 21 0 0 0 0 22 23 23 23 23 14 13 23 23 23 23 23 23 23 23 23 14 12 12 12 12 12 12 12 12 12 12 
12 12 12 12 12 12 12 12 21 0 0 0 0 0 0 0 28 28 20 21 28 28 28 0 0 0 0 0 0 20 12 12 12 12 12 12 12 12 12 12 
12 12 12 12 12 12 12 12 21 0 0 0 0 0 0 0 28 28 22 24 28 28 28 0 0 0 0 0 0 20 12 12 12 12 12 12 12 12 12 12 
12 12 12 12 12 12 12 12 21 0 0 0 0 0 0 0 0 28 28 28 28 28 28 0 0 0 0 0 0 20 12 12 12 12 12 12 12 12 12 12 
12 12 12 12 12 12 12 12 21 0 0 0 0 0 0 0 0 28 28 28 28 28 28 0 0 0 0 0 0 20 12 12 12 12 12 12 12 12 12 12 
12 12 12 12 12 12 12 12 21 0 0 0 0 0 0 0 0 28 28 28 28 28 28 0 0 0 0 0 0 20 12 12 12 12 12 12 12 12 12 12 
12 12 12 12 12 12 12 12 21 0 0 0 0 0 0 0 0 0 0 0 0 0 0 0 0 0 0 0 0 22 14 12 12 12 12 12 12 12 12 12 
12 12 12 12 12 12 12 12 15 18 18 18 18 19 0 0 0 0 0 0 0 0 0 0 17 19 0 0 0 0 20 12 12 12 12 12 12 12 12 12 
12 12 12 12 12 12 12 12 12 12 12 12 12 21 0 0 0 0 0 0 0 0 0 0 20 21 0 0 0 0 20 12 12 12 12 12 12 12 12 12 
12 12 12 12 12 12 12 12 12 12 12 12 12 15 18 18 18 18 18 18 18 18 18 18 16 21 0 0 0 0 20 12 12 12 12 12 12 12 12 12 
12 12 12 12 12 12 12 12 12 12 12 12 12 12 12 12 12 12 12 12 12 12 12 12 12 21 0 28 28 28 20 12 12 12 12 12 12 12 12 12 
12 12 12 12 12 12 12 12 12 12 12 12 12 12 12 12 12 12 12 12 12 12 12 12 12 21 0 28 28 28 20 12 12 12 12 12 12 12 12 12 
12 12 12 12 12 12 12 12 12 12 12 12 12 12 12 12 12 12 12 12 12 12 12 12 12 21 0 28 28 28 20 12 12 12 12 12 12 12 12 12 
12 12 12 12 12 12 12 12 12 12 12 12 12 12 12 12 12 12 12 12 12 12 12 12 12 15 19 28 28 28 20 12 12 12 12 12 12 12 12 12 
12 12 12 12 12 12 12 12 12 12 12 12 12 12 12 12 12 12 12 12 12 12 12 12 12 12 21 28 28 28 20 12 12 12 12 12 12 12 12 12 
12 12 12 12 12 12 12 12 12 13 23 23 23 23 23 23 23 23 23 23 23 23 23 23 23 23 24 28 28 28 20 12 12 12 12 12 12 12 12 12 
12 12 12 12 12 12 12 12 12 21 28 28 28 28 28 28 28 28 28 28 28 28 0 0 0 0 28 28 28 28 20 12 12 12 12 12 12 12 12 12 
12 12 12 12 12 12 12 12 12 21 28 28 28 28 28 28 28 28 28 28 28 28 0 0 0 0 28 28 28 28 20 12 12 12 12 12 12 12 12 12 
12 12 12 12 12 12 12 12 12 21 28 28 28 28 28 28 28 28 28 28 28 28 0 0 0 0 28 28 28 28 20 12 12 12 12 12 12 12 12 12 
12 12 12 12 12 12 12 12 12 21 28 28 28 28 28 28 28 28 28 28 28 28 28 0 0 0 28 28 28 28 20 12 12 12 12 12 12 12 12 12 
12 12 12 12 12 12 12 12 12 21 28 28 28 28 28 28 28 28 28 28 28 28 28 0 0 0 28 28 28 28 20 12 12 12 12 12 12 12 12 12 
12 12 12 12 12 12 12 12 12 21 28 28 28 17 18 18 18 18 18 18 18 18 18 18 18 18 18 18 18 18 16 12 12 12 12 12 12 12 12 12 
12 12 12 12 12 12 12 12 12 21 28 28 28 20 12 12 12 12 12 12 12 12 12 12 12 12 12 12 12 12 12 12 12 12 12 12 12 12 12 12 
12 12 12 12 12 12 12 12 12 21 28 28 28 22 23 23 23 23 23 23 23 23 14 12 12 12 12 12 12 12 12 12 12 12 12 12 12 12 12 12 
12 12 12 12 12 12 12 12 12 21 28 28 28 28 28 28 28 28 28 28 28 28 22 23 23 23 14 12 12 12 12 12 12 12 12 12 12 12 12 12 
12 12 12 12 12 12 12 12 12 21 28 28 28 28 28 28 28 28 28 28 28 28 28 0 0 28 22 23 23 23 14 12 12 12 12 12 12 12 12 12 
12 12 12 12 12 12 12 12 12 21 28 28 28 28 28 28 28 28 28 28 28 28 28 0 0 28 28 28 28 28 20 12 12 12 12 12 12 12 12 12 
12 12 12 12 12 12 12 12 12 21 28 28 28 28 28 28 28 28 28 28 28 28 28 0 0 28 28 28 28 28 20 12 12 12 12 12 12 12 12 12 
12 12 12 12 12 12 12 12 12 21 28 28 28 28 28 28 28 28 28 28 28 28 28 0 0 28 28 28 28 28 20 12 12 12 12 12 12 12 12 12 
12 12 12 12 12 12 12 12 12 15 18 18 18 19 28 28 28 28 28 28 28 28 28 0 0 28 28 28 28 28 20 12 12 12 12 12 12 12 12 12 
12 12 12 12 12 12 12 12 12 12 12 12 12 15 18 18 18 19 28 28 28 28 28 0 0 28 28 28 28 28 20 12 12 12 12 12 12 12 12 12 
12 12 12 12 12 12 12 12 12 12 12 12 12 12 12 12 12 15 18 18 18 18 18 18 18 19 28 28 28 28 20 12 12 12 12 12 12 12 12 12 
12 12 12 12 12 12 12 12 12 12 12 12 13 23 23 23 14 12 12 12 12 12 12 12 12 21 28 28 28 28 20 12 12 12 12 12 12 12 12 12 
12 12 12 12 12 12 12 12 12 12 12 12 21 28 28 28 22 23 23 14 12 12 12 12 12 21 28 28 28 28 20 12 12 12 12 12 12 12 12 12 
12 12 12 12 12 12 12 12 12 12 12 12 21 28 28 28 28 28 28 22 23 23 14 12 12 21 28 28 28 28 20 12 12 12 12 12 12 12 12 12 
12 12 12 12 12 12 12 12 12 12 12 13 24 28 28 28 28 28 28 28 28 28 22 23 23 24 28 28 28 28 20 12 12 12 12 12 12 12 12 12 
23 23 23 23 23 14 12 12 12 12 12 21 28 28 28 28 28 28 28 28 28 28 28 0 0 28 28 28 28 28 20 12 12 12 12 12 12 12 12 12 
28 28 28 28 28 20 12 12 12 12 12 21 28 28 28 28 28 28 28 28 28 28 28 0 0 28 28 28 28 28 20 12 12 12 12 12 12 12 12 12 
28 28 28 28 28 22 23 23 23 23 23 24 28 28 28 28 28 28 28 28 28 28 28 0 0 28 28 28 28 28 20 12 12 12 12 12 12 12 12 12 
28 28 28 28 28 28 28 28 28 28 28 28 28 28 28 28 28 28 28 28 28 28 28 0 0 28 28 28 28 28 20 12 12 12 12 12 12 12 12 12 
28 28 28 28 28 28 28 28 28 28 28 28 28 28 28 28 28 28 28 28 28 28 28 0 0 28 28 28 28 28 20 12 12 12 12 12 12 12 12 12 
28 28 28 28 28 28 28 28 28 28 28 28 28 28 28 28 28 28 28 28 28 28 28 0 0 28 28 28 28 28 20 12 12 12 12 12 12 12 12 12 
28 28 28 28 28 28 28 28 28 28 28 28 28 28 28 28 28 28 28 28 28 28 28 0 0 28 28 28 28 28 20 12 12 12 12 12 12 12 12 12 
18 18 18 18 18 18 18 18 18 18 18 18 18 18 18 18 18 18 18 18 18 18 18 18 18 18 18 18 18 18 16 12 12 12 12 12 12 12 12 12 
12 12 12 12 12 12 12 12 12 12 12 12 12 12 12 12 12 12 12 12 12 12 12 12 12 12 12 12 12 12 12 12 12 12 12 12 12 12 12 12 
12 12 12 12 12 12 12 12 12 12 12 12 12 12 12 12 12 12 12 12 12 12 12 12 12 12 12 12 12 12 12 12 12 12 12 12 12 12 12 12 
12 12 12 12 12 12 12 12 12 12 12 12 12 12 12 12 12 12 12 12 12 12 12 12 12 12 12 12 12 12 12 12 12 12 12 12 12 12 12 12 
12 12 12 12 12 12 12 12 12 12 12 12 12 12 12 12 12 12 12 12 12 12 12 12 12 12 12 12 12 12 12 12 12 12 12 12 12 12 12 12 
12 12 12 12 12 12 12 12 12 12 12 12 12 12 12 12 12 12 12 12 12 12 12 12 12 12 12 12 12 12 12 12 12 12 12 12 12 12 12 12 
12 12 12 12 12 12 12 12 12 12 12 12 12 12 12 12 12 12 12 12 12 12 12 12 12 12 12 12 12 12 12 12 12 12 12 12 12 12 12 12 
12 12 12 12 12 12 12 12 12 12 12 12 12 12 12 12 12 12 12 12 12 12 12 12 12 12 12 12 12 12 12 12 12 12 12 12 12 12 12 12 
12 12 12 12 12 12 12 12 12 12 12 12 12 12 12 12 12 12 12 12 12 12 12 12 12 12 12 12 12 12 12 12 12 12 12 12 12 12 12 12 
12 12 12 12 12 12 12 12 12 12 12 12 12 12 12 12 12 12 12 12 12 12 12 12 12 12 12 12 12 12 12 12 12 12 12 12 12 12 12 12 
12 12 12 12 12 12 12 12 12 12 12 12 12 12 12 12 12 12 12 12 12 12 12 12 12 12 12 12 12 12 12 12 12 12 12 12 12 12 12 12 
12 12 12 12 12 12 12 12 12 12 12 12 12 12 12 12 12 12 12 12 12 12 12 12 12 12 12 12 12 12 12 12 12 12 12 12 12 12 12 12 
12 12 12 12 12 12 12 12 12 12 12 12 12 12 12 12 12 12 12 12 12 12 12 12 12 12 12 12 12 12 12 12 12 12 12 12 12 12 12 12 
12 12 12 12 12 12 12 12 12 12 12 12 12 12 12 12 12 12 12 12 12 12 12 12 12 12 12 12 12 12 12 12 12 12 12 12 12 12 12 12 
12 12 12 12 12 12 12 12 12 12 12 12 12 12 12 12 12 12 12 12 12 12 12 12 12 12 12 12 12 12 12 12 12 12 12 12 12 12 12 12 
12 12 12 12 12 12 12 12 12 12 12 12 12 12 12 12 12 12 12 12 12 12 12 12 12 12 12 12 12 12 12 12 12 12 12 12 12 12 12 12 
20
6 682 10 1
28 566 10 1
3 527 9
29 521 10 0
35 477 10 1
19 444 10 1
27 410 10 0
27 601 10 1
9 387 10 0
22 325 10 0
27 299 10 0
35 402 9
19 148 10 1
19 114 10 1
19 67 10 1
15 642 10 0
18 228 10 0
9 363 10 0
28 206 10 1
14 660 10 1
