case rn(55,52):
tmap = new Array();
tmap.push("0,0,0,0,0,0,0,0,0,0,0,0,0,0,0,0,0,0,0,0,0,0,0,0,0,0,0,0,0,0,0,0,0,0,0,0,0,0,0,0");
tmap.push("0,0,0,0,0,0,0,0,0,0,0,0,0,0,0,0,0,0,0,0,0,0,0,0,0,0,0,0,0,0,0,0,0,0,0,0,0,0,0,0");
tmap.push("0,0,0,0,0,0,0,0,0,0,0,0,0,0,0,0,0,0,0,0,0,0,0,0,0,0,0,0,0,0,0,0,0,0,0,0,0,0,0,0");
tmap.push("0,0,0,0,0,0,0,0,0,0,0,0,0,0,0,0,0,0,0,0,0,0,0,0,0,0,0,0,0,0,0,0,0,0,0,0,0,0,0,0");
tmap.push("0,0,0,0,0,0,0,0,0,0,0,0,0,0,0,0,0,0,0,0,0,0,0,0,0,0,0,0,0,0,0,0,0,0,0,0,0,0,0,0");
tmap.push("0,0,0,0,0,0,0,0,0,0,0,0,0,0,0,0,0,0,0,0,0,0,0,0,0,0,0,0,0,0,0,0,0,0,0,0,0,0,0,0");
tmap.push("0,0,0,0,0,0,0,0,0,0,0,0,0,0,0,0,0,0,0,0,0,0,0,0,0,0,0,0,0,0,0,0,0,0,0,0,0,0,0,0");
tmap.push("0,0,0,0,0,0,0,0,0,0,0,0,0,0,0,0,169,170,170,170,170,170,170,171,0,0,0,0,0,0,0,0,0,0,0,0,0,0,0,0");
tmap.push("6,6,6,6,6,6,6,6,6,6,6,6,6,6,6,6,209,89,89,89,89,89,89,211,6,6,6,6,6,6,6,6,0,0,0,0,0,0,6,6");
tmap.push("170,171,169,170,170,170,170,171,169,170,170,170,170,170,170,171,209,89,89,89,89,89,89,211,169,170,170,170,170,170,170,171,0,0,0,0,0,0,169,170");
tmap.push("250,251,209,89,89,89,89,211,249,250,250,250,250,250,250,251,209,89,89,89,89,89,89,211,249,250,250,250,250,250,250,251,0,0,0,0,0,0,249,250");
tmap.push("7,7,209,89,89,89,89,211,7,7,7,7,7,7,7,7,209,89,89,89,89,89,89,211,7,7,7,7,7,7,7,7,0,0,0,0,0,0,7,7");
tmap.push("0,0,249,250,250,250,250,251,0,0,0,0,0,0,0,0,249,250,250,250,250,250,250,251,0,0,0,0,0,0,0,0,0,0,0,0,0,0,0,0");
tmap.push("0,0,0,0,0,0,0,0,0,0,0,0,0,0,0,0,0,0,0,0,0,0,0,0,0,0,0,0,0,0,0,0,0,0,0,0,0,0,0,0");
tmap.push("0,0,0,0,0,0,0,0,0,0,0,0,0,0,0,0,0,0,0,0,0,0,0,0,0,0,0,0,0,0,0,0,0,0,0,0,0,0,0,0");
tmap.push("0,0,0,0,0,0,0,0,0,0,0,0,0,0,0,0,0,0,0,0,0,0,0,0,0,0,0,0,0,0,0,0,0,0,0,0,0,0,0,0");
tmap.push("0,0,0,0,0,0,0,0,0,0,0,0,0,0,0,0,0,0,0,0,0,0,0,0,0,0,0,0,0,0,0,0,0,0,0,0,0,0,0,0");
tmap.push("0,0,0,0,0,0,0,0,0,0,169,170,170,170,170,170,171,0,0,0,0,0,0,0,0,0,0,0,0,0,0,169,170,170,170,170,170,170,171,0");
tmap.push("6,6,6,6,6,6,6,6,6,6,209,89,89,89,89,89,211,6,6,6,6,6,6,6,6,6,6,6,6,6,6,209,89,89,89,89,89,89,211,6");
tmap.push("170,171,169,170,170,170,170,170,170,171,209,89,89,89,89,89,211,169,170,170,170,170,170,170,170,170,170,170,170,170,171,209,89,89,89,89,89,89,211,169");
tmap.push("250,251,209,89,89,89,89,89,89,211,249,250,250,250,250,250,251,249,250,250,250,250,250,250,250,250,250,250,250,250,251,249,250,250,250,250,250,250,251,249");
tmap.push("7,7,209,89,89,89,89,89,89,211,7,7,7,7,7,7,7,7,7,7,7,7,7,7,7,7,7,7,7,7,7,7,7,7,7,7,7,7,7,7");
tmap.push("0,0,249,250,250,250,250,250,250,251,0,0,0,0,0,0,0,0,0,0,0,0,0,0,0,0,0,0,0,0,0,0,0,0,0,0,0,0,0,0");
tmap.push("0,0,0,0,0,0,0,0,0,0,0,0,0,0,0,0,0,0,0,0,0,0,0,0,0,0,0,0,0,0,0,0,0,0,0,0,0,0,0,0");
tmap.push("0,0,0,0,0,0,0,0,0,0,0,0,0,0,0,0,0,0,0,0,0,0,0,0,0,0,0,0,0,0,0,0,0,0,0,0,0,0,0,0");
tmap.push("0,0,0,0,0,0,0,0,0,0,0,0,0,0,0,0,0,0,0,0,0,0,0,0,0,0,0,0,0,0,0,0,0,0,0,0,0,0,0,0");
tmap.push("0,0,0,0,0,0,0,0,0,0,0,0,0,0,0,0,0,0,0,0,0,0,0,0,0,0,0,0,0,0,0,0,0,0,0,0,0,0,0,0");
tmap.push("0,0,0,0,0,0,0,0,0,0,0,0,0,0,0,0,0,0,0,0,0,0,0,0,0,0,0,0,0,0,0,0,0,0,0,0,0,0,0,0");
tmap.push("0,0,0,0,0,0,0,0,0,0,0,0,0,0,0,0,0,0,0,0,0,0,0,0,0,0,0,0,0,0,0,0,0,0,0,0,0,0,0,0");

obj.createentity(game, 152, 112, 9, 0, 0+coin);  // (shiny trinket)
obj.createentity(game, 136, 40, 10, 1, 52550);  // (savepoint)
rcol=3;
break;
