310 310 310 310 310 310 310 310 310 310 310 310 310 310 310 432 0 0 812 692 692 692 692 692 430 310 310 310 310 310 310 310 310 310 310 310 310 310 310 310 
310 310 310 310 310 310 310 310 310 310 310 310 310 310 310 432 0 0 812 692 692 692 692 692 430 310 310 310 310 310 310 310 310 310 310 310 310 310 310 310 
471 471 471 471 471 471 471 471 471 471 471 471 471 471 471 472 0 0 812 692 692 692 692 692 430 310 310 310 310 310 310 310 310 310 310 310 310 310 310 310 
0 0 0 0 0 0 0 0 0 0 0 0 0 0 0 0 0 0 812 692 692 692 692 692 430 310 310 310 310 310 310 310 310 310 310 310 310 310 310 310 
0 0 0 0 0 0 0 0 0 0 0 0 0 0 0 0 0 0 812 692 692 692 692 692 430 310 310 310 311 471 471 471 471 471 471 471 471 471 471 471 
0 0 0 0 0 0 0 0 0 0 0 0 0 0 0 0 0 0 812 692 692 692 692 692 430 310 310 310 432 692 692 692 692 692 692 692 814 0 0 0 
0 0 0 0 0 0 0 0 0 0 0 0 0 0 0 0 0 0 812 692 692 692 692 692 430 310 310 310 432 692 692 692 692 692 692 692 814 0 0 0 
0 0 0 0 0 0 0 0 0 0 0 0 0 0 0 0 0 0 852 853 853 853 853 853 430 310 310 310 432 853 853 853 853 853 853 853 854 0 0 0 
0 0 0 0 0 0 0 0 0 0 0 0 0 0 0 0 0 0 0 0 0 0 0 0 430 310 310 310 432 0 0 0 0 0 0 0 0 0 0 0 
0 0 0 0 0 0 0 0 0 0 0 0 0 0 0 0 0 0 0 0 0 0 0 0 430 310 310 310 432 0 0 0 0 0 0 0 0 0 0 0 
0 0 0 0 0 0 0 0 0 0 0 0 0 0 0 0 0 0 0 0 0 0 0 0 430 310 310 310 432 0 0 0 0 0 0 390 391 391 391 391 
0 0 0 0 0 0 0 0 0 0 0 0 0 0 0 0 0 0 0 0 0 0 0 0 430 310 310 310 432 0 0 0 0 0 0 430 310 310 310 310 
8 8 8 8 8 8 8 8 8 8 8 8 8 8 8 8 390 391 391 391 391 391 391 391 352 310 310 310 432 0 0 0 0 0 0 430 310 310 310 310 
391 391 391 391 391 391 391 391 391 391 391 391 391 391 391 391 352 310 310 310 310 310 310 310 310 310 310 310 432 0 0 0 0 0 0 430 310 310 310 310 
310 310 310 310 310 310 310 310 310 310 310 310 310 310 310 310 310 310 310 310 310 310 310 310 310 310 310 310 432 0 0 0 0 0 0 430 310 310 310 310 
471 471 471 471 471 471 312 310 310 311 471 471 312 310 310 310 310 310 310 310 310 310 310 310 310 310 310 310 432 0 0 0 0 0 0 430 310 310 310 310 
9 9 9 9 9 9 430 310 310 432 9 9 430 310 310 310 310 310 310 310 310 310 310 310 310 310 310 310 432 0 0 0 0 0 0 430 310 310 310 310 
0 0 0 0 0 0 470 471 471 472 0 0 430 310 310 310 310 310 310 310 310 310 310 310 310 310 310 310 432 0 0 0 0 0 0 430 310 310 310 310 
0 0 0 0 0 0 0 0 0 0 0 0 430 310 310 310 310 310 310 310 310 310 310 310 310 310 310 310 432 0 0 0 0 0 0 430 310 310 310 310 
0 0 0 0 0 0 0 0 0 0 0 0 430 310 310 310 310 310 310 310 310 310 310 310 310 310 310 310 432 0 0 0 0 0 0 430 310 310 310 310 
0 0 0 0 0 0 0 0 0 0 0 0 430 310 310 310 310 310 310 310 310 310 310 310 310 310 310 310 432 0 0 0 0 0 0 430 310 310 310 310 
0 0 0 0 0 0 0 0 0 0 0 0 430 310 310 310 310 310 310 310 310 310 310 310 310 310 310 310 432 0 0 0 0 0 0 430 310 310 310 310 
0 0 0 0 0 0 0 0 0 0 772 773 430 310 310 310 310 310 310 310 310 310 310 310 310 310 310 310 432 0 0 0 0 0 0 430 310 310 310 310 
0 0 0 0 0 0 0 0 0 0 812 692 430 310 310 310 310 310 310 310 310 310 310 310 310 310 310 310 432 0 0 0 0 0 0 430 310 310 310 310 
0 0 0 0 0 0 0 0 0 0 812 692 430 310 310 310 310 310 310 310 310 310 310 310 310 310 310 310 432 0 0 0 0 0 0 430 310 310 310 310 
0 0 0 0 0 0 0 0 0 0 812 692 430 310 310 310 310 310 310 310 310 310 310 310 310 310 310 310 432 0 0 0 0 0 0 430 310 310 310 310 
391 391 391 391 392 0 0 0 0 0 812 692 430 310 310 310 310 310 310 310 310 310 310 310 310 310 310 310 432 0 0 0 0 0 0 430 310 310 310 310 
310 310 310 310 432 0 0 0 0 0 812 692 430 310 310 310 310 310 310 310 310 310 310 310 310 310 310 310 432 0 0 0 0 0 0 430 310 310 310 310 
310 310 310 310 432 0 0 0 0 0 812 692 430 310 310 310 310 310 310 310 310 310 310 310 310 310 310 310 432 0 0 0 0 0 0 430 310 310 310 310 
2
7 18 10 0
19 10 10 1
