283 283 283 283 283 405 0 0 0 0 0 0 403 283 283 283 283 283 283 283 283 283 283 283 283 283 283 283 283 283 283 283 283 283 283 283 283 283 283 283 
283 283 283 283 283 405 0 0 0 0 0 0 403 283 283 283 283 283 283 283 283 283 283 283 283 283 283 283 283 283 283 283 283 283 283 283 283 283 283 283 
283 283 283 283 283 405 0 0 0 0 0 0 403 283 283 283 283 283 283 283 283 283 283 283 283 283 283 283 283 283 283 283 283 283 283 283 283 283 283 283 
283 283 283 283 283 405 0 0 0 0 0 0 403 283 283 283 283 283 283 283 283 283 283 283 283 283 283 283 283 283 283 283 283 283 283 283 283 283 283 283 
283 283 283 283 283 405 0 0 0 0 0 0 403 283 283 283 283 283 283 283 283 283 283 283 283 283 283 283 283 283 283 283 283 283 283 283 283 283 283 283 
283 283 283 283 283 405 0 0 0 0 0 0 403 283 283 283 283 283 283 283 283 283 283 283 283 283 283 283 283 283 283 283 283 283 283 283 283 283 283 283 
283 283 283 283 283 405 0 0 0 0 0 0 403 283 283 283 283 283 283 283 283 283 283 283 283 283 283 283 283 283 283 283 283 283 283 283 283 283 283 283 
283 283 283 283 283 405 0 0 0 0 0 0 403 283 283 283 283 283 283 283 283 283 283 283 283 283 283 283 283 283 283 283 283 283 283 283 283 283 283 283 
283 283 283 283 283 405 0 0 0 0 0 0 403 283 283 283 283 283 283 283 283 283 283 283 283 283 283 283 283 283 283 283 283 283 283 283 283 283 283 283 
283 283 283 283 283 405 0 0 0 0 0 0 403 283 283 283 283 283 283 283 283 283 283 283 283 283 283 283 283 283 283 283 283 283 283 283 283 283 283 283 
283 283 283 283 283 405 0 0 0 0 0 0 403 283 283 283 283 283 283 283 283 283 283 283 283 283 283 283 283 283 283 283 283 283 283 283 283 283 283 283 
283 283 283 283 283 405 0 0 0 0 0 0 403 283 283 283 283 283 283 283 283 283 283 283 283 283 283 283 283 283 283 283 283 283 283 283 283 283 283 283 
283 283 283 283 283 405 0 0 0 0 0 0 403 283 283 283 283 283 283 283 283 283 283 283 283 283 283 283 283 283 283 283 283 283 283 283 283 283 283 283 
283 283 283 283 283 405 10 10 10 10 10 10 403 283 283 283 283 283 283 283 283 283 283 283 283 283 283 283 283 283 283 283 283 283 283 283 283 283 283 283 
283 283 283 283 283 405 10 10 10 10 10 10 403 283 283 283 283 283 283 283 283 283 283 283 283 283 283 283 283 283 283 283 283 283 283 283 283 283 283 283 
283 283 283 283 283 405 10 10 10 10 10 10 403 283 283 283 283 283 283 283 283 283 283 283 283 283 283 283 283 283 283 283 283 283 283 283 283 283 283 283 
283 283 283 283 283 405 10 10 10 10 10 10 403 283 283 283 283 283 283 283 283 283 283 283 283 283 283 283 283 283 283 283 283 283 283 283 283 283 283 283 
283 283 283 283 283 405 10 10 10 10 10 10 403 283 283 283 283 283 283 283 283 283 283 283 283 283 283 283 283 283 283 283 283 283 283 283 283 283 283 283 
283 283 283 283 283 405 0 0 0 0 0 0 403 283 283 283 283 283 283 283 283 283 283 283 283 283 283 283 283 283 283 283 283 283 283 283 283 283 283 283 
283 283 283 283 283 405 0 0 0 0 0 0 403 283 283 283 283 283 283 283 283 283 283 283 283 283 283 283 283 283 283 283 283 283 283 283 283 283 283 283 
283 283 283 283 283 405 0 0 0 0 0 0 403 283 283 283 283 283 283 283 283 283 283 283 283 283 283 283 283 283 283 283 283 283 283 283 283 283 283 283 
283 283 283 283 283 405 0 0 0 0 0 0 403 283 283 283 283 283 283 283 283 283 283 283 283 283 283 283 283 283 283 283 283 283 283 283 283 283 283 283 
283 283 283 283 283 405 0 0 0 0 0 0 403 283 283 283 283 283 283 283 283 283 283 283 283 283 283 283 283 283 283 283 283 283 283 283 283 283 283 283 
283 283 283 283 283 405 0 0 0 0 0 0 403 283 283 283 283 283 283 283 283 283 283 283 283 283 283 283 283 283 283 283 283 283 283 283 283 283 283 283 
283 283 283 283 283 405 0 0 0 0 0 0 403 283 283 283 283 283 283 283 283 283 283 283 283 283 283 283 283 283 283 283 283 283 283 283 283 283 283 283 
283 283 283 283 283 405 0 0 0 0 0 0 403 283 283 283 283 283 283 283 283 283 283 283 283 283 283 283 283 283 283 283 283 283 283 283 283 283 283 283 
283 283 283 283 283 405 0 0 0 0 0 0 403 283 283 283 283 283 283 283 283 283 283 283 283 283 283 283 283 283 283 283 283 283 283 283 283 283 283 283 
283 283 283 283 283 405 0 0 0 0 0 0 403 283 283 283 283 283 283 283 283 283 283 283 283 283 283 283 283 283 283 283 283 283 283 283 283 283 283 283 
283 283 283 283 283 405 0 0 0 0 0 0 403 283 283 283 283 283 283 283 283 283 283 283 283 283 283 283 283 283 283 283 283 283 283 283 283 283 283 283 
0