295 295 417 0 0 0 0 0 0 0 0 0 0 0 0 0 0 0 0 0 0 0 0 0 0 0 0 0 0 0 0 0 0 0 0 0 0 415 295 295 
295 295 417 0 0 0 0 0 0 0 0 0 0 0 0 0 0 0 0 0 0 0 0 0 0 0 0 0 0 0 0 0 0 0 0 0 0 415 295 295 
295 295 417 0 0 0 0 0 0 0 0 0 0 0 0 0 0 0 0 0 0 0 0 0 0 0 0 0 0 0 0 0 0 0 0 0 0 415 295 295 
295 295 417 0 0 0 0 0 0 0 0 0 0 0 0 0 0 0 0 0 0 0 0 0 0 0 0 0 0 0 0 0 0 0 0 0 0 415 295 295 
295 295 417 0 0 0 0 0 0 0 0 0 0 0 0 0 0 0 0 0 0 0 0 0 0 0 0 0 0 0 0 0 0 0 0 0 0 415 295 295 
295 295 417 0 0 0 0 0 0 0 0 0 0 0 0 0 0 0 0 0 0 0 775 776 776 776 776 776 776 776 776 776 776 776 776 776 776 415 295 295 
295 295 417 0 0 0 0 0 0 0 0 0 0 0 0 0 0 0 0 0 0 0 815 695 695 695 695 695 695 695 695 695 695 695 695 695 695 415 295 295 
295 295 417 0 0 0 0 0 0 0 0 0 0 0 0 0 0 0 0 0 0 0 815 695 695 695 695 695 695 695 695 695 695 695 695 695 695 415 295 295 
295 295 417 0 0 0 0 0 0 0 0 0 0 0 0 0 0 0 0 0 0 0 815 695 695 695 695 695 695 695 695 695 695 695 695 695 695 415 295 295 
295 295 417 0 0 0 0 0 0 0 0 0 0 0 0 0 0 0 0 0 0 0 815 695 695 695 695 695 695 695 695 695 695 695 695 695 695 415 295 295 
295 295 417 0 0 0 0 0 0 0 0 0 0 0 0 0 0 0 0 0 0 0 815 695 695 695 695 695 695 695 695 695 695 695 695 695 695 415 295 295 
295 295 417 0 0 0 0 0 0 0 0 0 0 0 0 0 0 0 0 0 0 0 815 695 695 695 695 695 695 695 695 695 695 695 695 695 695 415 295 295 
295 295 417 0 0 0 0 0 0 0 0 0 0 0 0 0 0 0 0 0 0 0 815 695 695 695 695 695 695 695 695 695 695 695 695 695 695 415 295 295 
295 295 417 0 0 0 0 0 0 0 0 0 0 0 0 0 0 0 0 0 0 0 855 856 856 856 856 697 695 695 695 695 695 695 695 695 695 415 295 295 
295 295 417 0 0 0 0 0 0 0 0 0 0 0 0 0 0 0 0 0 0 0 0 0 0 0 0 815 695 695 695 695 695 695 695 695 695 415 295 295 
295 295 417 0 0 0 0 0 0 0 0 0 0 0 0 0 0 0 0 0 0 0 0 0 0 0 0 815 695 695 695 695 695 695 695 695 695 415 295 295 
295 295 417 0 0 0 0 0 0 0 0 0 0 0 0 0 0 0 0 0 0 0 0 0 0 0 0 815 695 695 695 695 695 695 695 695 695 415 295 295 
295 295 417 0 0 0 0 0 0 0 0 0 0 0 0 0 0 0 0 0 0 0 0 0 0 0 0 815 695 695 695 695 695 695 695 695 695 415 295 295 
295 295 417 776 776 776 776 776 776 777 0 0 0 0 0 0 0 0 0 0 0 0 0 0 0 0 0 815 695 695 695 695 695 695 695 695 695 415 295 295 
295 295 417 695 695 695 695 695 695 817 0 0 0 0 0 0 0 0 0 0 0 0 0 0 0 0 0 815 695 695 695 695 695 695 695 695 695 415 295 295 
295 295 417 695 695 695 695 695 695 817 0 0 0 0 0 0 0 0 0 0 0 0 0 0 0 0 0 815 695 695 695 695 695 695 695 695 695 415 295 295 
295 295 417 695 695 695 695 695 695 817 0 0 0 0 0 0 0 0 0 0 0 0 0 0 0 0 0 815 695 695 695 695 695 695 695 695 695 415 295 295 
295 295 417 695 695 695 695 695 695 817 0 0 0 0 0 0 0 0 0 0 0 0 0 0 0 0 0 815 695 695 695 695 695 695 695 695 695 415 295 295 
295 295 417 695 695 695 695 695 695 817 0 0 0 0 0 0 0 0 0 0 0 0 0 0 0 0 0 815 695 695 695 695 695 695 695 695 695 415 295 295 
295 295 417 695 695 695 695 695 695 817 0 0 0 0 0 0 0 0 0 0 0 0 0 0 0 0 0 815 695 695 695 695 695 695 695 695 695 415 295 295 
295 295 417 695 695 695 695 695 695 817 0 0 0 0 0 0 0 0 0 0 0 0 0 0 0 0 0 815 695 695 695 695 695 695 695 695 695 415 295 295 
295 295 417 695 695 695 695 695 695 817 0 0 0 0 0 0 0 0 0 0 0 0 0 0 0 0 0 815 695 695 695 695 695 695 695 695 695 415 295 295 
295 295 417 695 695 695 695 695 695 817 0 0 0 0 0 0 0 0 0 0 0 0 0 0 0 0 0 815 695 695 695 695 695 695 695 695 695 415 295 295 
295 295 417 695 695 695 695 695 695 817 0 0 0 0 0 0 0 0 0 0 0 0 0 0 0 0 0 815 695 695 695 695 695 695 695 695 695 415 295 295 
0