case rn(41,51):
tmap = new Array();
tmap.push("740,740,218,98,220,258,259,259,259,259,259,259,259,259,259,259,259,259,259,259,259,259,259,259,259,259,259,259,260,218,220,218,98,220,740,740,740,740,740,740");
tmap.push("740,740,218,98,220,0,0,0,0,0,0,0,0,0,0,0,0,0,0,0,0,0,0,0,0,0,0,0,0,218,220,218,98,220,740,740,740,740,740,740");
tmap.push("740,740,218,98,220,0,0,0,0,0,0,0,0,0,0,0,0,0,0,0,0,0,0,0,0,0,0,0,0,218,220,218,98,220,740,740,740,740,740,740");
tmap.push("740,740,218,98,220,0,0,0,0,0,0,0,0,0,0,0,0,0,0,0,0,0,0,0,0,0,0,0,0,218,220,218,98,220,740,740,740,740,740,740");
tmap.push("740,740,218,98,220,0,0,0,0,0,0,0,0,0,0,0,0,0,0,0,0,0,0,0,0,0,0,0,0,218,220,218,98,220,740,740,740,740,740,740");
tmap.push("740,740,218,98,220,0,0,0,0,0,0,0,0,0,0,0,0,0,0,0,0,0,0,0,0,0,0,0,0,218,220,218,98,220,740,740,740,740,740,740");
tmap.push("179,179,140,98,220,0,0,0,0,0,0,0,0,0,0,0,0,0,0,0,0,0,0,0,0,0,0,0,0,218,220,218,98,139,179,179,179,179,179,179");
tmap.push("98,98,98,98,220,0,0,0,0,0,0,0,0,0,0,0,0,0,0,0,0,0,0,0,0,0,0,0,0,218,220,218,98,98,98,98,98,98,98,98");
tmap.push("259,259,259,259,260,0,0,0,0,0,6,6,0,0,0,0,0,0,0,0,0,0,0,6,6,0,0,0,0,218,220,258,259,259,259,259,259,259,259,259");
tmap.push("0,0,0,178,180,0,0,0,0,0,178,180,0,0,0,0,0,0,0,0,0,0,0,178,180,0,0,0,0,218,220,0,0,0,0,0,0,0,0,0");
tmap.push("0,0,0,218,220,0,0,0,0,0,218,220,0,0,0,0,0,0,0,0,0,0,0,218,220,0,0,0,0,218,220,0,0,0,0,0,0,0,0,0");
tmap.push("0,0,0,218,220,0,0,0,0,0,218,220,0,0,0,0,0,0,0,0,0,0,0,218,220,0,0,0,0,218,220,0,0,0,0,0,0,0,0,0");
tmap.push("0,0,0,218,220,0,0,0,0,0,218,220,0,0,0,0,0,0,0,0,0,0,0,218,220,0,0,0,0,218,220,0,0,0,0,0,0,0,0,0");
tmap.push("0,0,0,218,220,0,0,0,0,0,218,220,0,0,0,0,0,0,0,0,0,0,0,258,260,0,0,0,0,218,220,0,0,0,0,0,0,0,0,0");
tmap.push("0,0,0,218,220,0,0,0,0,0,218,220,0,0,0,0,0,0,0,0,0,0,0,7,7,0,0,0,0,218,220,0,0,0,0,0,0,0,0,0");
tmap.push("0,0,0,218,220,0,0,0,0,0,218,220,0,0,0,0,0,0,0,0,0,0,0,0,0,0,0,0,0,218,220,0,0,0,0,0,0,0,0,0");
tmap.push("0,0,0,258,260,0,0,0,0,0,218,220,0,0,0,0,0,0,0,0,0,0,0,0,0,0,0,0,0,218,220,0,0,0,0,0,0,0,0,0");
tmap.push("179,179,179,179,180,0,0,0,0,0,218,220,0,0,0,0,0,0,0,0,0,0,0,0,0,0,0,0,0,218,220,0,0,0,0,178,179,179,179,179");
tmap.push("98,98,98,98,220,0,0,0,0,0,218,220,0,0,0,0,6,6,0,0,0,0,0,0,0,0,0,0,0,218,220,0,0,0,0,218,98,98,98,98");
tmap.push("98,98,98,98,220,0,0,0,0,0,218,220,0,0,0,0,98,98,0,0,0,0,0,0,0,0,0,0,0,258,260,0,0,0,0,218,98,98,98,98");
tmap.push("98,98,98,98,220,0,0,0,0,0,218,220,0,0,0,0,7,7,0,0,0,0,0,0,0,0,0,0,0,7,7,0,0,0,0,218,98,98,98,98");
tmap.push("259,259,100,98,220,0,0,0,0,0,218,220,0,0,0,0,0,0,0,0,0,0,0,0,0,0,0,0,0,0,0,0,0,0,0,218,98,98,98,98");
tmap.push("740,740,218,98,220,0,0,0,0,0,218,220,0,0,0,0,0,0,0,0,0,0,0,0,0,0,0,0,0,0,0,0,0,0,0,218,98,98,98,98");
tmap.push("740,740,218,98,220,0,0,0,0,0,218,220,0,0,0,0,0,0,0,0,0,0,0,0,0,0,0,0,0,0,0,0,0,0,0,258,259,259,259,259");
tmap.push("740,740,218,98,220,0,0,0,0,0,218,220,0,0,0,0,0,0,0,0,0,0,0,178,179,179,179,179,179,179,179,179,179,179,179,179,179,179,179,179");
tmap.push("740,740,218,98,220,0,0,0,0,0,218,220,0,0,0,0,0,0,0,0,0,0,0,218,98,98,98,98,98,98,98,98,98,98,98,98,98,98,98,98");
tmap.push("740,740,218,98,220,0,0,0,0,0,218,220,0,0,0,0,0,0,0,0,0,0,0,218,98,99,259,259,259,259,259,259,259,259,259,259,259,259,259,259");
tmap.push("740,740,218,98,220,0,0,0,0,0,218,220,0,0,0,0,0,0,0,0,0,0,0,218,98,220,740,740,740,740,740,740,740,740,740,740,740,740,740,740");
tmap.push("740,740,218,98,220,0,0,0,0,0,218,220,178,179,179,179,179,179,179,179,179,179,180,218,98,220,740,740,740,740,740,740,740,740,740,740,740,740,740,740");

obj.createentity(game, 280, 120, 10, 1, 51410);  // (savepoint)
obj.createentity(game, 40, 28, 11, 192);  // (horizontal gravity line)
obj.createentity(game, 96, 204, 11, 88);  // (horizontal gravity line)
obj.createentity(game, 144, 156, 11, 88);  // (horizontal gravity line)
obj.createentity(game, 96, 92, 11, 88);  // (horizontal gravity line)
break;
