case rn(43,52):
tmap = new Array();
tmap.push("218,98,98,220,218,98,98,220,218,98,98,220,218,98,98,220,218,98,98,220,218,98,98,220,218,98,98,220,218,98,98,220,218,98,98,220,218,98,98,220");
tmap.push("218,98,98,220,218,98,98,220,218,98,98,220,218,98,98,220,218,98,98,220,218,98,98,220,258,259,259,260,218,98,98,220,218,98,98,220,218,98,98,220");
tmap.push("218,98,98,220,218,98,98,220,218,98,98,220,258,259,259,260,218,98,98,220,258,259,259,260,0,0,0,0,258,259,259,260,218,98,98,220,218,98,98,220");
tmap.push("218,98,98,220,218,98,98,220,258,259,259,260,0,0,0,0,218,98,98,220,0,0,0,0,0,0,0,0,0,0,0,0,218,98,98,220,218,98,98,220");
tmap.push("218,98,98,220,258,259,259,260,0,0,0,0,0,0,0,0,218,98,98,220,0,0,0,0,0,0,0,0,0,0,0,0,218,98,98,220,218,98,98,220");
tmap.push("218,98,98,220,0,0,0,0,0,0,0,0,0,0,0,0,218,98,98,220,0,0,0,0,0,0,0,0,0,0,0,0,218,98,98,220,218,98,98,220");
tmap.push("218,98,98,220,0,0,0,0,0,0,0,0,0,0,0,0,218,98,98,220,0,0,0,0,0,0,0,0,0,0,0,0,218,98,98,220,218,98,98,220");
tmap.push("218,98,98,220,0,0,0,0,0,0,0,0,0,0,0,0,218,98,98,220,0,0,0,0,0,0,0,0,0,0,0,0,218,98,98,220,218,98,98,220");
tmap.push("218,98,98,220,0,0,0,0,0,0,0,0,0,0,0,0,218,98,98,220,0,0,0,0,0,0,0,0,0,0,0,0,218,98,98,220,218,98,98,220");
tmap.push("218,98,98,220,0,0,0,0,0,0,0,0,0,0,0,0,218,98,98,220,0,0,0,0,0,0,0,0,0,0,0,0,218,98,98,220,218,98,98,220");
tmap.push("218,98,98,220,0,0,0,0,0,0,0,0,0,0,0,0,258,259,259,260,0,0,0,0,0,0,0,0,0,0,0,0,218,98,98,220,218,98,98,220");
tmap.push("218,98,98,220,0,0,0,0,178,179,179,180,0,0,0,0,0,0,0,0,0,0,0,0,0,0,0,0,0,0,0,0,218,98,98,220,218,98,98,220");
tmap.push("258,259,259,260,0,0,0,0,218,98,98,220,0,0,0,0,0,0,0,0,0,0,0,0,0,0,0,0,0,0,0,0,218,98,98,220,218,98,98,220");
tmap.push("0,0,0,0,0,0,0,0,218,98,98,220,0,0,0,0,178,179,179,180,0,0,0,0,0,0,0,0,0,0,0,0,218,98,98,220,218,98,98,220");
tmap.push("0,0,0,0,0,0,0,0,218,98,98,220,0,0,0,0,258,259,259,260,0,0,0,0,0,0,0,0,0,0,0,0,218,98,98,220,218,98,98,220");
tmap.push("0,0,0,0,0,0,0,0,218,98,98,220,0,0,0,0,0,0,0,0,0,0,0,0,178,179,179,180,0,0,0,0,218,98,98,220,218,98,98,220");
tmap.push("0,0,0,0,0,0,0,0,218,98,98,220,0,0,0,0,0,0,0,0,0,0,0,0,258,259,259,260,0,0,0,0,218,98,98,220,218,98,98,220");
tmap.push("0,0,0,0,0,0,0,0,218,98,98,220,0,0,0,0,0,0,0,0,0,0,0,0,0,0,0,0,0,0,0,0,218,98,98,220,258,259,259,260");
tmap.push("0,0,0,0,0,0,0,0,218,98,98,220,0,0,0,0,0,0,0,0,0,0,0,0,0,0,0,0,0,0,0,0,258,259,259,260,0,0,0,0");
tmap.push("0,0,0,0,0,0,0,0,218,98,98,220,0,0,0,0,0,0,0,0,0,0,0,0,178,179,179,180,0,0,0,0,0,0,0,0,0,0,0,0");
tmap.push("0,0,0,0,0,0,0,0,218,98,98,220,0,0,0,0,0,0,0,0,0,0,0,0,218,98,98,220,0,0,0,0,0,0,0,0,0,0,0,0");
tmap.push("0,0,0,0,0,0,0,0,218,98,98,220,0,0,0,0,0,0,0,0,0,0,0,0,218,98,98,220,0,0,0,0,0,0,0,0,0,0,0,0");
tmap.push("0,0,0,0,178,179,179,180,218,98,98,220,0,0,0,0,0,0,0,0,0,0,0,0,218,98,98,220,0,0,0,0,0,0,0,0,0,0,0,0");
tmap.push("178,179,179,180,218,98,98,220,218,98,98,220,0,0,0,0,0,0,0,0,0,0,0,0,218,98,98,220,178,179,179,180,0,0,0,0,0,0,0,0");
tmap.push("218,98,98,220,218,98,98,220,218,98,98,220,0,0,0,0,0,0,0,0,0,0,0,0,218,98,98,220,218,98,98,220,178,179,179,180,0,0,0,0");
tmap.push("218,98,98,220,218,98,98,220,218,98,98,220,0,0,0,0,0,0,0,0,0,0,0,0,218,98,98,220,218,98,98,220,218,98,98,220,178,179,179,180");
tmap.push("218,98,98,220,218,98,98,220,218,98,98,220,178,179,179,180,0,0,0,0,178,179,179,180,218,98,98,220,218,98,98,220,218,98,98,220,218,98,98,220");
tmap.push("218,98,98,220,218,98,98,220,218,98,98,220,218,98,98,220,178,179,179,180,218,98,98,220,218,98,98,220,218,98,98,220,218,98,98,220,218,98,98,220");
tmap.push("218,98,98,220,218,98,98,220,218,98,98,220,218,98,98,220,218,98,98,220,218,98,98,220,218,98,98,220,218,98,98,220,218,98,98,220,218,98,98,220");

obj.createentity(game, 264, 176, 10, 1, 52430);  // (savepoint)
obj.createentity(game, 96, 180, 11, 96);  // (horizontal gravity line)
obj.createentity(game, 160, 52, 11, 96);  // (horizontal gravity line)
obj.createentity(game, 240, 136, 1, 2, 8);  // Enemy
obj.createentity(game, 96, 88, 1, 3, 8);  // Enemy
obj.createentity(game, 72, 32, 10, 0, 52431);  // (savepoint)
break;
