case rn(48,52):
tmap = new Array();
tmap.push("98,98,220,218,98,98,98,98,98,98,98,98,98,220,218,98,220,218,98,98,98,98,98,98,98,98,98,98,220,218,98,98,98,98,98,98,98,98,98,98");
tmap.push("98,98,220,258,259,259,259,259,259,259,259,259,259,260,218,98,220,258,259,259,259,259,259,259,259,259,259,259,260,218,98,98,98,98,98,98,98,98,98,98");
tmap.push("259,259,260,7,7,7,7,7,7,7,7,7,7,7,258,259,260,7,7,7,7,7,7,7,7,7,7,7,7,258,259,259,259,259,259,259,259,259,259,259");
tmap.push("179,180,49,0,0,0,0,0,0,0,0,0,0,0,50,740,49,0,0,0,0,0,0,0,0,0,0,0,0,50,178,179,179,179,179,179,179,179,179,179");
tmap.push("98,220,49,0,0,0,0,0,0,0,0,0,0,0,50,740,49,0,0,0,0,0,0,0,0,0,0,0,0,50,218,98,98,98,98,98,98,98,98,98");
tmap.push("98,220,49,0,0,0,0,0,0,0,0,0,0,0,50,740,49,0,0,0,0,0,0,0,0,0,0,0,0,50,218,98,99,259,259,259,259,259,259,259");
tmap.push("98,220,49,0,0,0,0,0,0,0,0,0,0,0,50,740,49,0,0,0,0,0,0,0,0,0,0,0,0,50,218,98,220,740,740,740,740,740,740,740");
tmap.push("259,260,49,0,0,0,0,0,0,0,0,0,0,0,50,740,49,0,0,0,0,0,0,0,0,0,0,0,0,50,218,98,220,740,740,740,740,740,740,740");
tmap.push("7,7,0,0,0,0,0,0,0,0,0,0,0,0,50,740,49,0,0,0,0,0,0,0,0,0,0,0,0,50,218,98,220,740,740,740,740,740,740,740");
tmap.push("0,0,0,0,0,0,0,0,0,0,0,0,0,0,50,740,49,0,0,0,0,0,0,0,0,0,0,0,0,50,218,98,220,740,740,740,740,740,740,740");
tmap.push("0,0,0,0,0,0,0,0,0,0,0,0,0,0,50,740,49,0,0,0,0,0,0,0,0,0,0,0,0,50,218,98,139,179,179,179,179,179,179,179");
tmap.push("0,0,0,0,0,0,0,0,0,0,0,0,0,0,50,740,49,0,0,0,0,0,0,0,0,0,0,0,0,50,218,98,98,98,98,98,98,98,98,98");
tmap.push("0,0,0,0,0,0,0,0,0,0,0,0,0,0,50,740,49,0,0,0,0,0,0,0,0,0,0,0,0,50,258,259,259,259,259,259,259,259,259,259");
tmap.push("0,0,0,0,0,0,0,0,0,0,0,0,0,0,50,740,49,0,0,0,0,0,0,6,0,0,0,0,0,0,7,0,0,0,0,0,0,0,0,0");
tmap.push("0,0,0,0,0,0,0,0,0,0,0,0,0,0,50,740,49,0,0,0,0,0,50,740,49,0,0,0,0,0,0,0,0,0,0,0,0,0,0,0");
tmap.push("0,0,0,0,0,0,0,0,6,0,0,0,0,0,0,7,0,0,0,0,0,0,50,740,49,0,0,0,0,0,0,0,0,0,0,0,0,0,0,0");
tmap.push("179,179,179,179,179,179,179,179,180,49,0,0,0,0,0,0,0,0,0,0,0,0,50,740,49,0,0,0,0,0,0,0,0,0,0,0,0,0,0,0");
tmap.push("98,98,98,98,98,98,98,98,220,49,0,0,0,0,0,0,0,0,0,0,0,0,50,740,49,0,0,0,0,0,0,0,0,0,0,0,0,0,0,0");
tmap.push("259,259,259,259,259,259,100,98,220,49,0,0,0,0,0,0,0,0,0,0,0,0,50,740,49,0,0,0,0,0,0,0,0,0,0,0,0,0,0,0");
tmap.push("740,740,740,740,740,740,218,98,220,49,0,0,0,0,0,0,0,0,0,0,0,0,50,740,49,0,0,0,0,0,0,0,0,0,0,0,0,0,0,0");
tmap.push("740,740,740,740,740,740,218,98,220,49,0,0,0,0,0,0,0,0,0,0,0,0,50,740,49,0,0,0,0,0,0,0,0,0,0,0,0,0,6,6");
tmap.push("740,740,740,740,740,740,218,98,220,49,0,0,0,0,0,0,0,0,0,0,0,0,50,740,49,0,0,0,0,0,0,0,0,0,0,0,0,50,178,179");
tmap.push("740,740,740,740,740,740,218,98,220,49,0,0,0,0,0,0,0,0,0,0,0,0,50,740,49,0,0,0,0,0,0,0,0,0,0,0,0,50,218,98");
tmap.push("740,740,740,740,740,740,218,98,220,49,0,0,0,0,0,0,0,0,0,0,0,0,50,740,49,0,0,0,0,0,0,0,0,0,0,0,0,50,218,98");
tmap.push("179,179,179,179,179,179,140,98,220,49,0,0,0,0,0,0,0,0,0,0,0,0,50,740,49,0,0,0,0,0,0,0,0,0,0,0,0,50,218,98");
tmap.push("98,98,98,98,98,98,98,98,220,49,0,0,0,0,0,0,0,0,0,0,0,0,50,740,49,0,0,0,0,0,0,0,0,0,0,0,0,50,218,98");
tmap.push("259,259,259,259,259,259,259,259,260,49,0,0,0,0,0,0,0,0,0,0,0,0,50,740,49,0,0,0,0,0,0,0,0,0,0,0,0,50,258,259");
tmap.push("179,179,179,179,179,179,179,179,179,180,6,6,6,6,6,6,6,6,6,6,6,6,178,179,180,6,6,6,6,6,6,6,6,6,6,6,6,178,179,179");
tmap.push("98,98,98,98,98,98,98,98,98,220,178,179,179,179,179,179,179,179,179,179,179,180,218,98,220,178,179,179,179,179,179,179,179,179,179,179,180,218,98,98");

obj.createentity(game, 16, 112, 10, 1, 52480);  // (savepoint)
obj.createentity(game, 67, 24, 12, 96);  // (vertical gravity line)
obj.createentity(game, 243, 112, 12, 104);  // (vertical gravity line)
obj.createentity(game, 288, 104, 10, 0, 52481);  // (savepoint)
obj.createentity(game, 187, 24, 12, 80);  // (vertical gravity line)
obj.createentity(game, 123, 128, 12, 88);  // (vertical gravity line)
break;
