case rn(49,54):
tmap = new Array();
tmap.push("98,98,98,98,98,220,0,0,218,220,0,0,218,98,220,0,0,0,0,218,220,0,0,0,0,218,98,220,0,0,218,220,0,0,218,98,220,740,740,740");
tmap.push("98,98,98,98,98,220,0,0,218,220,0,0,218,98,220,0,0,0,0,218,220,0,0,0,0,218,98,220,0,0,218,220,0,0,218,98,220,740,740,740");
tmap.push("98,98,98,98,98,220,0,0,218,220,0,0,218,98,220,0,0,0,0,218,220,0,0,0,0,258,259,260,0,0,218,220,0,0,218,98,220,740,740,740");
tmap.push("259,259,259,259,259,260,0,0,218,220,0,0,218,98,220,0,0,0,0,218,220,0,0,0,0,0,0,0,0,0,218,220,0,0,218,98,220,740,740,740");
tmap.push("0,0,0,0,0,0,0,0,218,220,0,0,218,98,220,0,0,0,0,218,220,0,0,0,0,0,0,0,0,0,218,220,0,0,218,98,220,740,740,740");
tmap.push("0,0,0,0,0,0,0,0,218,220,0,0,218,98,220,0,0,0,0,218,220,0,0,0,0,0,0,0,0,0,218,220,0,0,218,98,220,740,740,740");
tmap.push("0,0,0,0,0,0,0,0,218,220,0,0,218,98,220,0,0,0,0,218,220,0,0,0,0,0,0,0,0,0,218,220,0,0,218,98,220,740,740,740");
tmap.push("0,0,0,0,0,0,0,0,258,260,0,0,218,98,220,0,0,0,0,218,220,0,0,0,0,0,0,0,0,0,258,260,0,0,218,98,220,740,740,740");
tmap.push("179,179,179,179,179,179,179,179,179,180,0,0,218,98,220,0,0,0,0,258,260,0,0,0,0,178,179,179,179,179,179,180,0,0,218,98,220,740,740,740");
tmap.push("98,98,98,98,98,98,98,98,98,220,0,0,218,98,220,0,0,0,0,7,7,0,0,0,0,218,98,98,98,98,98,220,0,0,218,98,220,740,740,740");
tmap.push("98,98,98,98,98,98,98,98,98,220,0,0,218,98,220,0,0,0,0,0,0,0,0,0,0,218,98,98,98,98,98,220,0,0,218,98,220,740,740,740");
tmap.push("259,259,259,259,259,259,259,259,259,260,0,0,218,98,220,0,0,0,0,0,0,0,0,0,0,258,259,259,259,259,259,260,0,0,218,98,220,740,740,740");
tmap.push("179,179,179,179,179,180,0,0,0,0,0,0,218,98,220,0,0,0,0,0,0,0,0,0,0,178,179,180,0,0,0,0,0,0,218,98,220,740,740,740");
tmap.push("98,98,98,98,98,220,0,0,0,0,0,0,218,98,220,0,0,0,0,0,0,0,0,0,0,218,98,220,0,0,0,0,0,0,218,98,220,740,740,740");
tmap.push("259,259,259,100,98,220,0,0,0,0,0,0,218,98,220,0,0,0,0,0,0,0,0,0,0,218,98,220,0,0,0,0,0,0,218,98,139,179,179,179");
tmap.push("740,740,740,218,98,220,0,0,0,0,0,0,218,98,220,0,0,0,0,0,0,0,0,0,0,218,98,220,0,0,0,0,0,0,218,98,98,98,98,98");
tmap.push("740,740,740,218,98,220,0,0,0,0,0,0,258,259,260,0,0,0,0,0,0,0,0,0,0,218,98,220,0,0,0,0,0,0,258,259,259,259,259,259");
tmap.push("740,740,740,218,98,220,0,0,178,179,179,179,179,179,180,0,0,0,0,0,0,0,0,0,0,218,98,220,0,0,178,179,179,179,179,179,179,179,179,179");
tmap.push("740,740,740,218,98,220,0,0,218,98,98,98,98,98,220,0,0,0,0,0,0,0,0,0,0,218,98,220,0,0,218,98,98,98,98,98,98,98,98,98");
tmap.push("740,740,740,218,98,220,0,0,218,98,98,98,98,98,220,0,0,0,0,6,6,0,0,0,0,218,98,220,0,0,218,98,98,98,98,98,98,98,98,98");
tmap.push("740,740,740,218,98,220,0,0,258,259,259,259,259,259,260,0,0,0,0,178,180,0,0,0,0,218,98,220,0,0,258,259,259,259,259,259,259,259,259,259");
tmap.push("740,740,740,218,98,220,0,0,178,180,0,0,0,0,0,0,0,0,0,218,220,0,0,0,0,218,98,220,0,0,178,180,0,0,0,0,0,0,0,0");
tmap.push("740,740,740,218,98,220,0,0,218,220,0,0,0,0,0,0,0,0,0,218,220,0,0,0,0,218,98,220,0,0,218,220,0,0,0,0,0,0,0,0");
tmap.push("740,740,740,218,98,220,0,0,218,220,0,0,0,0,0,0,0,0,0,218,220,0,0,0,0,218,98,220,0,0,218,220,0,0,0,0,0,0,0,0");
tmap.push("740,740,740,218,98,220,0,0,218,220,0,0,0,0,0,0,0,0,0,218,220,0,0,0,0,218,98,220,0,0,218,220,0,0,0,0,0,0,0,0");
tmap.push("740,740,740,218,98,220,0,0,218,220,0,0,0,0,0,0,0,0,0,218,220,0,0,0,0,218,98,220,0,0,218,220,0,0,178,179,179,179,179,179");
tmap.push("740,740,740,218,98,220,0,0,218,220,0,0,178,179,180,0,0,0,0,218,220,0,0,0,0,218,98,220,0,0,218,220,0,0,218,98,98,98,98,98");
tmap.push("740,740,740,218,98,220,0,0,218,220,0,0,218,98,220,0,0,0,0,218,220,0,0,0,0,218,98,220,0,0,218,220,0,0,218,98,98,98,98,98");
tmap.push("740,740,740,218,98,220,0,0,218,220,0,0,218,98,220,0,0,0,0,218,220,0,0,0,0,218,98,220,0,0,218,220,0,0,218,98,98,98,98,98");

obj.createentity(game, 120, 116, 11, 80);  // (horizontal gravity line)
break;
