case rn(52,53):
tmap = new Array();
tmap.push("740,740,740,740,740,740,740,740,740,740,740,740,740,740,740,740,740,740,740,740,740,740,740,740,740,740,740,740,740,740,740,740,740,740,740,740,740,740,740,740");
tmap.push("740,740,740,740,740,740,740,740,740,740,740,740,740,740,740,740,740,740,740,740,740,740,740,740,740,740,740,740,740,740,740,740,740,740,740,740,740,740,740,740");
tmap.push("740,740,740,740,740,740,740,740,740,740,740,740,740,740,740,740,740,740,740,740,740,740,740,740,740,740,740,740,740,740,740,740,740,740,740,740,740,740,740,740");
tmap.push("740,740,740,740,740,740,740,740,740,740,740,740,740,740,740,740,740,740,740,740,740,740,740,740,740,740,740,740,740,740,740,740,740,740,740,740,740,740,740,740");
tmap.push("0,0,0,0,0,0,0,0,0,0,740,740,740,740,740,740,740,740,740,740,740,740,740,740,740,740,740,740,740,740,740,740,740,740,740,740,740,740,740,740");
tmap.push("0,0,0,0,0,0,0,0,0,0,0,740,740,740,740,740,740,740,740,740,740,740,740,740,740,740,740,740,740,740,740,740,740,740,740,740,740,740,740,740");
tmap.push("0,0,0,0,0,0,0,0,0,0,0,0,740,740,740,740,740,740,740,740,740,740,740,740,740,740,740,7,7,7,7,7,7,740,740,740,740,740,740,740");
tmap.push("0,0,0,0,0,0,0,0,0,0,0,0,0,740,740,740,740,740,740,740,740,740,740,740,7,7,7,0,0,0,0,0,0,7,7,7,740,740,740,740");
tmap.push("740,740,740,740,740,740,740,0,0,0,0,0,0,7,740,740,740,740,740,740,740,740,7,7,0,0,0,0,0,0,0,0,0,0,0,0,7,7,7,7");
tmap.push("740,740,740,740,740,740,740,740,0,0,0,0,0,0,7,7,7,7,7,7,7,7,0,0,0,0,0,0,0,0,0,0,0,0,0,0,0,0,0,0");
tmap.push("740,740,740,740,740,740,740,740,740,0,0,0,0,0,0,0,0,0,0,0,0,0,0,0,0,0,0,0,0,0,0,0,0,0,0,0,0,0,0,0");
tmap.push("740,740,740,740,740,740,740,740,740,740,0,0,0,0,0,0,0,0,0,0,0,0,0,0,0,0,0,0,0,0,0,0,0,0,0,0,0,0,0,0");
tmap.push("740,740,740,740,740,740,740,740,740,740,0,0,0,0,0,0,0,0,0,0,0,0,0,0,0,0,0,0,0,0,0,0,0,0,0,0,0,0,0,0");
tmap.push("740,740,740,740,740,740,740,740,740,740,0,0,0,0,0,0,0,0,0,0,0,0,0,0,0,0,0,0,0,0,0,0,0,0,0,0,0,0,0,0");
tmap.push("740,740,740,740,740,740,740,740,740,740,0,0,0,0,0,0,0,0,0,0,0,0,0,0,0,0,0,0,0,0,0,0,0,0,0,0,0,0,0,0");
tmap.push("740,740,740,740,740,740,740,740,740,740,0,0,0,0,0,0,0,0,0,0,0,0,0,0,0,0,0,0,0,0,0,0,0,0,0,0,0,0,0,0");
tmap.push("740,740,740,740,740,740,740,740,740,740,0,0,0,0,0,0,0,0,0,0,0,0,0,0,0,0,0,0,0,0,0,0,0,0,0,0,0,0,0,0");
tmap.push("740,740,740,740,740,740,740,740,740,740,0,0,0,0,0,0,0,0,0,0,0,0,0,0,0,0,0,0,0,0,0,0,0,0,0,0,0,0,0,0");
tmap.push("740,740,740,740,740,740,740,740,740,740,0,0,0,0,0,0,0,0,0,0,0,0,0,0,0,0,0,0,0,0,0,0,0,0,0,0,0,0,0,0");
tmap.push("740,740,740,740,740,740,740,740,740,740,0,0,0,0,0,0,0,0,0,0,0,0,0,0,0,0,0,0,0,0,0,0,0,0,0,0,0,0,0,0");
tmap.push("740,740,740,740,740,740,740,740,740,740,6,6,6,6,6,6,6,6,6,6,6,6,0,0,0,0,0,0,0,0,0,0,0,0,0,0,0,0,6,6");
tmap.push("740,740,740,740,740,740,740,740,740,740,740,740,740,740,740,740,740,740,740,740,740,740,6,6,6,6,6,6,6,0,0,0,0,0,6,6,6,6,740,740");
tmap.push("740,740,740,740,740,740,740,740,740,740,740,740,740,740,740,740,740,740,740,740,740,740,740,740,740,740,740,740,740,6,6,6,6,6,740,740,740,740,740,740");
tmap.push("740,740,740,740,740,740,740,740,740,740,740,740,740,740,740,740,740,740,740,740,740,740,740,740,740,740,740,740,740,740,740,740,740,740,740,740,740,740,740,740");
tmap.push("740,740,740,740,740,740,740,740,740,740,740,740,740,740,740,740,740,740,740,740,740,740,740,740,740,740,740,740,740,740,740,740,740,740,740,740,740,740,740,740");
tmap.push("740,740,740,740,740,740,740,740,740,740,740,740,740,740,740,740,740,740,740,740,740,740,740,740,740,740,740,740,740,740,740,740,740,740,740,740,740,740,740,740");
tmap.push("740,740,740,740,740,740,740,740,740,740,740,740,740,740,740,740,740,740,740,740,740,740,740,740,740,740,740,740,740,740,740,740,740,740,740,740,740,740,740,740");
tmap.push("740,740,740,740,740,740,740,740,740,740,740,740,740,740,740,740,740,740,740,740,740,740,740,740,740,740,740,740,740,740,740,740,740,740,740,740,740,740,740,740");
tmap.push("740,740,740,740,740,740,740,740,740,740,740,740,740,740,740,740,740,740,740,740,740,740,740,740,740,740,740,740,740,740,740,740,740,740,740,740,740,740,740,740");

obj.createentity(game, 16, 48, 10, 1, 53520);  // (savepoint)
obj.createentity(game, 96, 144, 3);  //Disappearing Platform
obj.createentity(game, 128, 144, 3);  //Disappearing Platform
obj.createentity(game, 160, 144, 3);  //Disappearing Platform
obj.createentity(game, 208, 80, 3);  //Disappearing Platform
obj.createentity(game, 240, 80, 3);  //Disappearing Platform
obj.createentity(game, 272, 80, 3);  //Disappearing Platform
obj.createentity(game, 304, 80, 3);  //Disappearing Platform
break;
