case rn(54,53):
tmap = new Array();
tmap.push("740,740,740,740,740,740,740,740,740,740,740,740,740,740,740,740,0,0,0,0,0,0,0,0,740,740,740,740,740,740,740,740,740,740,740,740,740,740,740,740");
tmap.push("740,740,740,740,740,740,740,740,740,740,740,740,740,740,740,740,0,0,0,0,0,0,0,0,740,740,740,740,740,740,740,740,740,740,740,740,740,740,740,740");
tmap.push("740,740,740,740,740,740,740,740,740,740,740,740,740,740,740,740,0,0,0,0,0,0,0,0,740,740,740,740,740,740,740,740,740,740,740,740,740,740,740,740");
tmap.push("740,740,740,740,740,740,740,740,740,740,740,740,740,740,740,740,0,0,0,0,0,0,0,0,740,740,740,740,740,740,740,740,740,740,740,740,740,740,740,740");
tmap.push("740,740,740,740,740,740,740,740,740,740,740,740,740,740,740,740,0,0,0,0,0,0,0,0,740,740,740,740,740,740,740,740,740,740,740,740,740,740,740,740");
tmap.push("740,740,740,740,740,740,740,740,740,740,740,740,740,740,740,740,740,0,0,0,0,0,0,740,740,740,740,740,740,740,740,740,740,740,740,740,740,740,740,740");
tmap.push("740,740,740,740,740,740,740,740,740,740,740,740,740,740,740,740,740,0,0,0,0,0,0,740,740,740,740,740,740,740,740,740,740,740,740,740,740,740,740,740");
tmap.push("740,740,740,740,740,740,740,740,740,740,740,740,740,740,740,740,740,0,0,0,0,0,0,740,740,740,740,740,740,740,740,740,740,740,740,740,740,740,740,740");
tmap.push("7,7,7,7,7,7,7,7,7,7,7,7,7,7,740,740,740,0,0,0,0,0,0,740,740,740,740,740,740,740,740,740,740,740,740,740,740,740,740,740");
tmap.push("0,0,0,0,0,0,0,0,0,0,0,0,0,0,740,740,740,0,0,0,0,0,0,740,740,740,740,740,740,740,740,740,740,740,740,740,740,740,740,740");
tmap.push("0,0,0,0,0,0,0,0,0,0,0,0,0,0,740,740,740,740,0,0,0,0,740,740,740,740,740,740,740,740,740,740,740,740,740,740,740,740,740,740");
tmap.push("0,0,0,0,0,0,0,0,0,0,0,0,0,0,740,740,740,740,0,0,0,0,740,740,740,740,740,740,740,740,740,740,740,740,740,740,740,740,740,740");
tmap.push("0,0,0,0,0,0,0,0,0,0,0,0,0,0,740,740,740,740,0,0,0,0,740,740,740,740,740,740,740,740,740,740,740,740,740,740,740,740,740,740");
tmap.push("0,0,0,0,0,0,0,0,0,0,0,0,0,0,740,740,740,740,0,0,0,0,740,740,740,740,740,740,740,740,740,740,740,740,740,740,740,740,740,740");
tmap.push("0,0,0,0,0,0,0,0,0,0,0,0,0,0,7,7,7,7,0,0,0,0,740,740,740,740,740,740,740,740,740,740,740,740,740,740,740,740,740,740");
tmap.push("0,0,0,0,0,0,0,0,0,0,0,0,0,0,0,0,0,0,0,0,0,0,740,740,740,740,740,740,740,740,740,740,740,740,740,740,740,740,740,740");
tmap.push("0,0,0,0,0,0,0,0,0,0,0,0,0,0,0,0,0,0,0,0,0,0,740,740,740,740,740,740,740,740,740,740,740,740,740,740,740,740,740,740");
tmap.push("0,0,0,0,0,0,0,0,0,0,0,0,0,0,0,0,0,0,0,0,0,0,740,740,740,740,740,740,740,740,740,740,740,740,740,740,740,740,740,740");
tmap.push("0,0,0,0,0,0,0,0,0,0,0,0,0,0,0,0,0,0,0,0,0,0,740,740,740,740,740,740,740,740,740,740,740,740,740,740,740,740,740,740");
tmap.push("0,0,0,0,0,0,0,0,0,0,0,0,740,740,740,740,740,740,740,740,740,740,740,740,740,740,740,740,740,740,740,740,740,740,740,740,740,740,740,740");
tmap.push("6,6,6,6,0,0,0,0,0,0,0,0,740,740,740,740,740,740,740,740,740,740,740,740,740,740,740,740,740,740,740,740,740,740,740,740,740,740,740,740");
tmap.push("740,740,740,740,6,6,6,6,0,0,0,0,740,740,740,740,740,740,740,740,740,740,740,740,740,740,740,740,740,740,740,740,740,740,740,740,740,740,740,740");
tmap.push("740,740,740,740,740,740,740,740,6,6,6,6,740,740,740,740,740,740,740,740,740,740,740,740,740,740,740,740,740,740,740,740,740,740,740,740,740,740,740,740");
tmap.push("740,740,740,740,740,740,740,740,740,740,740,740,740,740,740,740,740,740,740,740,740,740,740,740,740,740,740,740,740,740,740,740,740,740,740,740,740,740,740,740");
tmap.push("740,740,740,740,740,740,740,740,740,740,740,740,740,740,740,740,740,740,740,740,740,740,740,740,740,740,740,740,740,740,740,740,740,740,740,740,740,740,740,740");
tmap.push("740,740,740,740,740,740,740,740,740,740,740,740,740,740,740,740,740,740,740,740,740,740,740,740,740,740,740,740,740,740,740,740,740,740,740,740,740,740,740,740");
tmap.push("740,740,740,740,740,740,740,740,740,740,740,740,740,740,740,740,740,740,740,740,740,740,740,740,740,740,740,740,740,740,740,740,740,740,740,740,740,740,740,740");
tmap.push("740,740,740,740,740,740,740,740,740,740,740,740,740,740,740,740,740,740,740,740,740,740,740,740,740,740,740,740,740,740,740,740,740,740,740,740,740,740,740,740");
tmap.push("740,740,740,740,740,740,740,740,740,740,740,740,740,740,740,740,740,740,740,740,740,740,740,740,740,740,740,740,740,740,740,740,740,740,740,740,740,740,740,740");

obj.createentity(game, 0, 88, 3);  //Disappearing Platform
obj.createentity(game, 32, 88, 3);  //Disappearing Platform
obj.createentity(game, 64, 88, 3);  //Disappearing Platform
obj.createentity(game, 120, 128, 9, 0, 0+coin);  // (shiny trinket)
break;
