case rn(50,51):
tmap = new Array();
tmap.push("207,207,207,207,207,207,207,207,207,206,86,208,0,0,0,0,206,86,208,207,207,206,86,208,0,0,0,0,206,86,208,207,207,207,207,207,207,207,207,207");
tmap.push("207,207,207,207,207,207,207,207,207,206,86,208,0,0,0,0,206,86,208,207,207,206,86,208,0,0,0,0,206,86,208,207,207,207,207,207,207,207,207,207");
tmap.push("207,207,207,207,207,207,207,207,207,206,86,208,0,0,0,0,206,86,208,207,207,206,86,208,0,0,0,0,206,86,208,207,207,207,207,207,207,207,207,207");
tmap.push("207,207,207,207,207,207,207,207,207,206,86,208,0,0,0,0,206,86,208,207,207,206,86,208,0,0,0,0,206,86,208,207,207,207,207,207,207,207,207,207");
tmap.push("207,207,207,207,207,207,207,207,207,206,86,208,0,0,0,0,206,86,208,207,207,206,86,208,0,0,0,0,206,86,208,207,207,207,207,207,207,207,207,207");
tmap.push("207,207,207,207,207,207,207,207,207,206,86,208,0,0,0,0,206,86,208,207,207,206,86,208,0,0,0,0,206,86,208,207,207,207,207,207,207,207,207,207");
tmap.push("207,207,207,207,207,207,207,207,207,206,86,208,0,0,0,0,206,86,208,207,207,206,86,208,0,0,0,0,206,86,127,167,167,167,167,167,167,167,167,167");
tmap.push("207,207,207,207,207,207,207,207,207,206,86,208,0,0,0,0,206,86,208,207,207,206,86,208,0,0,0,0,206,86,86,86,86,86,86,86,86,86,86,86");
tmap.push("207,207,207,207,207,207,207,207,207,206,86,208,0,0,0,0,206,86,208,207,207,206,86,208,0,0,0,0,246,247,247,247,247,247,247,247,247,247,247,247");
tmap.push("167,167,167,167,167,167,167,167,167,128,86,208,0,0,0,0,206,86,127,167,167,128,86,208,0,0,0,0,7,7,7,7,7,7,7,7,7,7,7,7");
tmap.push("86,86,86,86,86,86,86,86,86,86,86,208,0,0,0,0,206,86,86,86,86,86,86,208,0,0,0,0,0,0,0,0,0,0,0,0,0,0,0,0");
tmap.push("247,247,247,247,247,247,247,247,247,247,247,248,0,0,0,0,246,247,247,247,247,247,247,248,0,0,0,0,0,0,0,0,0,0,0,0,0,0,0,0");
tmap.push("7,7,7,7,7,7,7,7,7,7,7,7,0,0,0,0,7,7,7,7,7,7,7,7,0,0,0,0,0,0,0,0,0,0,0,0,0,0,0,0");
tmap.push("0,0,0,0,0,0,0,0,0,0,0,0,0,0,0,0,0,0,0,0,0,0,0,0,0,0,0,0,0,0,0,0,0,0,0,0,0,0,0,0");
tmap.push("0,0,0,0,0,0,0,0,0,0,0,0,0,0,0,0,0,0,0,0,0,0,0,0,0,0,0,0,0,0,0,0,0,0,0,0,0,0,0,0");
tmap.push("0,0,0,0,0,0,0,0,0,0,0,0,0,0,0,0,0,0,0,0,0,0,0,0,0,0,0,0,0,0,0,0,0,0,0,0,0,0,0,0");
tmap.push("6,6,6,6,6,6,6,6,6,6,6,6,0,0,0,0,0,0,0,0,0,0,0,0,0,0,0,0,6,6,6,6,6,6,6,6,6,6,6,6");
tmap.push("167,167,167,167,167,167,167,167,167,167,167,168,0,0,0,0,0,0,0,0,0,0,0,0,0,0,0,0,166,167,167,167,167,167,167,167,167,167,167,167");
tmap.push("86,86,86,86,86,86,86,86,86,86,86,208,0,0,0,0,0,0,0,0,0,0,0,0,0,0,0,0,206,86,86,86,86,86,86,86,86,86,86,86");
tmap.push("247,247,247,247,247,247,247,247,247,88,86,208,0,0,0,0,6,6,6,6,6,6,6,6,0,0,0,0,206,86,87,247,247,247,247,247,247,247,247,247");
tmap.push("207,207,207,207,207,207,207,207,207,206,86,208,0,0,0,0,166,167,167,167,167,167,167,168,0,0,0,0,206,86,208,207,207,207,207,207,207,207,207,207");
tmap.push("207,207,207,207,207,207,207,207,207,206,86,208,0,0,0,0,206,86,86,86,86,86,86,208,0,0,0,0,206,86,208,207,207,207,207,207,207,207,207,207");
tmap.push("207,207,207,207,207,207,207,207,207,206,86,208,0,0,0,0,206,86,87,247,247,88,86,208,0,0,0,0,206,86,208,207,207,207,207,207,207,207,207,207");
tmap.push("207,207,207,207,207,207,207,207,207,206,86,208,0,0,0,0,206,86,208,207,207,206,86,208,0,0,0,0,206,86,208,207,207,207,207,207,207,207,207,207");
tmap.push("207,207,207,207,207,207,207,207,207,206,86,208,0,0,0,0,206,86,208,207,207,206,86,208,0,0,0,0,206,86,208,207,207,207,207,207,207,207,207,207");
tmap.push("207,207,207,207,207,207,207,207,207,206,86,208,0,0,0,0,206,86,208,207,207,206,86,208,0,0,0,0,206,86,208,207,207,207,207,207,207,207,207,207");
tmap.push("207,207,207,207,207,207,207,207,207,206,86,208,0,0,0,0,206,86,208,207,207,206,86,208,0,0,0,0,206,86,208,207,207,207,207,207,207,207,207,207");
tmap.push("207,207,207,207,207,207,207,207,207,206,86,208,0,0,0,0,206,86,208,207,207,206,86,208,0,0,0,0,206,86,208,207,207,207,207,207,207,207,207,207");
tmap.push("207,207,207,207,207,207,207,207,207,206,86,208,0,0,0,0,206,86,208,207,207,206,86,208,0,0,0,0,206,86,208,207,207,207,207,207,207,207,207,207");

obj.createentity(game, 8, 112, 2, 3, 4, -96, -72, 400, 312);  // Platform, bounded
rcol=2;
break;
