0 0 0 0 0 0 0 0 0 0 0 0 0 0 0 0 0 0 0 0 0 0 0 0 0 0 0 0 0 0 0 0 0 0 0 0 0 0 0 0 
0 0 0 1 1 1 0 0 0 0 0 0 0 0 0 0 0 0 0 0 0 0 0 0 0 0 0 0 0 0 1 1 1 0 0 0 0 0 0 0 
0 0 0 1 1 49 0 0 0 0 0 0 0 0 0 0 0 0 0 0 0 0 0 0 0 0 0 0 0 0 50 1 1 0 0 0 0 0 0 0 
0 0 0 1 1 49 0 0 0 0 0 0 0 0 0 0 0 0 0 0 0 0 0 0 0 0 0 0 0 0 50 1 1 0 0 0 0 0 0 0 
0 0 0 1 1 49 0 0 0 0 0 0 0 0 0 0 0 0 0 0 0 0 0 0 0 0 0 0 0 0 50 1 1 0 0 0 0 0 0 0 
0 0 0 1 1 49 0 0 0 0 0 0 0 0 0 0 0 0 0 0 0 0 0 0 0 0 0 0 0 0 50 1 1 0 0 0 0 0 0 0 
0 0 0 1 1 49 0 0 0 0 0 0 0 0 0 0 0 0 0 0 0 0 0 0 0 0 0 0 0 0 50 1 1 0 0 0 0 0 0 0 
0 0 0 1 1 49 0 0 0 0 0 0 0 0 0 0 0 0 0 0 0 0 0 0 0 0 0 0 0 0 50 1 1 0 0 0 0 0 0 0 
0 0 0 1 1 49 0 0 0 0 0 0 0 0 0 0 0 0 0 0 0 0 0 0 0 0 0 0 0 0 50 1 1 0 0 0 0 0 0 0 
0 0 0 1 1 49 0 0 0 0 0 0 0 8 0 0 0 0 0 0 0 0 8 0 0 0 0 0 0 0 50 1 1 0 0 0 0 0 0 0 
0 0 0 1 1 49 0 0 0 0 0 0 50 1 49 0 0 0 0 0 0 50 1 49 0 0 0 0 0 0 50 1 1 0 0 0 0 0 0 0 
0 0 0 1 1 49 0 0 0 0 0 0 50 1 49 0 0 0 0 0 0 50 1 49 0 0 0 0 0 0 1 1 1 0 0 0 0 0 0 0 
0 0 0 1 1 49 0 0 0 0 0 0 50 1 49 0 0 0 0 0 0 50 1 49 0 0 0 0 0 0 0 0 0 0 0 0 0 0 0 0 
0 0 0 1 1 49 0 0 0 0 0 0 50 1 49 0 0 0 0 0 0 50 1 49 0 0 0 0 0 0 0 0 0 0 0 0 0 0 0 0 
0 0 0 1 1 49 0 0 0 0 0 0 50 1 49 0 0 0 0 0 0 50 1 49 0 0 0 0 0 0 0 0 0 0 0 0 0 0 0 0 
0 0 0 1 1 49 0 0 0 0 0 0 50 1 49 0 0 0 0 0 0 50 1 49 0 0 0 0 0 0 0 0 0 0 0 0 0 0 0 0 
0 0 0 1 1 49 0 0 0 0 0 0 50 1 49 0 0 0 0 0 0 50 1 49 0 0 0 0 0 0 0 0 0 0 0 0 0 0 0 0 
0 0 0 1 1 49 0 0 0 0 0 0 50 1 49 0 0 0 0 0 0 50 1 49 0 0 0 0 0 0 0 0 0 0 0 0 0 0 0 0 
0 0 0 1 1 49 0 0 0 0 0 0 50 1 49 0 0 0 0 0 0 50 1 49 0 0 0 0 0 0 0 0 0 0 0 0 0 0 0 0 
0 0 0 1 1 49 0 0 0 0 0 0 50 1 49 0 0 0 0 0 0 50 1 49 0 0 0 0 0 0 0 0 0 0 0 0 0 0 0 0 
0 0 0 1 1 49 0 0 0 0 0 0 50 1 49 0 0 0 0 0 0 50 1 49 0 0 0 0 0 0 0 0 0 0 0 0 0 0 0 0 
0 0 0 1 1 49 0 0 0 0 0 0 50 1 49 0 0 0 0 0 0 50 1 49 0 0 0 0 0 0 0 0 0 0 0 0 0 0 0 0 
0 0 0 1 1 49 0 0 0 0 0 0 50 1 49 0 0 0 0 0 0 50 1 49 0 0 0 0 0 0 0 0 0 0 0 0 0 0 0 0 
0 0 0 1 1 49 0 0 0 0 0 0 50 1 49 0 0 0 0 0 0 50 1 49 0 0 0 0 0 0 0 0 0 0 0 0 0 0 0 0 
0 0 0 1 1 49 0 0 0 0 0 0 50 1 49 0 0 0 0 0 0 50 1 49 0 0 0 0 0 0 0 0 0 0 0 0 0 0 0 0 
0 0 0 1 1 49 0 0 0 0 0 0 50 1 49 0 0 0 0 0 0 50 1 49 0 0 0 0 0 0 0 0 0 0 0 0 0 0 0 0 
0 0 0 1 1 49 0 0 0 0 0 0 50 1 49 0 0 0 0 0 0 50 1 49 0 0 0 0 0 0 0 0 0 0 0 0 0 0 0 0 
0 0 0 1 1 49 0 0 0 0 0 0 50 1 49 0 0 0 0 0 0 50 1 49 0 0 0 0 0 0 0 0 0 0 0 0 0 0 0 0 
0 0 0 1 1 49 0 0 0 0 0 0 50 1 49 0 0 0 0 0 0 50 1 49 0 0 0 0 0 0 0 0 0 0 0 0 0 0 0 0 
5
33 10 11 64
30 12 10 0
6 3 11 192
15 18 11 48
24 18 11 128
