104 104 104 104 104 104 104 104 104 104 104 104 104 104 104 104 104 104 104 104 104 104 104 104 104 104 104 104 104 104 104 104 104 104 104 104 104 104 104 104 
104 104 104 104 104 104 104 104 104 104 104 104 104 104 104 104 104 104 104 104 104 104 104 104 104 104 104 104 104 104 104 104 104 104 104 104 104 104 104 104 
104 104 104 104 104 104 104 104 104 104 104 104 104 104 104 104 104 104 104 104 104 104 104 104 104 104 104 104 104 104 104 104 104 104 104 104 104 104 104 104 
104 104 104 104 104 104 104 104 104 104 104 104 104 104 104 104 104 104 104 104 104 104 104 104 104 104 104 104 104 104 104 104 104 104 104 104 104 104 104 104 
104 104 104 104 104 104 104 104 104 104 104 104 104 104 104 104 104 104 104 104 104 104 104 104 104 104 104 104 104 104 104 104 104 104 104 104 104 104 104 104 
104 104 104 104 105 265 265 265 265 265 265 265 265 265 265 265 265 265 265 265 265 265 265 265 265 265 265 265 265 265 265 265 265 265 265 265 265 265 265 265 
104 104 104 104 226 741 863 0 0 0 0 0 0 0 0 0 0 0 0 0 0 861 741 741 742 902 743 741 742 902 743 741 742 902 743 741 742 902 743 741 
104 104 104 104 226 741 863 0 0 0 0 0 0 0 0 0 0 0 0 0 0 861 741 741 863 0 861 741 863 0 861 741 863 0 861 741 863 0 861 741 
104 104 104 104 226 741 863 0 0 0 0 0 0 0 0 0 0 0 0 0 0 861 741 741 863 0 861 741 863 0 861 741 863 0 861 741 863 0 861 741 
104 104 104 104 226 741 863 0 0 0 0 0 0 0 0 0 0 0 0 0 0 861 741 741 782 822 783 741 782 822 783 741 782 822 783 741 782 822 783 741 
104 104 104 104 226 741 863 0 0 0 0 0 0 0 0 0 0 0 0 0 0 861 741 741 741 741 741 741 741 741 741 741 741 741 741 741 741 741 741 741 
104 104 104 104 226 741 863 0 0 0 0 0 0 0 0 0 0 0 0 0 0 861 741 741 742 902 902 902 902 902 902 902 902 902 902 902 902 902 743 741 
104 104 104 104 226 741 863 0 0 0 0 0 0 0 0 0 0 0 0 0 0 861 741 741 863 0 0 0 0 0 0 0 0 0 0 0 0 0 861 741 
104 104 104 104 226 741 863 0 0 0 0 0 0 0 0 0 0 0 0 0 0 861 741 741 863 0 0 0 0 0 0 0 0 0 0 0 0 0 861 741 
104 104 104 104 226 741 863 0 0 0 0 0 0 0 0 0 0 0 0 0 0 861 741 741 782 822 822 822 822 822 822 822 822 822 822 822 822 822 783 741 
104 104 104 104 226 741 863 0 0 0 0 0 0 0 0 0 0 0 0 0 0 861 741 741 741 741 741 741 741 741 741 741 741 741 741 741 741 741 741 741 
104 104 104 104 226 741 863 0 0 0 0 0 0 0 0 0 0 0 0 0 0 861 741 741 742 902 743 741 742 902 743 741 742 902 743 741 742 902 743 741 
104 104 104 104 226 741 863 0 0 0 0 0 0 0 0 0 0 0 0 0 0 861 741 741 863 0 861 741 863 0 861 741 863 0 861 741 863 0 861 741 
104 104 104 104 226 741 863 0 0 0 0 0 0 0 0 0 0 0 0 0 0 861 741 741 863 0 861 741 863 0 861 741 863 0 861 741 863 0 861 741 
104 104 104 104 226 741 863 0 0 0 0 0 0 0 0 0 0 0 0 0 0 861 741 741 782 822 783 741 782 822 783 741 782 822 783 741 782 822 783 741 
104 104 104 104 226 741 863 0 0 0 0 0 0 0 0 0 0 0 0 0 0 861 741 741 741 741 741 741 741 741 741 741 741 741 741 741 741 741 741 741 
104 104 104 104 226 741 863 0 0 0 0 0 0 0 0 0 0 0 0 0 0 861 741 741 741 741 741 741 741 741 741 741 741 741 741 741 741 741 741 741 
104 104 104 104 145 185 185 185 185 185 185 185 185 185 185 185 185 185 185 185 185 185 185 186 741 741 741 741 741 741 741 741 741 741 741 741 741 741 741 741 
104 104 104 104 104 104 104 104 104 104 104 104 104 104 104 104 104 104 104 104 104 104 104 226 741 741 741 741 741 741 741 741 741 741 741 741 741 741 741 741 
104 104 104 104 104 104 104 104 104 104 104 104 104 104 104 104 104 104 104 104 104 104 104 226 741 741 741 741 741 741 741 741 741 741 741 741 741 741 741 741 
104 104 104 104 104 104 104 104 104 104 104 104 104 104 104 104 104 104 104 104 104 104 104 145 185 185 185 185 185 185 185 185 185 185 185 185 185 185 185 185 
104 104 104 104 104 104 104 104 104 104 104 104 104 104 104 104 104 104 104 104 104 104 104 104 104 104 104 104 104 104 104 104 104 104 104 104 104 104 104 104 
104 104 104 104 104 104 104 104 104 104 104 104 104 104 104 104 104 104 104 104 104 104 104 104 104 104 104 104 104 104 104 104 104 104 104 104 104 104 104 104 
104 104 104 104 104 104 104 104 104 104 104 104 104 104 104 104 104 104 104 104 104 104 104 104 104 104 104 104 104 104 104 104 104 104 104 104 104 104 104 104 
104 104 104 104 104 104 104 104 104 104 104 104 104 104 104 104 104 104 104 104 104 104 104 104 104 104 104 104 104 104 104 104 104 104 104 104 104 104 104 104 
1
8 8 8
