489 489 489 489 489 489 489 489 489 489 489 489 489 489 489 611 0 0 0 609 489 489 489 489 489 489 489 489 489 489 489 489 489 489 489 489 489 489 489 489 
489 489 489 489 489 489 489 489 489 489 489 489 489 489 489 611 0 0 0 609 489 489 489 489 489 489 489 489 489 489 489 489 489 489 489 489 489 489 489 489 
489 489 489 489 489 489 489 489 489 489 489 489 489 489 489 611 690 690 690 609 489 489 489 489 489 489 489 489 489 489 489 489 489 489 489 489 489 489 489 489 
489 489 489 489 489 489 489 489 489 489 489 489 489 489 489 611 0 0 0 609 489 489 489 489 489 489 489 489 489 489 489 489 489 489 489 489 489 489 489 489 
489 489 489 489 489 489 489 489 489 489 489 489 489 489 489 611 0 0 0 609 489 489 489 489 489 489 489 489 489 489 489 489 489 489 489 489 489 489 489 489 
489 489 489 489 489 489 489 489 489 489 489 489 489 489 490 651 0 0 0 609 489 489 489 489 489 489 489 489 489 489 489 489 489 489 489 489 489 489 489 489 
489 489 489 489 489 489 489 489 489 489 489 489 489 489 611 0 0 0 0 609 489 489 489 489 489 489 489 489 489 489 489 489 489 489 489 489 489 489 489 489 
489 489 489 489 489 489 489 489 489 489 489 489 489 489 611 0 0 0 0 609 489 489 489 489 489 489 489 489 489 489 489 489 489 489 489 489 489 489 489 489 
489 489 489 489 489 489 489 489 489 489 489 489 489 489 611 0 0 0 0 649 491 489 489 489 489 489 489 489 489 489 489 489 489 489 489 489 489 489 489 489 
489 489 489 489 489 489 489 489 489 489 489 489 489 490 651 0 0 0 0 0 609 489 489 489 489 489 489 489 489 489 489 489 489 489 489 489 489 489 489 489 
489 489 489 489 489 489 489 489 489 489 489 489 489 611 0 0 0 0 0 0 609 489 489 489 489 489 489 489 489 489 489 489 489 489 489 489 489 489 489 489 
489 489 489 489 489 489 489 489 489 489 489 489 489 611 690 690 690 690 690 690 609 489 489 489 489 489 489 489 489 489 489 489 489 489 489 489 489 489 489 489 
489 489 489 489 489 489 489 489 489 489 489 489 489 611 0 0 0 0 0 0 609 489 489 489 489 489 489 489 489 489 489 489 489 489 489 489 489 489 489 489 
489 489 489 489 489 489 489 489 489 489 489 489 489 611 0 0 0 0 0 0 649 491 489 489 489 489 489 489 489 489 489 489 489 489 489 489 489 489 489 489 
489 489 489 489 489 489 489 489 489 489 489 489 490 651 0 0 0 0 0 0 0 609 489 489 489 489 489 489 489 489 489 489 489 489 489 489 489 489 489 489 
489 489 489 489 489 489 489 489 489 489 489 489 611 0 0 0 0 0 0 0 0 609 489 489 489 489 489 489 489 489 489 489 489 489 489 489 489 489 489 489 
489 489 489 489 489 489 489 489 489 489 489 489 611 690 690 690 690 690 690 690 690 609 489 489 489 489 489 489 489 489 489 489 489 489 489 489 489 489 489 489 
489 489 489 489 489 489 489 489 489 489 489 489 611 0 0 0 0 0 0 0 0 649 491 489 489 489 489 489 489 489 489 489 489 489 489 489 489 489 489 489 
489 489 489 489 489 489 489 489 489 489 489 490 651 0 0 0 0 0 0 0 0 0 609 489 489 489 489 489 489 489 489 489 489 489 489 489 489 489 489 489 
489 489 489 489 489 489 489 489 489 489 489 611 0 0 0 0 0 0 0 0 0 0 609 489 489 489 489 489 489 489 489 489 489 489 489 489 489 489 489 489 
489 489 489 489 489 489 489 489 489 489 489 611 0 0 0 0 0 0 0 0 0 0 609 489 489 489 489 489 489 489 489 489 489 489 489 489 489 489 489 489 
489 489 489 489 489 489 489 489 489 489 489 611 0 0 0 0 0 0 0 0 0 0 649 491 489 489 489 489 489 489 489 489 489 489 489 489 489 489 489 489 
489 489 489 489 489 489 489 489 489 489 489 611 0 0 0 0 0 0 0 0 0 0 0 609 489 489 489 489 489 489 489 489 489 489 489 489 489 489 489 489 
489 489 489 489 489 489 489 489 489 489 489 611 690 690 690 690 690 690 690 690 690 690 690 609 489 489 489 489 489 489 489 489 489 489 489 489 489 489 489 489 
489 489 489 489 489 489 489 489 489 489 490 651 0 0 0 0 0 0 0 0 0 0 0 609 489 489 489 489 489 489 489 489 489 489 489 489 489 489 489 489 
489 489 489 489 489 489 489 489 489 489 611 0 0 0 0 0 0 0 0 0 0 0 0 649 491 489 489 489 489 489 489 489 489 489 489 489 489 489 489 489 
489 489 489 489 489 489 489 489 489 489 611 0 0 0 0 0 0 0 0 0 0 0 0 0 609 489 489 489 489 489 489 489 489 489 489 489 489 489 489 489 
489 489 489 489 489 489 489 489 489 489 611 0 0 0 0 0 0 0 0 0 0 0 0 0 609 489 489 489 489 489 489 489 489 489 489 489 489 489 489 489 
489 489 489 489 489 489 489 489 489 489 611 0 0 0 0 0 0 0 0 0 0 0 0 0 609 489 489 489 489 489 489 489 489 489 489 489 489 489 489 489 
489 489 489 489 489 489 489 489 489 489 611 0 0 0 0 0 0 0 0 0 0 0 0 0 609 489 489 489 489 489 489 489 489 489 489 489 489 489 489 489 
0
