case rn(101,116):
tmap = new Array();
tmap.push("0,0,0,0,0,0,0,0,0,695,0,0,0,0,0,0,0,0,0,0,0,0,0,0,0,0,615,495,495,495,495,495,495,495,495,495,495,495,495,495");
tmap.push("0,0,0,0,0,0,0,0,0,695,0,0,0,0,0,0,0,0,0,0,0,0,0,0,0,0,615,495,495,495,495,495,495,495,495,495,495,495,495,495");
tmap.push("0,0,0,0,0,0,0,0,0,695,0,0,0,0,0,0,0,0,0,0,0,0,0,0,0,0,615,495,495,495,495,495,495,495,495,495,495,495,495,495");
tmap.push("0,0,0,0,0,0,0,0,0,695,0,0,0,0,0,0,0,0,0,0,0,0,0,0,0,0,615,495,496,656,656,656,656,656,656,656,656,656,656,656");
tmap.push("0,0,0,0,0,0,0,0,0,695,0,0,0,0,0,0,0,0,0,0,0,0,0,0,0,0,615,495,617,375,376,376,376,376,376,376,376,376,376,376");
tmap.push("0,0,0,0,0,0,0,0,0,695,0,0,0,0,0,0,0,0,0,0,0,0,0,0,0,0,615,495,617,415,295,295,295,295,295,295,295,295,295,295");
tmap.push("0,0,0,0,0,0,0,0,0,695,0,0,0,0,0,0,0,0,0,0,0,0,0,575,576,576,537,495,617,415,295,295,295,295,295,295,295,295,295,295");
tmap.push("0,0,0,0,0,0,0,0,0,695,0,0,0,0,0,0,0,0,0,0,0,0,0,615,495,495,495,495,617,415,295,295,295,295,295,295,295,295,295,295");
tmap.push("0,0,0,0,0,0,0,0,0,695,0,0,0,0,0,0,0,0,0,0,0,0,0,615,495,495,495,495,617,415,295,295,295,295,295,295,295,295,295,295");
tmap.push("0,0,0,0,0,0,0,0,0,695,0,0,0,0,0,0,0,0,0,0,0,575,576,537,495,495,495,495,617,415,295,295,295,295,295,295,295,295,295,295");
tmap.push("0,0,0,0,0,0,0,0,0,695,0,0,0,0,0,0,0,0,0,0,0,615,495,495,495,495,495,495,617,455,456,456,456,456,456,456,456,456,456,456");
tmap.push("0,0,0,0,0,0,0,0,0,695,0,0,0,0,0,0,0,0,575,576,576,537,495,495,495,495,495,495,617,0,0,0,0,0,0,0,0,0,0,0");
tmap.push("0,0,0,0,0,0,0,0,0,695,0,0,0,0,0,0,0,0,615,495,495,495,495,495,495,495,495,495,617,0,0,0,0,0,0,0,0,0,0,0");
tmap.push("0,0,0,0,0,0,0,0,0,695,0,0,0,575,576,576,576,576,537,495,495,495,495,495,495,495,495,495,617,0,0,0,0,0,0,0,0,0,0,0");
tmap.push("0,0,0,0,0,0,0,575,576,576,576,576,576,537,495,495,495,495,495,495,495,495,495,495,495,495,495,495,617,0,0,0,0,0,0,0,0,0,0,0");
tmap.push("0,0,575,576,576,576,576,537,495,495,495,495,495,495,495,495,495,495,495,495,495,495,495,495,495,495,495,495,617,0,0,0,0,0,0,0,0,0,0,0");
tmap.push("576,576,537,495,495,495,495,495,495,495,495,495,495,495,495,495,495,495,495,495,495,495,495,495,495,495,495,495,617,0,0,0,0,0,0,0,0,0,0,0");
tmap.push("495,495,495,495,495,495,495,495,495,495,495,495,495,495,495,495,495,495,495,495,495,495,495,495,495,495,495,495,617,0,0,0,0,0,375,376,376,376,376,376");
tmap.push("495,495,495,495,495,495,495,495,495,495,495,495,495,495,495,495,495,495,495,495,495,495,495,495,495,495,495,495,617,0,0,0,0,0,415,295,295,295,295,295");
tmap.push("495,495,495,495,495,495,495,495,495,495,495,495,495,495,495,495,495,495,495,495,495,495,495,495,495,496,656,656,657,0,0,0,0,0,415,295,295,295,295,295");
tmap.push("495,495,495,495,495,495,495,495,495,495,495,495,495,495,495,495,495,495,495,495,496,656,656,656,656,657,0,695,0,0,0,0,0,0,415,295,295,295,295,295");
tmap.push("656,656,656,656,656,656,656,656,656,656,656,656,656,656,656,656,656,656,656,656,657,0,0,695,0,0,0,695,0,0,0,0,0,0,415,295,295,295,295,295");
tmap.push("0,0,0,695,0,0,0,695,0,0,0,695,0,0,0,695,0,0,0,695,0,0,0,695,0,0,0,695,0,0,0,0,0,0,415,295,295,295,295,295");
tmap.push("0,0,0,695,0,0,0,695,0,0,0,695,0,0,0,695,0,0,0,695,0,0,0,695,0,0,0,695,0,0,0,0,0,0,415,295,295,295,295,295");
tmap.push("0,0,0,695,0,0,0,695,0,0,0,695,0,0,0,695,0,0,0,695,0,0,0,695,0,0,0,695,0,0,0,0,0,0,415,295,295,295,295,295");
tmap.push("0,0,0,695,0,0,0,695,0,0,0,695,0,0,0,695,0,0,0,695,0,0,0,695,0,0,0,695,0,0,0,0,0,0,415,295,295,295,295,295");
tmap.push("0,0,0,695,0,0,0,695,0,0,0,695,0,0,0,695,0,0,0,695,0,0,0,695,0,0,0,695,0,0,0,0,0,0,415,295,295,295,295,295");
tmap.push("576,576,576,576,576,576,576,576,576,576,576,576,576,576,576,576,576,576,576,576,576,576,576,576,576,576,576,576,576,576,576,576,576,577,415,295,295,295,295,295");
tmap.push("495,495,495,495,495,495,495,495,495,495,495,495,495,495,495,495,495,495,495,495,495,495,495,495,495,495,495,495,495,495,495,495,495,617,415,295,295,295,295,295");
tmap.push("495,495,495,495,495,495,495,495,495,495,495,495,495,495,495,495,495,495,495,495,495,495,495,495,495,495,495,495,495,495,495,495,495,617,415,295,295,295,295,295");

obj.createentity(game, 280, 120, 10, 1, 117010);  // (savepoint)
break;
