case rn(101,104):
tmap = new Array();
tmap.push("0,0,0,0,0,0,603,483,483,483,483,483,483,483,483,483,483,483,483,483,483,483,483,483,483,483,483,483,483,483,483,483,483,483,483,483,483,483,483,483");
tmap.push("0,0,0,0,0,0,643,485,483,483,483,483,483,483,483,483,483,483,483,483,483,483,483,483,483,483,483,483,483,483,483,483,483,483,483,483,483,483,483,483");
tmap.push("0,0,0,0,0,0,0,603,483,483,483,483,483,483,483,483,483,483,483,483,483,483,483,483,483,483,483,483,483,483,483,483,483,483,483,483,483,483,483,483");
tmap.push("0,0,0,0,0,0,0,643,485,483,483,483,483,483,483,483,483,483,483,483,483,483,483,483,483,483,483,483,483,483,483,483,483,483,483,483,483,483,483,483");
tmap.push("0,0,0,0,0,0,0,0,603,483,483,483,483,483,483,483,483,483,483,483,483,483,483,483,483,483,483,483,483,483,483,483,483,483,483,483,483,483,483,483");
tmap.push("0,0,0,0,0,0,0,0,643,485,483,483,483,483,483,483,483,483,483,483,483,483,483,483,483,483,483,483,483,483,483,483,483,483,483,483,483,483,483,483");
tmap.push("0,0,0,0,0,0,0,0,0,643,485,483,483,483,483,483,483,483,483,483,483,483,483,483,483,483,483,483,483,483,483,483,483,483,483,483,483,483,483,483");
tmap.push("0,0,0,0,0,0,0,0,0,0,643,644,485,483,483,483,483,483,483,483,483,483,483,483,483,483,483,483,483,483,483,483,483,483,483,483,483,483,483,483");
tmap.push("0,0,0,0,0,0,0,0,0,0,0,0,643,644,485,483,483,483,483,483,483,483,483,483,483,483,483,483,483,483,483,483,483,483,483,483,483,483,483,483");
tmap.push("0,0,0,0,0,0,0,0,0,0,0,0,0,0,643,644,485,483,483,483,483,483,483,483,483,483,483,483,483,483,483,483,483,483,483,483,483,483,483,483");
tmap.push("0,0,0,0,0,0,0,0,0,0,0,0,0,0,0,0,643,644,485,483,483,483,483,483,483,483,483,483,483,483,483,483,483,483,483,483,483,483,483,483");
tmap.push("0,0,0,0,0,0,0,0,0,0,0,0,0,0,0,0,0,0,643,644,485,483,483,483,483,483,483,483,483,483,483,483,483,483,483,483,483,483,483,483");
tmap.push("0,0,0,0,0,0,0,0,0,0,0,0,0,0,0,0,0,0,0,0,603,483,483,483,483,483,483,483,483,483,483,483,483,483,483,483,483,483,483,483");
tmap.push("0,0,0,0,0,0,0,0,0,0,0,0,0,0,0,0,0,0,0,0,643,485,483,483,483,483,483,483,483,483,483,483,483,483,483,483,483,483,483,483");
tmap.push("0,0,0,0,0,0,0,0,0,0,0,0,0,0,0,0,0,0,0,0,0,603,483,483,483,483,483,483,483,483,483,483,483,483,483,483,483,483,483,483");
tmap.push("0,0,0,0,0,0,0,0,0,0,0,0,0,0,0,0,0,0,0,0,0,603,483,483,483,483,483,483,483,483,483,483,483,483,483,483,483,483,483,483");
tmap.push("0,0,0,0,0,0,0,0,0,0,0,0,0,0,0,0,0,0,0,0,0,603,483,483,483,483,483,483,483,483,483,483,483,483,483,483,483,483,483,483");
tmap.push("0,0,0,0,0,0,0,0,0,0,0,0,0,0,0,0,0,0,0,0,0,603,483,483,483,483,483,483,483,483,483,483,483,483,483,483,483,483,483,483");
tmap.push("0,0,0,0,0,0,0,0,0,0,0,0,0,0,0,0,0,0,0,0,0,603,483,483,483,483,483,483,483,483,483,483,483,483,483,483,483,483,483,483");
tmap.push("0,0,0,0,0,0,0,0,0,0,0,0,0,0,0,0,0,563,564,564,564,525,483,483,483,483,483,483,483,483,483,483,483,483,483,483,483,483,483,483");
tmap.push("0,0,0,0,0,0,0,0,0,0,0,0,0,0,0,563,564,525,483,483,483,483,483,483,483,483,483,483,483,483,483,483,483,483,483,483,483,483,483,483");
tmap.push("0,0,0,0,0,0,0,0,0,0,0,0,0,0,0,603,483,483,483,483,483,483,483,483,483,483,483,483,483,483,483,483,483,483,483,483,483,483,483,483");
tmap.push("0,0,0,0,0,0,0,0,0,0,0,0,0,0,0,603,483,483,483,483,483,483,483,483,483,483,483,483,483,483,483,483,483,483,483,483,483,483,483,483");
tmap.push("0,0,0,0,0,0,0,0,0,0,0,0,0,0,0,603,483,483,483,483,483,483,483,483,483,483,483,483,483,483,483,483,483,483,483,483,483,483,483,483");
tmap.push("0,0,0,0,0,0,0,0,0,0,0,0,0,0,0,603,483,483,483,483,483,483,483,483,483,483,483,483,483,483,483,483,483,483,483,483,483,483,483,483");
tmap.push("0,0,0,0,0,0,0,0,0,0,0,0,0,0,0,603,483,483,483,483,483,483,483,483,483,483,483,483,483,483,483,483,483,483,483,483,483,483,483,483");
tmap.push("0,0,0,0,0,0,0,0,0,0,0,0,0,0,0,603,483,483,483,483,483,483,483,483,483,483,483,483,483,483,483,483,483,483,483,483,483,483,483,483");
tmap.push("0,0,0,0,0,0,0,0,0,0,0,0,0,0,0,603,483,483,483,483,483,483,483,483,483,483,483,483,483,483,483,483,483,483,483,483,483,483,483,483");
tmap.push("0,0,0,0,0,0,0,0,0,0,0,0,0,0,0,603,483,483,483,483,483,483,483,483,483,483,483,483,483,483,483,483,483,483,483,483,483,483,483,483");
tmap.push("0,0,0,0,0,0,0,0,0,0,0,0,0,0,0,603,483,483,483,483,483,483,483,483,483,483,483,483,483,483,483,483,483,483,483,483,483,483,483,483");

obj.createentity(game, 144, 136, 10, 1, 105010);  // (savepoint)
break;
