case rn(102,110):
tmap = new Array();
tmap.push("113,113,113,113,113,113,113,113,113,113,113,113,113,113,113,113,113,113,113,113,113,113,113,113,113,113,113,113,113,113,113,113,113,113,113,113,113,113,113,113");
tmap.push("113,113,113,113,113,113,113,113,113,113,113,113,113,113,113,113,113,113,113,113,113,113,113,113,113,113,113,113,113,113,113,113,113,113,113,113,113,113,113,113");
tmap.push("113,113,113,114,274,274,274,274,274,274,274,274,274,274,274,274,274,274,274,274,274,274,274,274,274,274,274,274,274,274,115,113,113,113,113,113,113,113,113,113");
tmap.push("113,113,113,235,778,0,0,0,0,0,0,0,0,0,0,0,0,0,0,0,0,0,0,0,0,0,0,0,0,0,233,113,113,113,113,113,113,113,113,113");
tmap.push("113,113,113,235,0,0,0,0,0,0,0,0,0,0,0,0,0,0,0,0,0,0,0,0,0,0,0,0,0,0,233,113,113,113,114,274,274,274,274,274");
tmap.push("113,113,113,235,0,0,0,0,0,0,0,0,0,0,0,0,0,0,0,0,0,0,0,0,0,0,0,0,0,0,233,113,113,113,235,753,753,753,753,753");
tmap.push("113,113,113,235,0,0,0,0,0,0,0,0,0,0,0,0,0,0,0,0,0,0,0,0,0,0,0,0,0,0,233,113,113,113,235,753,753,753,753,753");
tmap.push("113,113,113,154,194,194,194,194,194,194,194,194,194,194,194,194,194,194,194,194,195,0,0,0,0,0,0,0,0,0,273,274,274,274,275,753,753,753,753,753");
tmap.push("113,113,113,114,274,274,274,274,274,274,274,274,274,274,274,274,274,274,274,274,275,0,0,0,0,0,0,0,0,0,0,0,873,753,753,753,753,753,753,753");
tmap.push("113,113,113,235,778,0,0,0,0,0,0,0,0,0,0,0,0,0,0,0,0,0,0,0,0,0,0,0,0,0,0,0,873,753,753,753,753,753,753,753");
tmap.push("113,113,113,235,0,0,0,0,0,0,0,0,0,0,0,0,0,0,0,0,0,0,0,0,0,0,0,0,0,0,0,0,873,753,753,753,753,753,753,753");
tmap.push("113,113,113,235,0,0,0,0,0,0,0,0,0,0,0,0,0,0,0,0,0,0,0,0,0,0,0,0,0,0,0,0,873,753,753,753,753,753,753,753");
tmap.push("113,113,113,235,0,0,0,0,0,0,0,0,0,0,0,0,0,0,0,0,0,0,0,0,0,0,0,0,0,0,0,0,873,753,753,753,753,753,753,753");
tmap.push("113,113,113,154,194,194,194,194,194,194,194,194,194,194,194,194,194,194,194,194,194,194,194,195,0,0,0,0,0,0,0,0,873,753,753,753,753,753,753,753");
tmap.push("113,113,113,114,274,274,274,274,274,274,274,274,274,274,274,274,274,274,274,274,274,274,274,275,0,0,0,0,0,0,0,0,873,753,753,753,753,753,753,753");
tmap.push("113,113,113,235,778,0,0,0,0,0,0,0,0,0,0,0,0,0,0,0,0,0,0,0,0,0,0,0,0,0,0,0,873,753,753,753,753,753,753,753");
tmap.push("113,113,113,235,0,0,0,0,0,0,0,0,0,0,0,0,0,0,0,0,0,0,0,0,0,0,0,0,0,0,0,0,873,753,753,753,753,753,753,753");
tmap.push("113,113,113,235,0,0,0,0,0,0,0,0,0,0,0,0,0,0,0,0,0,0,0,0,0,0,0,0,0,0,0,0,873,753,753,753,753,753,753,753");
tmap.push("113,113,113,235,0,0,0,0,0,0,0,0,0,0,0,0,0,0,0,0,0,0,0,0,0,0,0,0,0,0,0,0,873,753,753,753,753,753,753,753");
tmap.push("113,113,113,154,194,194,194,194,194,194,194,194,194,194,194,194,194,194,194,194,194,194,194,194,194,194,195,0,0,0,0,0,873,753,753,753,753,753,753,753");
tmap.push("113,113,113,114,274,274,274,274,274,274,274,274,274,274,274,274,274,274,274,274,274,274,274,274,274,274,275,0,0,0,0,0,873,753,753,753,753,753,753,753");
tmap.push("113,113,113,235,778,0,0,0,0,0,0,0,0,0,0,0,0,0,0,0,0,0,0,0,0,0,0,0,0,0,0,0,873,753,753,753,753,753,753,753");
tmap.push("113,113,113,235,0,0,0,0,0,0,0,0,0,0,0,0,0,0,0,0,0,0,0,0,0,0,0,0,0,0,0,0,873,753,753,753,753,753,753,753");
tmap.push("113,113,113,235,0,0,0,0,0,0,0,0,0,0,0,0,0,0,0,0,0,0,0,0,0,0,0,0,0,0,0,0,873,753,753,753,753,753,753,753");
tmap.push("113,113,113,235,0,0,0,0,0,0,0,0,0,0,0,0,0,0,0,0,0,0,0,0,0,0,0,0,0,0,0,0,873,753,753,753,753,753,753,753");
tmap.push("113,113,113,154,194,194,194,194,194,194,194,194,194,194,194,194,194,194,194,194,194,194,194,194,194,194,194,194,194,194,194,194,194,194,194,194,194,194,194,194");
tmap.push("113,113,113,113,113,113,113,113,113,113,113,113,113,113,113,113,113,113,113,113,113,113,113,113,113,113,113,113,113,113,113,113,113,113,113,113,113,113,113,113");
tmap.push("113,113,113,113,113,113,113,113,113,113,113,113,113,113,113,113,113,113,113,113,113,113,113,113,113,113,113,113,113,113,113,113,113,113,113,113,113,113,113,113");
tmap.push("113,113,113,113,113,113,113,113,113,113,113,113,113,113,113,113,113,113,113,113,113,113,113,113,113,113,113,113,113,113,113,113,113,113,113,113,113,113,113,113");
tmap.push("113,113,113,113,113,113,113,113,113,113,113,113,113,113,113,113,113,113,113,113,113,113,113,113,113,113,113,113,113,113,113,113,113,113,113,113,113,113,113,113");

obj.createentity(game, 40, 32, 9, 0);  // (shiny trinket)
obj.createentity(game, 64, 32, 9, 1);  // (shiny trinket)
obj.createentity(game, 88, 32, 9, 2);  // (shiny trinket)
obj.createentity(game, 40, 80, 9, 3);  // (shiny trinket)
obj.createentity(game, 64, 80, 9, 4);  // (shiny trinket)
obj.createentity(game, 88, 80, 9, 5);  // (shiny trinket)
obj.createentity(game, 112, 80, 9, 6);  // (shiny trinket)
obj.createentity(game, 40, 128, 9, 7);  // (shiny trinket)
obj.createentity(game, 64, 128, 9, 8);  // (shiny trinket)
obj.createentity(game, 88, 128, 9, 9);  // (shiny trinket)
obj.createentity(game, 112, 128, 9, 10);  // (shiny trinket)
obj.createentity(game, 136, 128, 9, 11);  // (shiny trinket)
obj.createentity(game, 40, 176, 9, 12);  // (shiny trinket)
obj.createentity(game, 64, 176, 9, 13);  // (shiny trinket)
obj.createentity(game, 88, 176, 9, 14);  // (shiny trinket)
obj.createentity(game, 112, 176, 9, 15);  // (shiny trinket)
obj.createentity(game, 136, 176, 9, 16);  // (shiny trinket)
obj.createentity(game, 112, 32, 9, 17);  // (shiny trinket)
obj.createentity(game, 136, 80, 9, 18);  // (shiny trinket)
obj.createentity(game, 136, 32, 9, 19);  // (shiny trinket)
break;
