case rn(106,115):
tmap = new Array();
tmap.push("489,489,489,489,489,489,489,489,489,489,489,489,489,489,489,489,489,489,489,489,489,489,489,489,489,489,489,489,489,489,489,489,489,489,489,489,489,489,489,489");
tmap.push("489,489,489,489,489,489,489,489,489,489,489,489,489,489,489,489,489,489,489,489,489,489,489,489,489,489,489,489,489,489,489,489,489,489,489,489,489,489,489,489");
tmap.push("489,489,489,489,489,489,489,489,489,489,489,489,489,489,489,489,489,489,489,489,489,489,489,489,489,489,489,489,489,489,489,489,489,489,489,489,489,489,489,489");
tmap.push("489,489,489,489,489,489,489,489,490,650,650,650,650,650,491,489,489,489,489,489,489,489,489,489,489,489,489,489,489,489,489,489,489,489,489,489,489,489,489,489");
tmap.push("650,650,650,650,650,650,491,489,611,0,0,0,0,0,609,489,490,650,650,650,650,650,650,650,650,650,650,650,650,650,650,650,650,650,650,650,650,650,650,650");
tmap.push("0,689,0,0,0,0,609,489,611,0,0,0,0,0,649,650,651,0,0,0,0,0,689,0,0,0,0,0,689,0,0,0,0,0,0,0,0,0,689,0");
tmap.push("570,570,571,690,690,690,609,489,611,0,0,0,0,0,0,689,0,0,0,0,569,570,570,571,0,0,0,0,689,0,0,0,0,0,0,0,0,0,689,0");
tmap.push("489,489,611,0,0,0,649,650,651,0,0,0,0,0,569,570,570,570,571,690,609,489,489,611,0,0,0,0,689,0,0,0,0,0,0,0,0,0,689,0");
tmap.push("650,650,651,0,0,0,0,0,0,0,0,569,570,570,531,489,489,489,611,0,649,650,650,651,0,0,0,0,689,0,0,0,0,0,0,0,0,0,689,0");
tmap.push("0,0,0,0,0,0,0,0,0,0,0,609,489,489,490,650,650,650,651,0,0,0,0,0,0,0,0,569,570,571,0,0,0,0,0,0,0,569,570,570");
tmap.push("0,0,0,0,0,0,0,0,0,0,0,649,650,650,651,0,0,689,0,0,0,0,0,0,0,0,569,531,489,611,0,0,0,0,0,0,569,531,489,489");
tmap.push("0,0,0,0,0,0,0,0,0,0,0,0,0,689,0,0,569,570,571,0,0,0,0,0,0,0,609,489,490,651,0,0,0,0,0,0,609,489,489,489");
tmap.push("0,0,0,0,0,0,0,0,0,0,0,0,0,689,0,0,609,489,611,0,0,0,0,0,0,0,649,650,651,0,0,0,0,0,0,569,531,489,489,489");
tmap.push("0,0,0,0,0,0,0,0,0,0,0,0,569,570,571,0,649,491,530,570,571,0,0,0,0,0,0,0,0,0,0,0,0,0,569,531,489,489,489,489");
tmap.push("0,0,0,0,0,569,570,571,0,0,0,0,609,489,611,0,0,609,489,489,611,0,0,0,0,0,0,0,569,570,571,0,0,569,531,489,489,489,489,489");
tmap.push("0,0,0,0,569,531,489,530,571,0,0,0,649,650,651,0,0,609,489,490,651,0,0,0,0,0,0,0,609,489,611,0,0,609,489,489,489,489,489,489");
tmap.push("0,0,0,0,609,489,489,489,611,0,0,0,0,0,0,0,0,649,650,651,0,0,0,0,569,570,570,570,531,490,651,0,0,609,489,489,489,489,489,489");
tmap.push("0,0,0,0,609,489,489,489,611,0,0,0,0,0,0,0,0,0,0,689,0,0,0,0,609,489,489,489,489,611,0,0,0,609,489,489,489,489,489,489");
tmap.push("0,0,0,0,609,489,489,489,611,0,0,0,0,0,0,0,0,0,0,569,570,571,690,690,649,650,650,491,489,611,0,0,0,649,650,491,489,489,489,489");
tmap.push("0,0,0,0,649,650,491,489,611,0,0,0,0,0,0,0,0,0,0,609,489,611,0,0,0,0,0,609,490,651,0,0,0,0,0,609,489,489,489,489");
tmap.push("0,0,0,0,0,0,609,489,611,0,0,0,0,569,570,570,571,0,0,609,489,611,0,0,0,0,569,531,611,0,0,0,0,0,0,609,489,489,489,489");
tmap.push("0,0,0,0,0,0,609,489,530,570,571,0,0,609,489,489,530,570,570,531,489,611,0,0,0,0,609,489,611,0,0,0,0,0,0,609,489,489,489,489");
tmap.push("0,0,0,0,0,0,609,489,489,489,611,690,690,649,650,491,489,490,650,650,650,651,0,0,0,0,609,489,611,0,0,0,0,569,570,531,489,489,489,489");
tmap.push("0,0,0,0,0,0,609,489,490,650,651,0,0,0,0,609,489,611,0,0,0,0,0,0,0,0,609,489,530,571,0,0,0,609,489,489,489,489,489,489");
tmap.push("0,0,0,0,569,570,531,489,611,0,0,0,0,0,0,649,650,651,0,0,0,0,0,0,0,0,609,489,489,611,690,690,690,609,489,489,489,489,489,489");
tmap.push("0,0,0,0,609,489,489,489,611,0,0,0,0,0,0,0,0,0,0,0,0,0,0,0,0,0,609,489,489,611,0,0,0,609,489,489,489,489,489,489");
tmap.push("0,0,0,0,609,489,490,650,651,0,0,0,0,0,0,0,0,0,0,0,0,0,0,0,0,0,649,491,489,611,0,0,0,649,650,491,489,489,489,489");
tmap.push("570,570,570,570,531,489,611,0,0,0,0,0,0,0,0,0,0,0,0,0,569,570,571,0,0,0,0,609,489,611,0,0,0,0,0,609,489,489,489,489");
tmap.push("489,489,489,489,489,489,530,570,570,570,570,570,570,571,0,0,0,0,0,0,609,489,530,570,570,570,570,531,489,530,570,570,570,570,570,531,489,489,489,489");
tmap.push("489,489,489,489,489,489,489,489,489,489,489,489,489,530,570,570,570,570,570,570,531,489,489,489,489,489,489,489,489,489,489,489,489,489,489,489,489,489,489,489");

obj.createentity(game, 96, 48, 10, 1, 116060);  // (savepoint)
break;
