case rn(108,106):
tmap = new Array();
tmap.push("489,489,489,489,489,489,489,489,489,489,489,489,489,489,489,489,489,489,489,489,489,489,489,489,489,489,489,489,489,489,489,489,489,489,489,489,489,489,489,489");
tmap.push("489,489,489,489,489,489,489,489,489,489,489,489,489,489,489,489,489,489,489,489,489,489,489,489,489,489,489,489,489,489,489,489,489,489,489,489,489,489,489,489");
tmap.push("489,489,489,489,489,489,489,489,489,489,489,489,489,489,489,489,489,489,489,489,489,489,489,489,489,489,489,489,489,489,489,489,489,489,489,489,489,489,489,489");
tmap.push("489,489,489,489,489,489,489,489,489,489,489,489,489,489,489,489,489,489,489,489,489,489,489,489,489,489,489,489,489,489,489,489,489,489,489,489,489,489,489,489");
tmap.push("489,489,489,489,489,489,489,489,489,489,489,489,489,489,489,489,489,489,489,489,489,489,489,489,489,489,489,489,489,489,489,489,489,489,489,489,489,489,489,489");
tmap.push("489,489,489,489,489,489,489,489,489,489,489,489,489,489,489,489,489,489,489,489,489,489,489,489,489,489,489,489,489,489,489,489,489,489,489,489,489,489,489,489");
tmap.push("489,489,489,489,489,489,489,489,490,650,650,650,650,650,650,650,650,491,489,489,489,489,489,489,489,489,489,489,489,489,489,489,489,489,489,489,489,489,489,489");
tmap.push("489,489,489,489,489,489,490,650,651,0,0,0,0,689,0,0,0,649,650,650,491,489,489,489,489,489,489,489,489,489,489,489,489,489,489,489,489,489,489,489");
tmap.push("489,489,489,489,489,489,611,0,0,0,0,0,0,689,0,0,0,0,0,0,649,491,489,489,489,489,489,489,489,489,489,489,489,489,489,489,489,489,489,489");
tmap.push("489,489,489,489,489,489,611,0,0,0,0,0,0,689,0,0,0,0,0,0,0,649,650,491,489,489,489,489,489,489,489,489,489,489,489,489,489,489,489,489");
tmap.push("489,489,489,489,489,489,611,0,0,0,0,0,0,689,0,0,0,0,0,0,0,0,0,649,491,489,489,489,489,489,489,489,489,489,489,489,489,489,489,489");
tmap.push("489,489,489,489,489,489,611,0,0,0,0,0,0,689,0,0,0,0,0,0,0,0,0,0,609,489,489,489,489,489,489,489,489,489,489,489,489,489,489,489");
tmap.push("489,489,489,489,489,489,611,0,0,0,0,569,570,570,571,0,0,0,0,0,0,0,0,0,609,489,489,489,489,489,489,489,489,489,489,489,489,489,489,489");
tmap.push("489,489,489,489,489,489,611,0,0,0,0,609,489,489,611,0,0,0,0,0,0,0,0,0,609,489,489,489,489,489,489,489,489,489,489,489,489,489,489,489");
tmap.push("489,489,489,489,489,489,611,690,690,690,690,609,489,489,611,0,0,0,0,0,0,0,0,0,609,489,489,489,489,489,489,489,489,489,489,489,489,489,489,489");
tmap.push("489,489,489,489,489,489,611,0,0,0,0,609,489,489,530,571,0,0,0,0,0,0,0,0,609,489,489,489,489,489,489,489,489,489,489,489,489,489,489,489");
tmap.push("489,489,489,489,489,489,611,0,0,0,0,609,489,489,489,611,690,690,690,690,690,690,690,690,609,489,489,489,489,489,489,489,489,489,489,489,489,489,489,489");
tmap.push("489,489,489,489,489,489,611,0,0,0,0,609,489,489,489,611,0,0,0,0,0,0,0,0,609,489,489,489,489,489,489,489,489,489,489,489,489,489,489,489");
tmap.push("489,489,489,489,489,489,611,0,0,0,0,609,489,489,489,611,0,0,0,0,0,0,0,0,609,489,489,489,489,489,489,489,489,489,489,489,489,489,489,489");
tmap.push("489,489,489,489,489,489,611,690,690,690,690,609,489,489,489,611,0,0,0,0,0,0,0,0,609,489,489,489,489,489,489,489,489,489,489,489,489,489,489,489");
tmap.push("489,489,489,489,489,489,611,0,0,0,0,609,489,489,489,611,0,0,0,0,0,0,0,0,609,489,489,489,489,489,489,489,489,489,489,489,489,489,489,489");
tmap.push("489,489,489,489,489,489,611,0,0,0,0,609,489,489,489,611,690,690,690,690,690,690,690,690,609,489,489,489,489,489,489,489,489,489,489,489,489,489,489,489");
tmap.push("489,489,489,489,489,489,611,0,0,0,0,609,489,489,489,611,0,0,0,0,0,0,0,0,609,489,489,489,489,489,489,489,489,489,489,489,489,489,489,489");
tmap.push("489,489,489,489,489,489,611,0,0,0,0,609,489,489,489,611,0,0,0,0,0,0,0,0,609,489,489,489,489,489,489,489,489,489,489,489,489,489,489,489");
tmap.push("489,489,489,489,489,489,611,0,0,0,0,609,489,489,489,611,0,0,0,0,0,0,0,0,609,489,489,489,489,489,489,489,489,489,489,489,489,489,489,489");
tmap.push("489,489,489,489,489,489,611,690,690,690,690,609,489,489,489,530,571,0,0,0,0,0,0,569,531,489,489,489,489,489,489,489,489,489,489,489,489,489,489,489");
tmap.push("489,489,489,489,489,489,611,0,0,0,0,609,489,489,489,489,611,0,0,0,0,0,0,609,489,489,489,489,489,489,489,489,489,489,489,489,489,489,489,489");
tmap.push("489,489,489,489,489,489,611,0,0,0,0,609,489,489,489,489,611,690,690,690,690,690,690,609,489,489,489,489,489,489,489,489,489,489,489,489,489,489,489,489");
tmap.push("489,489,489,489,489,489,611,0,0,0,0,609,489,489,489,489,611,0,0,0,0,0,0,609,489,489,489,489,489,489,489,489,489,489,489,489,489,489,489,489");
tmap.push("489,489,489,489,489,489,611,0,0,0,0,609,489,489,489,489,611,0,0,0,0,0,0,609,489,489,489,489,489,489,489,489,489,489,489,489,489,489,489,489");

obj.createentity(game, 96, 72, 9, 0);  // (shiny trinket)
obj.createentity(game, 88, 64, 14); //Teleporter!
break;
