case rn(110,110):
tmap = new Array();
tmap.push("316,316,316,316,316,316,316,316,316,316,316,316,316,316,316,316,316,316,316,316,316,316,438,403,283,283,283,283,283,283,283,283,283,283,283,283,283,283,283,283");
tmap.push("316,316,316,316,316,316,316,316,316,316,316,316,316,316,316,316,316,316,316,316,316,316,438,403,283,283,283,283,283,283,283,283,283,283,283,283,283,283,283,283");
tmap.push("316,316,316,316,316,316,316,316,316,316,316,316,316,316,316,316,316,316,316,316,316,316,438,443,285,283,283,283,283,283,283,283,283,283,283,283,283,283,283,283");
tmap.push("316,316,316,316,316,316,316,316,316,316,316,316,316,316,316,316,316,316,316,316,316,316,357,398,403,283,283,283,283,283,283,283,283,283,283,283,283,283,283,283");
tmap.push("316,316,316,316,316,316,316,316,316,316,316,316,316,316,316,316,316,316,316,316,316,316,316,438,403,283,283,283,283,283,283,283,283,283,283,283,283,283,283,283");
tmap.push("316,316,316,316,316,316,316,316,316,316,316,316,316,316,316,316,316,316,316,316,316,316,316,438,403,283,283,283,283,283,283,283,283,283,283,283,283,283,283,283");
tmap.push("316,316,316,316,316,316,316,316,316,316,316,316,316,316,316,316,316,316,316,316,316,316,316,438,443,285,283,283,283,283,283,283,283,283,283,283,283,283,283,283");
tmap.push("316,316,316,316,316,316,316,316,316,316,316,316,316,316,316,316,316,316,316,316,316,316,316,357,398,403,283,283,283,283,283,283,283,283,283,283,283,283,283,283");
tmap.push("316,316,316,316,316,316,316,316,316,316,316,316,316,316,316,316,316,316,316,316,316,316,316,316,438,403,283,283,283,283,283,283,283,283,283,283,283,283,283,283");
tmap.push("316,316,316,316,316,316,316,316,316,316,316,316,316,316,316,316,316,316,316,316,316,316,316,316,438,443,285,283,283,283,283,283,283,283,283,283,283,283,283,283");
tmap.push("316,316,316,316,316,316,316,316,316,316,316,316,316,316,316,316,316,316,316,316,316,316,316,316,357,398,403,283,283,283,283,283,283,283,283,283,283,283,283,283");
tmap.push("316,316,316,316,316,316,316,316,316,316,316,316,316,316,316,316,316,316,316,316,316,316,316,316,316,438,403,283,283,283,283,283,283,283,283,283,283,283,283,283");
tmap.push("316,316,316,316,316,316,316,316,316,316,316,316,316,316,316,316,316,316,316,316,316,316,316,316,316,438,443,285,283,283,283,283,283,283,283,283,283,283,283,283");
tmap.push("316,316,316,316,316,316,316,316,316,316,316,316,316,316,316,316,316,316,316,316,316,316,316,316,316,357,398,403,283,283,283,283,283,283,283,283,283,283,283,283");
tmap.push("316,316,316,316,316,316,316,316,316,316,316,316,316,316,316,316,316,316,316,316,316,316,316,316,316,316,438,403,283,283,283,283,283,283,283,283,283,283,283,283");
tmap.push("316,316,316,316,316,316,316,316,316,316,316,316,316,316,316,316,316,316,316,316,316,316,316,316,316,316,438,403,283,283,283,283,283,283,283,283,283,283,283,283");
tmap.push("316,316,316,316,316,316,316,316,316,316,316,316,316,316,316,316,316,316,316,316,316,316,316,316,316,316,438,403,283,283,283,283,283,283,283,283,283,283,283,283");
tmap.push("316,316,316,316,316,316,316,316,316,316,316,316,316,316,316,316,316,316,316,316,316,316,316,316,316,316,438,443,444,444,444,444,444,444,444,444,444,444,444,444");
tmap.push("316,316,316,316,316,316,316,316,316,316,316,316,316,316,316,316,316,316,316,316,316,316,316,316,316,316,357,398,0,0,0,0,815,695,695,695,695,695,695,695");
tmap.push("316,316,316,316,316,316,316,316,316,316,316,316,316,316,316,316,316,316,316,316,316,316,316,316,316,316,316,438,0,0,0,0,815,695,695,695,695,695,695,695");
tmap.push("316,316,316,316,316,316,316,316,316,316,316,316,316,316,316,316,316,316,316,316,316,316,316,316,316,317,477,478,0,0,0,0,815,695,695,695,695,695,695,695");
tmap.push("316,316,316,316,316,316,316,316,316,316,316,316,316,316,316,316,316,316,316,316,316,316,316,316,316,438,0,0,0,0,0,0,815,695,695,695,695,695,695,695");
tmap.push("316,316,316,316,316,316,316,316,316,316,316,316,316,316,316,316,316,316,316,316,316,316,316,317,477,478,0,0,0,0,0,0,815,695,695,695,695,695,695,695");
tmap.push("316,316,316,316,316,316,316,316,316,316,316,316,316,316,316,316,316,316,316,316,316,316,316,438,0,0,0,0,0,0,0,0,815,363,364,364,364,364,364,364");
tmap.push("316,316,316,316,316,316,316,316,316,316,316,316,316,316,316,316,316,316,316,316,316,316,316,438,0,0,0,0,0,0,0,0,815,403,283,283,283,283,283,283");
tmap.push("316,316,316,316,316,316,316,316,316,316,316,316,316,316,316,316,316,316,316,316,316,316,316,438,0,0,0,0,0,0,0,363,364,325,283,283,283,283,283,283");
tmap.push("316,316,316,316,316,316,316,316,316,316,316,316,316,316,316,316,316,316,316,316,316,316,316,438,0,0,0,0,0,0,0,403,283,283,283,283,283,283,283,283");
tmap.push("316,316,316,316,316,316,316,316,316,316,316,316,316,316,316,316,316,316,316,316,316,316,316,438,0,0,0,0,0,363,364,325,283,283,283,283,283,283,283,283");
tmap.push("316,316,316,316,316,316,316,316,316,316,316,316,316,316,316,316,316,316,316,316,316,316,316,438,0,0,0,0,0,403,283,283,283,283,283,283,283,283,283,283");
tmap.push("316,316,316,316,316,316,316,316,316,316,316,316,316,316,316,316,316,316,316,316,316,316,316,438,0,0,0,0,0,403,283,283,283,283,283,283,283,283,283,283");

obj.createentity(game, 0, 0, 10, 0, 111100);  // (savepoint)
break;
