case rn(110,108):
tmap = new Array();
tmap.push("295,295,295,295,295,295,295,295,295,295,295,295,295,295,295,295,295,295,295,295,295,295,295,295,295,295,295,295,295,295,295,295,295,295,295,295,295,295,295,295");
tmap.push("295,295,295,295,295,295,295,295,295,295,295,295,295,295,295,295,295,295,295,295,295,295,295,295,295,295,295,295,295,295,295,295,295,295,295,295,295,295,295,295");
tmap.push("295,295,295,295,295,295,295,295,295,295,295,295,295,295,295,295,295,295,295,295,295,295,295,295,295,295,295,295,295,295,295,295,295,295,295,295,295,295,295,295");
tmap.push("295,295,296,456,456,456,456,456,456,456,456,456,456,297,295,295,295,295,295,295,295,295,295,295,295,295,295,295,295,295,295,295,295,295,295,295,295,295,295,295");
tmap.push("295,295,417,698,698,698,698,698,698,698,698,698,698,415,295,295,295,295,295,295,295,295,295,295,295,295,295,295,295,295,295,295,295,295,295,295,295,295,295,295");
tmap.push("295,295,417,698,698,698,698,698,698,698,698,698,698,415,295,295,296,456,456,456,456,456,456,456,456,456,456,456,297,295,295,295,295,295,295,295,295,295,295,295");
tmap.push("295,295,417,698,698,698,698,698,698,698,698,698,698,415,295,295,417,698,698,698,698,698,698,698,698,698,698,698,415,295,295,295,295,295,295,295,295,295,295,295");
tmap.push("295,295,417,698,698,698,698,698,698,698,698,698,698,415,295,295,417,698,698,698,698,698,698,698,698,698,698,698,415,295,295,295,295,295,295,295,295,295,295,295");
tmap.push("295,295,417,698,698,698,698,375,376,376,376,376,376,337,295,295,417,698,698,698,698,698,698,698,698,698,698,698,415,295,295,295,295,295,295,295,295,295,295,295");
tmap.push("295,295,417,698,698,698,698,415,295,295,295,295,295,295,295,295,417,698,698,698,698,698,698,698,698,698,698,698,415,295,295,295,295,295,295,295,295,295,295,295");
tmap.push("295,295,417,698,698,698,698,415,295,295,295,295,295,295,295,295,417,698,698,698,698,375,376,377,698,698,698,698,415,295,295,295,295,295,295,295,295,295,295,295");
tmap.push("295,295,417,698,698,698,698,455,456,456,456,456,456,456,456,456,457,698,698,698,698,415,295,417,698,698,698,698,415,295,295,295,295,295,295,295,295,295,295,295");
tmap.push("295,295,417,698,698,698,698,698,698,698,698,698,698,698,698,698,698,698,698,698,698,415,295,417,698,698,698,698,415,295,295,295,295,295,295,295,295,295,295,295");
tmap.push("295,295,417,698,698,698,698,698,698,698,698,698,698,698,698,698,698,698,698,698,698,415,295,417,698,698,698,698,415,295,295,295,295,295,295,295,295,295,295,295");
tmap.push("295,295,417,698,698,698,698,698,698,698,698,698,698,698,698,698,698,698,698,698,698,415,295,417,698,698,698,698,415,295,295,295,295,295,295,295,295,295,295,295");
tmap.push("295,295,417,698,698,698,698,698,698,698,698,698,698,698,698,698,698,698,698,698,698,415,295,417,698,698,698,698,415,295,295,295,295,295,295,295,295,295,295,295");
tmap.push("295,295,336,376,376,376,376,376,376,376,376,376,376,376,376,376,376,376,376,376,376,337,295,417,698,698,698,698,415,295,295,295,295,295,295,295,295,295,295,295");
tmap.push("295,295,295,295,295,295,295,295,295,295,295,295,295,295,295,295,295,295,295,295,295,295,295,417,698,698,698,698,415,295,295,295,295,295,295,295,295,295,295,295");
tmap.push("295,295,295,295,295,295,295,295,295,295,295,295,295,295,295,295,295,295,295,295,295,295,295,417,698,698,698,698,415,295,295,295,295,295,295,295,295,295,295,295");
tmap.push("295,295,295,295,295,295,295,295,295,295,295,296,456,456,456,456,456,456,456,456,456,456,456,457,698,698,698,698,415,295,295,295,295,295,295,295,295,295,295,295");
tmap.push("295,295,295,295,295,295,295,295,295,295,295,417,698,698,698,698,698,698,698,698,698,698,698,698,698,698,698,698,415,295,295,295,295,295,295,295,295,295,295,295");
tmap.push("295,295,295,295,295,295,295,295,295,295,295,417,698,698,698,698,698,698,698,698,698,698,698,698,698,698,698,698,415,295,295,295,295,295,295,295,295,295,295,295");
tmap.push("295,295,295,295,295,295,295,295,295,295,295,417,698,698,698,698,698,698,698,698,698,698,698,698,698,698,698,698,415,295,295,295,295,295,295,295,295,295,295,295");
tmap.push("295,295,295,295,295,295,295,295,295,295,295,417,698,698,698,698,698,698,698,698,698,698,698,698,698,698,698,698,415,295,295,295,295,295,295,295,295,295,295,295");
tmap.push("295,295,295,295,295,295,295,295,295,295,295,417,698,698,698,698,698,698,698,698,698,698,698,698,698,698,698,698,415,295,295,295,295,295,295,295,295,295,295,295");
tmap.push("295,295,295,295,295,295,295,295,295,295,295,417,698,698,698,698,698,698,698,698,698,698,698,698,698,698,698,698,415,295,295,295,295,295,295,295,295,295,295,295");
tmap.push("295,295,295,295,295,295,295,295,295,295,295,417,698,698,698,698,698,698,698,698,698,698,698,698,698,698,698,698,415,295,295,295,295,295,295,295,295,295,295,295");
tmap.push("295,295,295,295,295,295,295,295,295,295,295,417,698,698,698,698,698,698,698,698,698,698,698,698,698,698,698,698,415,295,295,295,295,295,295,295,295,295,295,295");
tmap.push("295,295,295,295,295,295,295,295,295,295,295,417,698,698,698,698,698,698,698,698,698,698,698,698,698,698,698,698,415,295,295,295,295,295,295,295,295,295,295,295");
tmap.push("295,295,295,295,295,295,295,295,295,295,295,417,698,698,698,698,698,698,698,698,698,698,698,698,698,698,698,698,415,295,295,295,295,295,295,295,295,295,295,295");

obj.createentity(game, 80, 40, 9, 0);  // (shiny trinket)
obj.createentity(game, 0, 0, 10, 0, 109100);  // (savepoint)
break;
