case rn(110,119):
tmap = new Array();
tmap.push("501,501,501,501,501,501,501,501,501,501,501,501,501,501,501,501,501,501,501,501,501,501,501,501,501,501,501,501,501,501,501,501,501,501,501,501,501,501,501,501");
tmap.push("501,501,501,501,501,501,501,501,501,501,501,501,501,501,501,501,501,501,501,501,501,501,501,501,501,501,501,501,501,501,501,501,501,501,501,501,501,501,501,501");
tmap.push("501,501,501,501,501,501,501,501,501,501,501,501,501,501,501,501,501,501,501,501,501,501,501,501,501,501,501,501,501,501,501,501,501,501,501,501,501,501,501,501");
tmap.push("501,501,501,501,501,501,501,501,501,501,501,501,501,501,501,501,501,501,501,501,501,501,501,501,501,501,501,501,501,501,501,501,501,501,501,501,501,501,501,501");
tmap.push("501,501,501,501,501,501,501,501,501,501,501,501,501,501,501,501,501,501,501,501,501,501,501,501,501,501,501,501,501,501,501,501,501,501,501,501,501,501,501,501");
tmap.push("501,501,501,501,501,501,501,501,501,501,501,501,501,501,502,662,662,662,503,501,501,501,501,501,501,501,501,501,501,501,501,501,501,501,501,501,501,501,501,501");
tmap.push("501,501,501,501,501,501,501,501,501,501,501,501,502,662,663,0,0,0,661,662,662,503,501,501,501,501,501,501,501,501,501,501,501,501,501,501,501,501,501,501");
tmap.push("501,501,501,501,501,501,501,501,501,501,502,662,663,0,0,0,0,0,701,0,0,661,662,662,503,501,501,501,501,501,501,501,501,501,501,501,501,501,501,501");
tmap.push("501,501,501,501,501,501,501,501,502,662,663,0,701,0,0,0,0,0,701,0,0,0,0,0,661,662,662,503,501,501,501,501,501,501,501,501,501,501,501,501");
tmap.push("501,501,501,501,501,501,502,662,663,0,0,0,701,0,0,0,0,0,701,0,0,0,0,0,701,0,0,661,662,662,503,501,501,501,501,501,501,501,501,501");
tmap.push("501,501,501,501,502,662,663,0,701,0,0,0,701,0,0,0,0,0,701,0,0,0,0,0,701,0,0,0,0,0,661,662,662,503,501,501,501,501,501,501");
tmap.push("501,501,501,502,663,0,0,0,701,0,0,0,701,0,0,0,0,0,701,0,0,0,0,0,701,0,0,0,0,0,701,0,0,661,662,662,662,662,662,662");
tmap.push("501,501,501,623,0,0,0,0,701,0,0,0,701,0,0,0,0,0,701,0,0,0,0,0,701,0,0,0,0,0,701,0,0,0,0,701,0,0,0,0");
tmap.push("501,501,501,623,702,702,702,702,703,702,702,702,703,702,702,702,702,702,703,702,702,0,0,0,701,0,0,0,0,0,701,0,0,0,0,701,0,0,0,0");
tmap.push("501,501,501,623,0,0,0,0,701,0,0,0,701,0,0,0,0,0,701,0,0,0,0,0,701,0,0,0,0,0,701,0,0,0,0,701,0,0,0,0");
tmap.push("501,501,501,623,0,0,0,0,701,0,0,0,701,0,0,0,0,0,701,0,0,0,0,0,701,0,0,0,0,0,701,0,0,0,0,701,0,0,0,0");
tmap.push("501,501,501,623,702,702,702,702,703,702,702,702,703,702,702,702,702,702,703,702,702,0,0,0,701,0,0,0,0,0,701,0,0,0,0,701,0,0,0,0");
tmap.push("501,501,501,623,0,0,0,0,701,0,0,0,701,0,0,0,0,0,701,0,0,0,0,0,701,0,0,0,0,0,701,0,0,0,0,701,0,0,0,0");
tmap.push("501,501,501,542,583,0,0,0,701,0,0,0,701,0,0,0,0,0,701,0,0,0,0,0,701,0,0,0,0,0,701,0,0,581,582,582,582,582,582,582");
tmap.push("501,501,501,501,542,582,583,0,701,0,0,0,701,0,0,0,0,0,701,0,0,0,0,0,701,0,0,0,0,0,581,582,582,543,501,501,501,501,501,501");
tmap.push("501,501,501,501,501,501,542,582,583,0,0,0,701,0,0,0,0,0,701,0,0,0,0,0,701,0,0,581,582,582,543,501,501,501,501,501,501,501,501,501");
tmap.push("501,501,501,501,501,501,501,501,542,582,583,0,701,0,0,0,0,0,701,0,0,0,0,0,581,582,582,543,501,501,501,501,501,501,501,501,501,501,501,501");
tmap.push("501,501,501,501,501,501,501,501,501,501,542,582,583,0,0,0,0,0,701,0,0,0,0,0,621,501,501,501,501,501,501,501,501,501,501,501,501,501,501,501");
tmap.push("501,501,501,501,501,501,501,501,501,501,501,501,542,582,583,0,0,0,701,0,0,0,0,0,621,501,501,501,501,501,501,501,501,501,501,501,501,501,501,501");
tmap.push("501,501,501,501,501,501,501,501,501,501,501,501,501,501,542,582,582,582,583,0,0,0,0,0,621,501,501,501,501,501,501,501,501,501,501,501,501,501,501,501");
tmap.push("501,501,501,501,501,501,501,501,501,501,501,501,501,501,501,501,501,501,623,0,0,0,0,0,621,501,501,501,501,501,501,501,501,501,501,501,501,501,501,501");
tmap.push("501,501,501,501,501,501,501,501,501,501,501,501,501,501,501,501,501,501,623,702,702,702,702,702,621,501,501,501,501,501,501,501,501,501,501,501,501,501,501,501");
tmap.push("501,501,501,501,501,501,501,501,501,501,501,501,501,501,501,501,501,501,623,0,0,0,0,0,621,501,501,501,501,501,501,501,501,501,501,501,501,501,501,501");
tmap.push("501,501,501,501,501,501,501,501,501,501,501,501,501,501,501,501,501,501,623,0,0,0,0,0,621,501,501,501,501,501,501,501,501,501,501,501,501,501,501,501");
tmap.push("501,501,501,501,501,501,501,501,501,501,501,501,501,501,501,501,501,501,623,0,0,0,0,0,621,501,501,501,501,501,501,501,501,501,501,501,501,501,501,501");

obj.createentity(game, 40, 112, 9, 0);  // (shiny trinket)
break;
