case rn(119,114):
tmap = new Array();
tmap.push("489,489,489,489,489,489,611,0,0,0,0,0,0,0,0,0,0,0,0,0,0,0,0,0,0,0,0,0,0,0,0,0,0,609,489,489,489,489,489,489");
tmap.push("489,489,489,489,489,489,611,0,0,0,0,0,0,0,0,0,0,0,0,0,0,0,0,0,0,0,0,0,0,0,0,0,0,609,489,489,489,489,489,489");
tmap.push("489,489,489,489,489,489,611,0,0,0,0,0,0,0,0,0,0,0,0,0,0,0,0,0,0,0,0,0,0,0,0,0,0,609,489,489,489,489,489,489");
tmap.push("489,489,489,489,489,489,611,0,0,0,0,0,0,0,0,0,0,0,0,0,0,0,0,0,0,0,0,0,0,0,0,0,0,609,489,489,489,489,489,489");
tmap.push("489,489,489,489,489,489,611,0,0,0,0,0,0,0,0,0,0,0,0,0,0,0,0,0,0,0,569,570,571,0,0,0,0,609,489,489,489,489,489,489");
tmap.push("489,489,489,489,489,489,611,0,0,0,0,0,0,0,0,0,0,0,0,0,0,0,0,0,0,0,649,650,651,0,0,0,0,609,489,489,489,489,489,489");
tmap.push("489,489,489,489,489,489,611,0,0,0,0,0,0,0,0,0,0,0,0,0,0,0,0,0,0,0,0,689,0,0,0,0,0,609,489,489,489,489,489,489");
tmap.push("489,489,489,489,489,489,611,0,0,0,0,0,0,0,0,0,0,0,0,0,569,570,571,0,689,0,0,689,0,0,0,0,0,609,489,489,489,489,489,489");
tmap.push("489,489,489,489,489,489,611,0,0,0,0,0,0,0,0,0,0,0,0,0,609,489,611,690,691,690,690,691,690,690,690,690,690,609,489,489,489,489,489,489");
tmap.push("489,489,489,489,489,489,611,0,689,0,569,570,571,0,0,0,0,0,0,0,649,650,651,0,689,0,0,689,0,0,0,0,0,609,489,489,489,489,489,489");
tmap.push("489,489,489,489,489,489,611,690,691,690,609,489,611,0,0,0,0,0,0,0,0,0,0,0,689,0,0,0,0,0,569,570,570,531,489,489,489,489,489,489");
tmap.push("489,489,489,489,489,489,611,0,689,0,649,650,651,0,0,0,0,0,0,0,0,0,0,0,689,0,0,0,0,0,609,489,489,489,489,489,489,489,489,489");
tmap.push("489,489,489,489,489,489,611,0,689,0,0,0,0,0,0,0,0,0,0,0,0,0,0,0,689,0,0,0,0,0,609,489,489,489,489,489,489,489,489,489");
tmap.push("489,489,489,489,489,489,611,0,689,0,0,0,0,0,0,0,0,0,0,0,0,0,0,569,570,571,0,0,0,0,609,489,489,489,489,489,489,489,489,489");
tmap.push("489,489,489,489,489,489,611,0,689,0,0,0,0,0,0,0,0,0,0,0,0,0,0,649,650,651,0,0,0,0,609,489,489,489,489,489,489,489,489,489");
tmap.push("489,489,489,489,489,489,611,0,689,0,0,0,0,0,0,0,0,0,0,0,0,0,0,0,0,0,0,0,0,0,609,489,489,489,489,489,489,489,489,489");
tmap.push("489,489,489,489,489,489,611,0,689,0,0,0,0,0,0,0,0,0,0,0,0,0,0,0,0,0,0,0,0,0,609,489,489,489,489,489,489,489,489,489");
tmap.push("489,489,489,489,489,489,611,0,689,0,0,0,0,0,0,0,0,0,0,0,0,0,0,0,0,0,0,569,570,570,531,489,489,489,489,489,489,489,489,489");
tmap.push("489,489,489,489,489,489,611,0,689,0,0,0,0,0,0,0,0,0,0,0,0,0,0,0,0,0,0,609,489,489,489,489,489,489,489,489,489,489,489,489");
tmap.push("489,489,489,489,489,489,611,0,689,0,0,0,0,0,0,0,0,569,570,571,0,0,0,0,0,0,0,609,489,489,489,489,489,489,489,489,489,489,489,489");
tmap.push("489,489,489,489,489,489,611,0,689,0,569,571,0,0,0,0,0,609,489,611,690,690,690,690,690,690,690,609,489,489,489,489,489,489,489,489,489,489,489,489");
tmap.push("489,489,489,489,489,489,611,690,691,690,609,611,0,0,0,0,0,649,650,651,0,0,0,0,0,0,0,609,489,489,489,489,489,489,489,489,489,489,489,489");
tmap.push("489,489,489,489,489,489,611,0,689,0,649,651,0,0,0,0,0,0,0,0,0,0,0,0,0,0,0,609,489,489,489,489,489,489,489,489,489,489,489,489");
tmap.push("489,489,489,489,489,489,611,0,0,0,0,0,0,0,0,0,0,0,0,0,0,0,0,0,569,570,570,531,489,489,489,489,489,489,489,489,489,489,489,489");
tmap.push("489,489,489,489,489,489,611,0,0,0,0,0,0,0,0,0,0,0,0,0,0,0,0,0,609,489,489,489,489,489,489,489,489,489,489,489,489,489,489,489");
tmap.push("489,489,489,489,489,489,611,0,0,0,0,0,0,0,0,0,0,0,0,0,0,0,0,0,609,489,489,489,489,489,489,489,489,489,489,489,489,489,489,489");
tmap.push("489,489,489,489,489,489,611,0,0,0,0,0,0,0,0,0,0,0,0,0,0,0,0,0,609,489,489,489,489,489,489,489,489,489,489,489,489,489,489,489");
tmap.push("489,489,489,489,489,489,611,0,0,0,0,0,0,0,0,0,0,0,0,0,0,0,0,0,609,489,489,489,489,489,489,489,489,489,489,489,489,489,489,489");
tmap.push("489,489,489,489,489,489,611,0,0,0,0,0,0,0,0,0,0,0,0,0,0,0,0,0,609,489,489,489,489,489,489,489,489,489,489,489,489,489,489,489");
tmap.push("489,489,489,489,489,489,611,0,0,0,0,0,0,0,0,0,0,0,0,0,0,0,0,0,609,489,489,489,489,489,489,489,489,489,489,489,489,489,489,489");

obj.createentity(game, 80, 144, 10, 1, 115190);  // (savepoint)
break;
