case rn(49,49):
tmap = new Array();
tmap.push("107,107,107,107,107,107,229,689,689,689,689,227,107,107,229,689,689,689,689,689,227,107,107,107,107,107,107,107,107,107,107,108,268,268,268,268,268,268,268,268");
tmap.push("107,107,107,107,107,107,229,689,689,689,689,227,107,107,229,689,689,689,689,689,227,107,107,107,107,107,107,107,107,107,107,229,0,0,0,0,0,0,0,0");
tmap.push("107,107,107,107,107,107,229,850,850,691,689,227,107,107,229,689,689,689,689,689,227,107,107,107,107,107,107,107,107,107,107,229,689,811,0,0,0,0,0,0");
tmap.push("107,107,107,107,107,107,229,0,0,809,689,227,107,107,229,689,689,689,689,689,227,107,107,107,107,107,107,107,107,107,107,229,689,811,0,0,0,0,0,0");
tmap.push("107,107,107,107,107,107,229,0,0,809,689,227,107,107,229,689,689,689,689,689,227,107,107,107,107,107,107,107,107,107,107,229,689,811,0,0,0,0,0,0");
tmap.push("107,107,107,107,107,107,229,0,0,809,689,227,107,107,229,689,689,689,689,689,227,107,107,107,107,107,107,107,107,107,107,229,689,811,0,0,0,0,0,0");
tmap.push("107,107,107,107,107,107,229,0,0,809,689,227,107,107,229,689,689,689,689,689,227,107,107,107,107,107,107,107,107,107,107,229,689,811,0,0,0,0,0,0");
tmap.push("107,107,107,107,107,107,229,0,0,849,850,227,107,107,229,850,850,850,850,850,227,107,107,107,107,107,107,107,107,107,107,229,850,851,0,0,8,8,8,8");
tmap.push("107,107,107,107,107,107,229,0,0,0,0,227,107,107,229,0,0,0,0,0,227,107,107,107,107,107,107,107,107,107,107,229,0,0,0,0,187,188,188,188");
tmap.push("107,107,107,107,107,107,229,0,0,0,0,227,107,107,229,0,0,0,0,0,267,268,268,268,268,268,268,268,268,268,268,269,0,0,0,0,227,107,107,107");
tmap.push("107,107,107,107,107,107,229,0,0,0,0,227,107,107,229,0,0,0,0,0,9,9,9,9,9,9,9,9,9,9,9,9,0,0,0,0,227,107,107,107");
tmap.push("107,107,107,107,107,107,229,0,0,0,0,227,107,107,229,0,0,0,0,0,0,0,0,0,0,0,0,0,0,0,0,0,0,0,0,0,227,107,107,107");
tmap.push("107,107,107,107,107,107,229,0,0,0,0,227,107,107,229,0,0,0,0,0,0,0,0,0,0,0,0,0,0,0,0,0,0,0,0,0,227,107,107,107");
tmap.push("107,107,107,107,107,107,229,0,0,0,0,227,107,107,229,0,0,0,0,0,0,0,0,0,0,0,0,0,0,0,0,0,0,0,0,0,227,107,107,107");
tmap.push("107,107,107,107,107,107,229,770,771,0,0,227,107,107,229,0,0,0,0,0,0,0,0,0,0,0,0,0,0,0,0,0,0,0,0,0,227,107,107,107");
tmap.push("107,107,107,107,107,107,229,689,811,0,0,227,107,107,229,0,0,0,0,0,0,0,0,0,0,0,0,0,0,0,0,0,0,0,0,0,227,107,107,107");
tmap.push("107,107,107,107,107,107,229,689,811,0,0,227,107,107,229,0,0,0,0,0,0,0,0,0,0,0,0,0,0,0,0,0,0,0,0,0,227,107,107,107");
tmap.push("107,107,107,107,107,107,229,689,811,0,0,227,107,107,229,0,0,0,0,0,0,0,0,0,0,0,0,0,0,0,0,0,0,0,0,0,227,107,107,107");
tmap.push("107,107,107,107,107,107,229,689,811,0,0,227,107,107,229,0,0,0,0,0,0,0,0,0,0,0,0,0,0,0,0,0,0,0,0,0,227,107,107,107");
tmap.push("107,107,107,107,107,107,229,689,730,770,770,227,107,107,229,0,0,0,0,0,0,0,0,0,0,0,0,0,0,0,0,0,0,0,0,0,227,107,107,107");
tmap.push("107,107,107,107,107,107,229,689,689,689,689,227,107,107,229,0,0,0,0,0,0,0,0,0,0,0,0,0,0,0,0,0,0,0,0,0,227,107,107,107");
tmap.push("107,107,107,107,107,107,229,689,689,689,689,227,107,107,229,0,0,0,0,0,0,0,0,0,0,0,0,0,0,0,0,0,0,0,0,0,227,107,107,107");
tmap.push("107,107,107,107,107,107,229,689,689,689,689,227,107,107,229,0,0,0,0,0,0,0,0,0,0,0,0,0,0,0,0,0,0,0,0,0,227,107,107,107");
tmap.push("107,107,107,107,107,107,229,689,689,689,689,227,107,107,229,0,0,0,0,0,0,0,0,0,0,0,0,0,0,0,0,0,0,0,0,0,227,107,107,107");
tmap.push("107,107,107,107,107,107,229,689,689,689,689,227,107,107,148,188,188,188,188,189,0,0,0,0,0,0,0,0,0,0,0,0,0,0,0,0,227,107,107,107");
tmap.push("107,107,107,107,107,107,229,689,689,689,689,227,107,107,107,107,107,107,107,229,0,0,0,0,0,0,0,0,0,0,0,0,0,0,0,0,227,107,107,107");
tmap.push("107,107,107,107,107,107,229,689,689,689,689,227,107,107,107,107,107,107,107,229,8,8,8,8,8,8,8,8,8,8,8,8,8,8,8,8,227,107,107,107");
tmap.push("107,107,107,107,107,107,229,689,689,689,689,227,107,107,107,107,107,107,107,148,188,188,188,188,188,188,188,188,188,188,188,188,188,188,188,188,149,107,107,107");
tmap.push("107,107,107,107,107,107,229,689,689,689,689,227,107,107,107,107,107,107,107,107,107,107,107,107,107,107,107,107,107,107,107,107,107,107,107,107,107,107,107,107");

obj.createentity(game, 128, 176, 10, 1, 449490);  // (savepoint)
obj.createentity(game, 160, 192, 3);  //Disappearing Platform
obj.createentity(game, 192, 192, 3);  //Disappearing Platform
obj.createentity(game, 224, 192, 3);  //Disappearing Platform
obj.createentity(game, 256, 192, 3);  //Disappearing Platform
obj.createentity(game, 216, 168, 1, 0, 4, 160, 88, 256, 192);  // Enemy, bounded
obj.createentity(game, 184, 96, 1, 1, 4, 160, 88, 256, 192);  // Enemy, bounded
obj.createentity(game, 256, 8, 2, 10, 4);  //Big Threadmill, >>>>>>
break;
