case rn(50,43):
tmap = new Array();
tmap.push("286,286,286,286,286,408,689,689,811,0,0,0,406,286,286,286,286,286,286,286,286,286,286,286,286,286,286,286,286,286,286,286,286,286,286,286,286,286,286,286");
tmap.push("286,286,286,286,286,408,689,689,811,0,0,0,406,287,447,447,447,447,288,286,286,286,286,286,286,287,447,447,447,447,288,286,286,286,286,286,286,286,286,286");
tmap.push("286,286,286,286,286,408,689,689,811,0,0,0,446,448,9,9,9,9,446,447,447,447,447,447,447,448,9,9,9,9,446,447,447,447,447,447,447,447,447,447");
tmap.push("286,286,286,286,286,408,689,689,811,0,0,0,0,0,0,0,0,0,0,0,0,0,0,0,0,0,0,0,0,0,0,0,0,0,0,0,0,0,0,0");
tmap.push("286,286,286,286,286,408,689,689,811,0,0,0,0,0,0,0,0,0,0,0,0,0,0,0,0,0,0,0,0,0,0,0,0,0,0,0,0,0,0,0");
tmap.push("286,286,286,286,286,408,689,689,811,0,0,0,0,0,0,0,0,0,0,0,0,0,0,0,0,0,0,0,0,0,0,0,0,0,0,0,0,0,0,0");
tmap.push("286,286,286,286,286,408,689,689,811,0,0,0,0,0,0,0,0,0,0,0,0,0,0,0,0,0,0,0,0,0,0,0,0,0,0,0,0,0,0,0");
tmap.push("286,286,286,286,286,408,850,850,851,0,0,0,0,0,0,0,0,0,0,0,0,0,0,0,0,0,0,0,0,0,0,0,0,0,0,0,0,0,0,0");
tmap.push("286,286,286,286,286,408,0,0,0,0,0,0,0,0,0,0,0,0,0,0,0,0,0,0,0,0,0,0,0,0,0,0,0,0,0,0,0,0,0,0");
tmap.push("286,286,286,286,286,408,0,0,0,0,0,0,0,0,0,0,0,0,0,0,0,0,0,0,0,0,0,0,0,0,0,0,0,0,0,0,0,0,0,0");
tmap.push("286,286,286,286,286,408,0,0,0,0,0,0,0,0,0,0,0,0,0,0,0,0,0,0,0,0,0,0,0,0,0,0,0,0,0,0,0,0,0,0");
tmap.push("286,286,286,286,286,408,0,0,0,0,0,0,0,0,0,0,0,0,0,0,0,0,0,0,0,0,0,0,0,0,0,0,0,0,0,0,0,0,0,0");
tmap.push("286,286,286,286,286,327,367,367,367,367,367,367,367,367,367,367,367,367,367,368,8,8,8,8,366,367,367,367,367,367,367,368,8,8,8,8,8,8,8,8");
tmap.push("286,286,286,286,286,286,286,286,286,286,286,286,286,286,286,286,286,286,286,327,367,367,367,367,328,286,286,286,286,286,286,327,367,367,367,367,367,367,367,367");
tmap.push("286,286,286,286,286,286,286,286,286,286,286,286,286,286,286,286,286,286,286,286,286,286,286,286,286,286,286,286,286,286,286,286,286,286,286,286,286,286,286,286");
tmap.push("447,447,447,447,288,286,286,287,447,447,447,447,288,286,286,287,447,447,447,447,288,286,286,287,447,447,447,447,288,286,286,287,447,447,447,447,447,447,447,447");
tmap.push("9,9,9,9,446,447,447,448,9,9,9,9,446,447,447,448,9,9,9,9,446,447,447,448,9,9,9,9,446,447,447,448,9,9,9,9,9,9,9,9");
tmap.push("0,0,0,0,0,0,0,0,0,0,0,0,0,0,0,0,0,0,0,0,0,0,0,0,0,0,0,0,0,0,0,0,0,0,0,0,0,0,0,0");
tmap.push("0,0,0,0,0,0,0,0,0,0,0,0,0,0,0,0,0,0,0,0,0,0,0,0,0,0,0,0,0,0,0,0,0,0,0,0,0,0,0,0");
tmap.push("0,0,0,0,0,0,0,0,0,0,0,0,0,0,0,0,0,0,0,0,0,0,0,0,0,0,0,0,0,0,0,0,0,0,0,0,0,0,0,0");
tmap.push("0,0,0,0,0,0,0,0,0,0,0,0,0,0,0,0,0,0,0,0,0,0,0,0,0,0,0,0,0,0,0,0,0,0,0,0,0,0,0,0");
tmap.push("0,0,0,0,0,0,0,0,0,0,0,0,0,0,0,0,0,0,0,0,0,0,0,0,0,0,0,0,0,0,0,0,0,0,0,0,0,0,0,0");
tmap.push("0,0,0,0,0,0,0,0,0,0,0,0,0,0,0,0,0,0,0,0,0,0,0,0,0,0,0,0,0,0,0,0,0,0,0,0,0,0,0,0");
tmap.push("0,0,0,0,0,0,0,0,0,0,0,0,0,0,0,0,0,0,0,0,0,0,0,0,0,0,0,0,0,0,0,0,0,0,0,0,0,0,0,0");
tmap.push("0,0,0,0,0,0,0,0,0,0,0,0,0,0,0,0,0,0,0,0,0,0,0,0,0,0,0,0,0,0,0,0,0,0,0,0,0,0,0,0");
tmap.push("0,0,0,0,0,0,0,0,0,0,0,0,0,0,0,0,0,0,0,0,0,0,0,0,0,0,0,0,0,0,0,0,0,0,0,0,0,0,0,0");
tmap.push("367,367,367,368,8,8,8,8,366,367,367,368,8,8,8,8,366,367,367,368,8,8,8,8,366,367,367,368,8,8,8,8,366,367,367,367,367,367,367,367");
tmap.push("286,286,286,327,367,367,367,367,328,286,286,327,367,367,367,367,328,286,286,327,367,367,367,367,328,286,286,327,367,367,367,367,328,286,286,286,286,286,286,286");
tmap.push("286,286,286,286,286,286,286,286,286,286,286,286,286,286,286,286,286,286,286,286,286,286,286,286,286,286,286,286,286,286,286,286,286,286,286,286,286,286,286,286");

obj.createentity(game, 280, 192, 10, 1, 443500);  // (savepoint)
obj.createentity(game, 64, 80, 10, 1, 443501);  // (savepoint)
break;
