case rn(50,49):
tmap = new Array();
tmap.push("274,274,274,274,274,274,274,274,274,274,274,274,115,113,113,113,113,113,113,113,113,113,113,113,113,113,113,114,274,274,274,274,274,274,274,274,274,274,274,274");
tmap.push("0,0,0,0,0,0,0,0,0,0,0,0,273,115,113,113,113,113,113,113,113,113,113,113,113,113,114,275,0,0,0,0,0,0,0,0,0,0,0,0");
tmap.push("0,0,0,0,0,0,0,0,0,0,0,0,9,233,113,113,113,113,113,113,113,113,113,113,113,113,235,9,0,0,0,0,0,0,0,0,0,0,0,0");
tmap.push("0,0,0,0,0,0,0,0,0,0,0,0,0,273,115,113,113,113,113,113,113,113,113,113,113,114,275,0,0,0,0,0,0,0,0,0,0,0,0,0");
tmap.push("0,0,0,0,0,0,0,0,0,0,0,0,0,9,233,113,113,113,113,113,113,113,113,113,113,235,9,0,0,0,0,0,0,0,0,0,0,0,0,0");
tmap.push("0,0,0,0,0,0,0,0,0,0,0,0,0,0,273,115,113,113,113,113,113,113,113,113,114,275,0,0,0,0,0,0,0,0,0,0,0,0,0,0");
tmap.push("0,0,0,0,0,0,0,0,0,0,0,0,0,0,9,233,113,113,113,113,113,113,113,113,235,9,0,0,0,0,0,0,0,0,0,0,0,0,0,0");
tmap.push("8,8,8,8,8,8,8,8,8,0,0,0,0,0,0,273,115,113,113,113,113,113,113,114,275,0,0,0,0,0,0,8,8,8,8,8,8,8,8,8");
tmap.push("194,194,194,194,194,194,194,194,195,0,0,0,0,0,0,9,233,113,113,113,113,113,113,235,9,0,0,0,0,0,0,193,194,194,194,194,194,194,194,194");
tmap.push("113,113,113,113,113,113,113,113,235,8,0,0,0,0,0,0,273,115,113,113,113,113,114,275,0,0,0,0,0,0,8,233,113,113,113,113,113,113,113,113");
tmap.push("113,113,113,113,113,113,113,113,154,195,0,0,0,0,0,0,9,233,113,113,113,113,235,9,0,0,0,0,0,0,193,155,113,113,113,113,113,113,113,113");
tmap.push("113,113,113,113,113,113,113,113,113,235,8,0,0,0,0,0,0,273,115,113,113,114,275,0,0,0,0,0,0,8,233,113,113,113,113,113,113,113,113,113");
tmap.push("113,113,113,113,113,113,113,113,113,154,195,0,0,0,0,0,0,9,233,113,113,235,9,0,0,0,0,0,0,193,155,113,113,113,113,113,113,113,113,113");
tmap.push("113,113,113,113,113,113,113,113,113,113,235,8,0,0,0,0,0,0,273,115,114,275,0,0,0,0,0,0,8,233,113,113,113,113,113,113,113,113,113,113");
tmap.push("113,113,113,113,113,113,113,113,113,113,154,195,0,0,0,0,0,0,9,233,235,9,0,0,0,0,0,0,193,155,113,113,113,113,113,113,113,113,113,113");
tmap.push("113,113,113,113,113,113,113,113,113,113,113,235,8,0,0,0,0,0,0,273,275,0,0,0,0,0,0,8,233,113,113,113,113,113,113,113,113,113,113,113");
tmap.push("113,113,113,113,113,113,113,113,113,113,113,154,195,0,0,0,0,0,0,9,9,0,0,0,0,0,0,193,155,113,113,113,113,113,113,113,113,113,113,113");
tmap.push("113,113,113,113,113,113,113,113,113,113,113,113,235,8,0,0,0,0,0,0,0,0,0,0,0,0,8,233,113,113,113,113,113,113,113,113,113,113,113,113");
tmap.push("113,113,113,113,113,113,113,113,113,113,113,113,154,195,0,0,0,0,0,0,0,0,0,0,0,0,193,155,113,113,113,113,113,113,113,113,113,113,113,113");
tmap.push("113,113,113,113,113,113,113,113,113,113,113,113,113,235,8,0,0,0,0,0,0,0,0,0,0,8,233,113,113,113,113,113,113,113,113,113,113,113,113,113");
tmap.push("113,113,113,113,113,113,113,113,113,113,113,113,113,154,195,0,0,0,0,0,0,0,0,0,0,193,155,113,113,113,113,113,113,113,113,113,113,113,113,113");
tmap.push("113,113,113,113,113,113,113,113,113,113,113,113,113,113,235,8,0,0,0,0,0,0,0,0,8,233,113,113,113,113,113,113,113,113,113,113,113,113,113,113");
tmap.push("113,113,113,113,113,113,113,113,113,113,113,113,113,113,154,195,0,0,0,0,0,0,0,0,193,155,113,113,113,113,113,113,113,113,113,113,113,113,113,113");
tmap.push("113,113,113,113,113,113,113,113,113,113,113,113,113,113,113,235,8,0,0,0,0,0,0,8,233,113,113,113,113,113,113,113,113,113,113,113,113,113,113,113");
tmap.push("113,113,113,113,113,113,113,113,113,113,113,113,113,113,113,154,195,0,0,0,0,0,0,193,155,113,113,113,113,113,113,113,113,113,113,113,113,113,113,113");
tmap.push("113,113,113,113,113,113,113,113,113,113,113,113,113,113,113,113,235,8,0,0,0,0,8,233,113,113,113,113,113,113,113,113,113,113,113,113,113,113,113,113");
tmap.push("113,113,113,113,113,113,113,113,113,113,113,113,113,113,113,113,154,195,0,0,0,0,193,155,113,113,113,113,113,113,113,113,113,113,113,113,113,113,113,113");
tmap.push("113,113,113,113,113,113,113,113,113,113,113,113,113,113,113,113,113,235,8,8,8,8,233,113,113,113,113,113,113,113,113,113,113,113,113,113,113,113,113,113");
tmap.push("113,113,113,113,113,113,113,113,113,113,113,113,113,113,113,113,113,154,194,194,194,194,155,113,113,113,113,113,113,113,113,113,113,113,113,113,113,113,113,113");

obj.createentity(game, 144, 200, 3);  //Disappearing Platform
obj.createentity(game, 24, 16, 10, 0, 449500);  // (savepoint)
obj.createentity(game, 280, 16, 10, 0, 449501);  // (savepoint)
obj.createentity(game, 0, 8, 2, 10, 4);  //Big Threadmill, >>>>>>
obj.createentity(game, 64, 8, 2, 8, 4);  //Threadmill, >>>
obj.createentity(game, 224, 8, 2, 11, 4);  //Big Threadmill, <<<<<<
obj.createentity(game, 288, 8, 2, 9, 4);  //Threadmill, <<<
break;
