case rn(52,39):
tmap = new Array();
tmap.push("289,289,289,289,289,289,289,289,289,289,289,289,289,289,289,289,289,289,289,289,289,289,289,289,289,289,289,289,289,289,289,289,289,289,289,289,289,289,289,289");
tmap.push("289,289,289,289,289,289,289,289,289,289,289,289,289,289,289,289,289,289,289,289,289,289,289,289,289,289,289,289,289,289,289,289,289,289,289,289,289,289,289,289");
tmap.push("289,289,289,289,289,289,289,289,289,290,450,450,450,450,450,450,450,450,450,450,450,450,450,291,289,289,289,289,289,289,289,289,289,289,289,289,289,289,289,289");
tmap.push("289,289,289,289,289,289,289,289,289,411,7,7,7,7,7,7,7,7,7,7,7,7,7,409,289,289,289,289,289,289,289,289,289,289,289,289,289,289,289,289");
tmap.push("289,289,289,289,289,289,289,289,289,411,680,680,680,680,680,680,680,680,680,680,680,680,680,409,289,289,289,289,289,289,289,289,289,289,289,289,289,289,289,289");
tmap.push("450,450,450,450,450,450,450,291,289,411,680,680,680,680,680,680,680,680,680,680,680,680,680,449,450,450,450,450,450,450,450,450,450,450,450,450,450,450,450,450");
tmap.push("0,0,0,0,0,0,0,409,289,411,680,680,680,680,680,680,680,680,680,680,680,680,680,680,680,680,680,680,680,680,680,802,0,0,0,0,0,0,0,0");
tmap.push("0,0,0,0,0,0,0,409,289,411,680,680,680,680,680,680,680,680,680,680,680,680,680,680,680,680,680,680,680,680,680,802,0,0,0,0,0,0,0,0");
tmap.push("0,0,0,0,0,0,0,409,289,411,680,680,680,680,680,680,680,680,680,680,680,680,680,680,680,680,680,680,680,680,680,802,0,0,0,0,0,0,0,0");
tmap.push("0,0,0,0,0,0,0,409,289,411,680,680,680,680,680,680,680,680,680,680,680,680,680,680,680,680,680,680,680,680,680,802,0,0,0,0,0,0,0,0");
tmap.push("0,0,0,0,0,0,0,409,289,411,680,680,680,680,680,680,680,680,680,680,680,680,680,680,680,680,680,680,680,680,680,802,0,0,0,0,0,0,0,0");
tmap.push("0,0,0,0,0,0,0,409,289,411,680,680,680,680,680,680,681,841,841,841,841,841,841,682,680,680,680,680,680,680,680,802,0,0,0,0,0,0,0,0");
tmap.push("0,0,0,0,0,0,0,409,289,411,680,680,680,680,680,680,802,0,0,0,0,0,0,800,680,680,680,680,680,680,369,370,371,0,0,0,0,0,0,0");
tmap.push("0,0,0,0,0,0,0,409,289,411,680,680,680,680,680,680,802,0,0,0,0,0,0,800,680,680,680,680,680,680,409,289,411,0,0,0,0,0,0,0");
tmap.push("0,0,0,0,0,0,0,409,289,411,680,680,680,680,680,680,802,0,0,0,0,0,0,800,680,680,680,680,680,680,409,289,411,0,0,0,0,0,0,0");
tmap.push("370,370,371,0,0,0,0,409,289,411,680,680,680,680,680,680,802,0,0,0,0,0,0,800,680,680,680,680,680,680,409,289,330,370,370,370,370,370,370,370");
tmap.push("289,289,411,0,0,0,0,409,289,411,680,680,680,680,680,680,802,0,0,0,0,0,0,800,680,680,680,680,680,680,409,289,289,289,289,289,289,289,289,289");
tmap.push("289,289,411,0,0,0,0,449,450,451,680,680,680,680,680,680,721,761,761,761,761,761,761,722,680,680,680,680,680,680,409,289,289,289,289,289,289,289,289,289");
tmap.push("289,289,411,0,0,0,0,0,800,680,680,680,680,680,680,680,680,680,680,680,680,680,680,680,680,680,680,680,680,680,409,289,289,289,289,289,289,289,289,289");
tmap.push("289,289,411,0,0,0,0,0,800,680,680,680,680,680,680,680,680,680,680,680,680,680,680,680,680,680,680,680,680,680,409,289,289,289,289,289,289,289,289,289");
tmap.push("289,289,411,0,0,0,0,0,800,680,680,680,680,680,680,680,680,680,680,680,680,680,680,680,680,680,680,680,680,680,409,289,289,289,289,289,289,289,289,289");
tmap.push("289,289,411,0,0,0,0,0,800,680,680,680,680,680,680,680,680,680,680,680,680,680,680,680,680,680,680,680,680,680,409,289,289,289,289,289,289,289,289,289");
tmap.push("289,289,330,370,370,370,370,370,370,370,370,370,370,370,370,370,371,680,680,680,680,680,680,680,680,680,680,680,680,680,409,289,289,289,289,289,289,289,289,289");
tmap.push("289,289,289,289,289,289,289,289,289,289,289,289,289,289,289,289,411,680,680,680,680,680,680,680,680,680,680,680,680,680,409,289,289,289,289,289,289,289,289,289");
tmap.push("289,289,289,289,289,289,289,289,289,289,289,289,289,289,289,289,411,6,6,6,6,6,6,6,6,6,680,680,680,680,409,289,289,289,289,289,289,289,289,289");
tmap.push("289,289,289,289,289,289,289,289,289,289,289,289,289,289,289,289,330,370,370,370,370,370,370,370,370,371,680,680,680,680,409,289,289,289,289,289,289,289,289,289");
tmap.push("289,289,289,289,289,289,289,289,289,289,289,289,289,289,289,289,289,289,289,289,289,289,289,289,289,411,841,841,841,841,409,289,289,289,289,289,289,289,289,289");
tmap.push("289,289,289,289,289,289,289,289,289,289,289,289,289,289,289,289,289,289,289,289,289,289,289,289,289,411,0,0,0,0,409,289,289,289,289,289,289,289,289,289");
tmap.push("289,289,289,289,289,289,289,289,289,289,289,289,289,289,289,289,289,289,289,289,289,289,289,289,289,411,0,0,0,0,409,289,289,289,289,289,289,289,289,289");

obj.createentity(game, 192, 48, 10, 0, 439520);  // (savepoint)
obj.createentity(game, 112, 160, 10, 1, 439521);  // (savepoint)
break;
