case rn(54,45):
tmap = new Array();
tmap.push("0,0,0,0,0,433,313,435,0,0,809,689,433,313,313,314,474,474,315,313,313,313,313,313,313,313,313,313,313,435,689,689,811,0,0,433,313,313,313,313");
tmap.push("0,0,0,0,0,433,313,435,0,0,809,689,433,313,313,435,689,689,433,313,313,313,313,313,313,313,313,313,313,435,689,689,811,0,0,433,313,313,313,313");
tmap.push("0,0,0,0,0,433,313,435,0,0,809,689,473,474,474,475,689,689,473,474,474,474,474,474,474,474,474,315,313,435,689,689,811,0,0,433,313,313,313,313");
tmap.push("0,0,0,0,0,433,313,435,0,0,809,689,0,0,0,0,689,689,0,0,0,0,0,0,0,0,0,433,313,435,689,689,811,0,0,433,313,313,313,313");
tmap.push("0,0,0,0,0,433,313,435,0,0,809,689,689,689,689,689,689,689,689,689,689,689,689,689,689,689,689,433,313,435,689,689,811,0,0,433,313,313,313,313");
tmap.push("0,0,0,0,0,433,313,435,0,0,809,689,689,689,689,689,689,689,689,689,689,689,689,689,689,689,689,433,313,435,689,689,811,0,0,433,313,313,313,313");
tmap.push("394,394,394,394,394,355,313,435,0,0,809,689,689,689,689,689,689,689,689,689,689,689,689,689,689,689,689,433,313,435,689,689,811,0,0,433,313,313,313,313");
tmap.push("474,474,474,474,474,315,313,435,0,0,809,689,689,689,689,689,689,689,689,689,689,689,689,689,689,689,689,433,313,435,689,689,811,0,0,433,313,313,313,313");
tmap.push("0,0,0,0,0,433,313,435,0,0,0,0,0,0,0,0,689,689,0,0,0,0,0,689,689,689,689,433,313,435,689,689,811,0,0,433,313,313,313,313");
tmap.push("0,0,0,0,0,433,313,354,394,394,394,394,394,394,394,395,689,689,393,394,394,394,395,689,689,689,689,433,313,435,689,689,811,0,0,433,313,313,313,313");
tmap.push("0,0,0,0,0,433,313,314,474,474,474,474,474,474,474,475,689,689,473,474,474,474,475,689,689,689,689,433,313,435,689,689,811,0,0,433,313,313,313,313");
tmap.push("0,0,0,0,0,433,313,435,0,0,0,0,0,0,0,0,689,689,0,0,0,0,0,689,689,689,689,433,313,435,689,689,811,0,0,433,313,313,313,313");
tmap.push("0,0,0,0,0,433,313,435,0,0,809,689,689,689,689,689,689,689,689,689,689,689,689,689,689,689,689,433,313,435,689,689,811,0,0,433,313,313,313,313");
tmap.push("0,0,0,0,0,433,313,435,0,0,809,689,689,689,689,689,689,689,689,689,689,689,689,689,689,689,689,433,313,435,689,689,811,0,0,433,313,313,313,313");
tmap.push("0,0,0,0,0,433,313,435,0,0,809,689,689,689,689,689,689,689,689,689,689,689,689,689,689,689,689,433,313,435,689,689,811,0,0,433,313,313,313,313");
tmap.push("0,0,0,0,0,433,313,435,0,0,809,689,689,689,689,689,689,689,689,689,689,689,689,689,689,689,689,433,313,435,689,689,811,0,0,433,313,313,313,313");
tmap.push("0,0,0,0,0,433,313,435,0,0,809,689,689,689,689,689,689,689,689,689,689,689,689,689,689,689,689,433,313,435,689,689,811,0,0,433,313,313,313,313");
tmap.push("0,0,0,0,0,433,313,435,0,0,809,689,0,0,0,0,0,0,689,689,0,0,0,0,0,0,0,433,313,435,689,689,811,0,0,433,313,313,313,313");
tmap.push("0,0,0,0,0,433,313,435,0,0,809,689,393,394,394,394,394,395,689,689,393,394,394,394,394,394,394,355,313,435,689,689,811,0,0,433,313,313,313,313");
tmap.push("0,0,0,0,0,433,313,435,0,0,809,689,473,474,474,474,474,475,689,689,473,474,474,474,474,474,474,474,474,475,689,689,811,0,0,433,313,313,313,313");
tmap.push("0,0,0,0,0,433,313,435,0,0,809,689,0,0,0,0,0,0,689,689,0,0,0,0,0,0,0,0,0,0,689,689,811,0,0,433,313,313,313,313");
tmap.push("0,0,0,0,0,433,313,435,0,0,809,689,689,689,689,689,689,689,689,689,689,689,689,689,689,689,689,689,689,689,689,689,811,0,0,433,313,313,313,313");
tmap.push("0,0,0,0,0,433,313,435,0,0,849,850,850,850,850,850,850,850,850,850,850,850,850,850,850,850,850,850,850,850,850,850,851,0,0,433,313,313,313,313");
tmap.push("0,0,0,0,0,433,313,435,0,0,0,0,0,0,0,0,0,0,0,0,0,0,0,0,0,0,0,0,0,0,0,0,0,0,0,433,313,313,313,313");
tmap.push("0,0,0,0,0,433,313,435,0,0,0,0,0,0,0,0,0,0,0,0,0,0,0,0,0,0,0,0,0,0,0,0,0,0,0,433,313,313,313,313");
tmap.push("0,0,0,0,0,433,313,435,0,0,0,0,0,0,0,0,0,0,0,0,0,0,0,0,0,0,0,0,0,0,0,0,0,0,0,433,313,313,313,313");
tmap.push("394,394,394,394,394,355,313,354,394,394,394,394,394,394,394,394,394,395,0,0,393,394,394,394,394,394,394,394,394,394,394,394,394,394,394,355,313,313,313,313");
tmap.push("313,313,313,313,313,313,313,313,313,313,313,313,313,313,313,313,313,435,0,0,433,313,313,313,313,313,313,313,313,313,313,313,313,313,313,313,313,313,313,313");
tmap.push("313,313,313,313,313,313,313,313,313,313,313,313,313,313,313,313,313,354,394,394,355,313,313,313,313,313,313,313,313,313,313,313,313,313,313,313,313,313,313,313");

obj.createentity(game, 144, 208, 1, 1, 6);  // Enemy
obj.createentity(game, 64, 200, 2, 11, 4);  //Big Threadmill, <<<<<<
obj.createentity(game, 112, 200, 2, 9, 4);  //Threadmill, <<<
obj.createentity(game, 160, 200, 2, 11, 4);  //Big Threadmill, <<<<<<
obj.createentity(game, 216, 200, 2, 11, 4);  //Big Threadmill, <<<<<<
obj.createentity(game, 96, 160, 2, 9, 4);  //Threadmill, <<<
obj.createentity(game, 112, 160, 2, 9, 4);  //Threadmill, <<<
obj.createentity(game, 160, 160, 2, 11, 4);  //Big Threadmill, <<<<<<
obj.createentity(game, 208, 160, 2, 9, 4);  //Threadmill, <<<
obj.createentity(game, 248, 184, 10, 1, 445540);  // (savepoint)
obj.createentity(game, 128, 8, 1, 0, 6);  // Enemy
obj.createentity(game, 96, 24, 2, 9, 4);  //Threadmill, <<<
obj.createentity(game, 144, 24, 2, 11, 4);  //Big Threadmill, <<<<<<
obj.createentity(game, 184, 24, 2, 9, 4);  //Threadmill, <<<
obj.createentity(game, 64, 64, 2, 11, 4);  //Big Threadmill, <<<<<<
obj.createentity(game, 144, 64, 2, 9, 4);  //Threadmill, <<<
obj.createentity(game, 152, 64, 2, 9, 4);  //Threadmill, <<<
obj.createentity(game, 144, 88, 2, 9, 4);  //Threadmill, <<<
obj.createentity(game, 152, 88, 2, 9, 4);  //Threadmill, <<<
obj.createentity(game, 64, 88, 2, 11, 4);  //Big Threadmill, <<<<<<
obj.createentity(game, 96, 136, 2, 9, 4);  //Threadmill, <<<
obj.createentity(game, 112, 136, 2, 9, 4);  //Threadmill, <<<
obj.createentity(game, 160, 136, 2, 9, 4);  //Threadmill, <<<
obj.createentity(game, 184, 136, 2, 9, 4);  //Threadmill, <<<
break;
