case rn(49,48):
tmap = new Array();
tmap.push("289,289,289,289,289,289,411,0,0,800,680,409,289,289,411,680,680,680,680,680,409,289,289,289,289,289,289,289,289,289,289,411,0,0,0,0,409,289,289,289");
tmap.push("289,289,289,289,289,289,411,0,0,800,680,409,289,289,411,680,680,680,680,680,409,289,289,289,289,289,289,289,289,289,289,411,0,0,0,0,409,289,289,289");
tmap.push("289,289,289,289,289,289,411,0,0,800,680,409,289,289,411,680,680,680,680,680,409,289,289,289,289,289,289,289,289,289,289,411,0,0,0,0,409,289,289,289");
tmap.push("289,289,289,289,289,289,411,0,0,800,680,409,289,289,411,680,680,680,680,680,409,289,289,289,289,289,289,289,289,289,289,411,0,0,0,0,409,289,289,289");
tmap.push("289,289,289,289,289,289,411,0,0,800,680,409,289,289,411,680,680,680,680,680,409,289,289,289,289,289,289,289,289,289,289,411,0,0,0,0,409,289,289,289");
tmap.push("289,289,289,289,289,289,411,0,0,800,680,409,289,289,411,680,680,680,680,680,409,289,289,289,289,289,289,289,289,289,289,411,0,0,0,0,409,289,289,289");
tmap.push("289,289,289,289,289,289,411,0,0,800,680,409,289,289,411,680,680,680,680,680,409,289,289,289,289,289,289,289,289,289,289,411,0,0,0,0,409,289,289,289");
tmap.push("289,289,289,289,289,289,411,0,0,800,680,409,289,289,411,680,680,680,680,680,409,289,289,289,289,289,289,289,289,289,289,411,0,0,0,0,409,289,289,289");
tmap.push("289,289,289,289,289,289,411,0,0,800,680,409,289,289,411,680,680,680,680,680,409,289,289,289,289,289,289,289,289,289,289,411,761,761,761,761,409,289,289,289");
tmap.push("289,289,289,289,289,289,411,0,0,800,680,409,289,289,411,680,680,680,680,680,409,289,289,289,289,289,289,289,289,289,289,411,680,680,680,680,409,289,289,289");
tmap.push("289,289,289,289,289,289,411,0,0,800,680,409,289,289,411,680,680,680,680,680,409,289,290,450,450,450,450,450,450,450,450,451,680,680,680,680,409,289,289,289");
tmap.push("289,289,289,289,289,289,411,0,0,800,680,409,289,289,411,680,680,680,680,680,409,289,411,680,680,680,680,680,680,680,680,680,680,680,680,680,409,289,289,289");
tmap.push("289,289,289,289,289,289,411,0,0,840,841,409,289,289,411,841,841,682,680,680,409,289,411,680,680,680,680,680,680,680,680,680,680,680,680,680,409,289,289,289");
tmap.push("289,289,289,289,289,289,411,0,0,0,0,409,289,289,411,0,0,800,680,680,409,289,411,680,680,680,680,680,680,680,680,680,680,680,680,680,409,289,289,289");
tmap.push("289,289,289,289,289,289,411,0,0,0,0,409,289,289,411,0,0,800,680,680,409,289,411,680,680,680,680,680,680,680,680,680,680,680,680,680,409,289,289,289");
tmap.push("289,289,289,289,289,289,411,0,0,0,0,409,289,289,411,0,0,800,680,680,409,289,411,680,680,680,680,6,6,6,6,6,6,6,6,6,409,289,289,289");
tmap.push("289,289,289,289,289,289,411,0,0,0,0,409,289,289,411,0,0,800,680,680,409,289,411,680,680,680,680,369,370,370,370,370,370,370,370,370,331,289,289,289");
tmap.push("289,289,289,289,289,289,411,761,762,0,0,409,289,289,411,0,0,800,680,680,409,289,411,680,680,680,680,449,450,450,450,450,450,450,450,450,450,450,450,450");
tmap.push("289,289,289,289,289,289,411,680,802,0,0,409,289,289,411,0,0,800,680,680,409,289,411,680,680,680,680,680,680,680,680,680,680,680,680,680,680,802,0,0");
tmap.push("289,289,289,289,289,289,411,680,802,0,0,409,289,289,411,0,0,840,841,841,409,289,411,841,841,841,841,841,841,841,841,841,841,841,841,841,841,842,0,0");
tmap.push("289,289,289,289,289,289,411,680,802,0,0,409,289,289,411,0,0,0,0,0,409,289,411,0,0,0,0,0,0,0,0,0,0,0,0,0,0,0,0,0");
tmap.push("289,289,289,289,289,289,411,680,802,0,0,409,289,289,411,0,0,0,0,0,409,289,411,0,0,0,0,0,0,0,0,0,0,0,0,0,0,0,0,0");
tmap.push("289,289,289,289,289,289,411,680,802,0,0,409,289,289,411,0,0,0,0,0,409,289,411,8,8,8,8,8,8,8,8,8,8,8,8,8,8,8,8,8");
tmap.push("289,289,289,289,289,289,411,680,721,761,761,409,289,289,411,761,761,761,761,761,409,289,330,370,370,370,370,370,370,370,370,370,370,370,370,370,370,370,370,370");
tmap.push("289,289,289,289,289,289,411,680,680,680,680,409,289,289,411,680,680,680,680,680,409,289,289,289,289,289,289,289,289,289,289,289,289,289,289,289,289,289,289,289");
tmap.push("289,289,289,289,289,289,411,680,680,680,680,409,289,289,411,680,680,680,680,680,409,289,289,289,289,289,289,289,289,289,289,289,289,289,289,289,289,289,289,289");
tmap.push("289,289,289,289,289,289,411,680,680,680,680,409,289,289,411,680,680,680,680,680,409,289,289,289,289,289,289,289,289,289,289,289,289,289,289,289,289,289,289,289");
tmap.push("289,289,289,289,289,289,411,680,680,680,680,409,289,289,411,680,680,680,680,680,409,289,289,289,289,289,289,289,289,289,289,289,289,289,289,289,289,289,289,289");
tmap.push("289,289,289,289,289,289,411,680,680,680,680,409,289,289,411,680,680,680,680,680,409,289,289,289,289,289,289,289,289,289,289,289,289,289,289,289,289,289,289,289");

obj.createentity(game, 192, 96, 9, 0, 0+coin);  // (shiny trinket)
break;
