case rn(51,44):
tmap = new Array();
tmap.push("292,292,292,292,292,292,292,292,292,292,292,292,292,292,292,292,292,292,292,292,292,292,292,292,292,292,292,292,292,292,292,292,292,292,292,292,292,292,292,292");
tmap.push("292,292,292,292,292,292,292,292,292,292,292,292,292,292,292,292,292,292,292,292,292,292,292,292,292,292,292,292,292,293,453,453,453,453,453,453,453,294,292,292");
tmap.push("292,292,292,292,292,292,292,292,292,292,292,292,292,292,292,292,292,292,292,292,292,292,292,292,292,292,292,292,293,454,0,0,0,0,0,0,0,412,292,292");
tmap.push("292,292,292,292,292,292,292,292,292,292,292,292,292,292,292,292,292,292,292,292,292,292,292,292,292,292,292,293,454,0,0,0,0,0,0,0,0,412,292,292");
tmap.push("292,292,292,292,292,292,293,453,453,453,453,453,453,453,453,453,453,453,453,453,453,453,453,453,453,453,453,454,0,0,0,0,0,0,0,0,0,412,292,292");
tmap.push("292,292,292,292,292,292,414,701,701,701,701,701,701,701,701,823,0,0,0,0,0,0,0,0,0,0,0,0,0,0,0,0,0,0,0,0,0,412,292,292");
tmap.push("292,292,292,292,292,292,414,701,701,701,701,701,701,701,701,823,0,0,0,0,0,0,0,0,0,0,0,0,0,0,0,0,0,0,0,0,0,412,292,292");
tmap.push("292,292,292,292,292,292,414,701,701,701,701,701,701,701,701,823,0,0,0,0,0,0,0,0,0,0,0,0,0,0,0,0,0,0,0,0,0,412,292,292");
tmap.push("292,292,292,292,292,292,414,701,701,701,701,701,701,701,701,823,0,0,0,0,0,0,0,0,0,0,0,0,0,0,0,0,0,0,0,0,0,412,292,292");
tmap.push("292,292,292,292,292,292,414,701,701,701,701,701,701,701,701,823,0,0,0,0,0,0,0,0,0,0,0,0,0,0,0,0,0,0,0,0,0,412,292,292");
tmap.push("292,292,292,292,292,292,414,701,701,701,701,701,701,701,701,823,0,0,0,0,0,0,0,0,0,0,0,0,0,0,0,0,0,0,0,0,0,412,292,292");
tmap.push("292,292,292,292,292,292,414,701,701,701,701,701,701,701,701,823,0,0,0,0,0,0,0,0,0,0,0,0,0,0,0,0,0,0,0,0,0,412,292,292");
tmap.push("292,292,292,292,292,292,414,701,701,701,701,701,701,701,701,823,0,0,0,0,0,0,0,0,0,0,0,0,0,0,0,0,0,0,0,0,0,412,292,292");
tmap.push("292,292,292,292,292,292,414,701,701,701,701,701,701,701,701,823,0,0,0,0,0,0,0,0,0,0,0,0,0,0,0,0,0,0,0,0,0,412,292,292");
tmap.push("292,292,292,292,292,292,414,701,701,701,701,701,701,701,701,823,0,0,0,0,0,0,0,0,0,0,0,0,0,0,0,0,0,0,0,0,0,412,292,292");
tmap.push("292,292,292,292,292,292,414,701,701,701,701,701,701,701,701,823,0,0,0,0,0,0,0,0,0,0,0,0,0,0,0,0,0,0,0,0,0,412,292,292");
tmap.push("292,292,292,292,292,292,414,701,701,701,701,701,701,701,701,823,0,0,0,0,0,0,0,0,0,0,0,0,0,0,0,0,0,0,0,0,0,412,292,292");
tmap.push("292,292,292,292,292,292,414,701,701,701,701,701,701,701,701,823,0,0,0,0,0,0,0,0,0,0,0,0,0,0,0,0,0,0,0,0,0,412,292,292");
tmap.push("292,292,292,292,292,292,414,701,701,701,701,701,701,701,701,823,0,0,0,0,372,373,373,373,373,373,373,373,373,373,373,373,373,374,0,0,0,412,292,292");
tmap.push("292,292,292,292,292,292,414,701,701,701,701,701,701,701,701,823,0,0,0,372,334,292,292,292,292,292,292,292,292,292,292,292,292,414,0,0,0,412,292,292");
tmap.push("292,292,292,292,293,453,454,701,701,701,701,701,701,701,701,823,0,0,372,334,292,292,292,292,292,292,292,292,292,292,292,292,292,414,0,0,0,412,292,292");
tmap.push("292,292,292,292,414,701,701,701,701,701,701,701,372,373,373,373,373,373,334,292,292,292,292,292,292,292,292,292,292,292,292,292,292,414,0,0,0,412,292,292");
tmap.push("292,292,292,292,414,701,701,701,701,701,701,701,412,292,292,292,292,292,292,292,293,453,453,453,453,453,453,453,453,453,453,453,453,454,0,0,0,412,292,292");
tmap.push("292,292,292,292,414,701,701,701,701,701,701,701,412,292,292,292,292,292,292,292,414,0,0,0,0,0,0,0,0,0,0,0,0,0,0,0,0,412,292,292");
tmap.push("292,292,292,292,414,701,701,701,701,701,701,701,412,292,292,292,292,292,292,292,414,0,0,0,0,0,0,0,0,0,0,0,0,0,0,0,0,412,292,292");
tmap.push("292,292,292,292,414,701,701,701,701,701,701,701,412,292,292,292,292,292,292,292,414,0,0,0,0,0,0,0,0,0,0,0,0,0,0,0,0,412,292,292");
tmap.push("292,292,292,292,414,701,701,701,701,701,701,701,412,292,292,292,292,292,292,292,414,0,0,0,0,0,0,0,0,0,0,0,0,0,0,0,0,412,292,292");
tmap.push("292,292,292,292,333,373,374,701,701,701,701,701,412,292,292,292,292,292,292,292,414,0,0,0,0,372,373,373,373,373,373,373,373,373,373,373,373,334,292,292");
tmap.push("292,292,292,292,292,292,414,701,701,701,701,701,412,292,292,292,292,292,292,292,414,0,0,0,0,412,292,292,292,292,292,292,292,292,292,292,292,292,292,292");

obj.createentity(game, 56, 40, 1, 0, 0);  // Enemy
obj.createentity(game, 224, 200, 10, 1, 444510);  // (savepoint)
break;
