case rn(51,47):
tmap = new Array();
tmap.push("283,283,283,283,283,283,283,283,283,283,283,283,283,283,283,283,283,283,283,283,405,0,0,0,0,403,283,283,283,283,283,283,283,283,283,283,283,283,283,283");
tmap.push("283,283,283,283,283,283,283,283,283,283,283,283,283,283,283,283,283,283,283,283,405,0,0,0,0,403,283,283,283,283,283,283,283,283,283,283,283,283,283,283");
tmap.push("283,283,283,283,283,283,283,283,283,283,283,283,283,283,283,283,283,283,283,283,405,0,0,0,0,403,283,283,283,283,283,283,283,283,283,283,283,283,283,283");
tmap.push("283,283,283,283,283,283,283,283,283,283,283,283,283,283,283,283,283,283,283,283,405,0,0,0,0,403,283,283,283,283,283,283,283,283,283,283,283,283,283,283");
tmap.push("283,283,283,283,283,283,283,283,283,283,283,283,283,283,283,283,283,283,283,283,405,0,0,0,0,443,444,444,444,444,444,444,444,444,444,444,444,444,444,444");
tmap.push("283,283,283,283,283,283,283,283,283,283,283,283,283,283,283,283,283,283,283,283,405,0,0,0,0,0,0,0,0,0,0,0,0,0,0,0,0,0,0,0");
tmap.push("283,283,283,283,283,283,283,283,283,283,283,283,283,283,283,283,283,283,283,283,405,0,0,0,0,0,0,0,0,0,0,0,0,0,0,0,0,0,0,0");
tmap.push("283,283,283,283,283,283,283,283,283,283,283,283,283,283,283,283,283,283,283,283,405,776,776,776,776,776,776,776,776,776,776,776,776,776,776,776,776,777,0,0");
tmap.push("283,283,283,283,283,283,283,283,283,283,283,283,283,283,283,283,283,283,283,283,405,695,695,695,695,695,695,695,695,695,695,695,695,695,695,695,695,817,0,0");
tmap.push("283,283,283,283,283,283,283,283,283,283,283,283,283,283,283,283,283,283,283,283,324,364,364,364,364,364,364,364,364,364,364,364,364,364,364,364,364,364,364,364");
tmap.push("283,283,283,283,283,283,283,283,283,283,283,283,283,283,283,283,283,283,283,283,283,283,283,283,283,283,283,283,283,283,283,283,283,283,283,283,283,283,283,283");
tmap.push("283,283,283,283,283,283,283,283,283,283,283,283,283,283,283,283,283,283,283,283,283,283,283,283,283,283,283,283,283,283,283,283,283,283,283,283,283,283,283,283");
tmap.push("283,283,283,283,283,283,283,283,283,283,283,283,283,283,283,283,283,283,283,283,283,283,283,283,283,283,283,283,283,283,283,283,283,283,283,283,283,283,283,283");
tmap.push("283,283,283,283,283,283,283,283,283,283,283,283,283,283,283,283,283,283,283,283,283,283,283,283,283,283,283,283,283,283,283,283,283,283,283,283,283,283,283,283");
tmap.push("283,283,283,283,283,283,283,283,283,283,283,283,283,283,283,283,283,283,283,283,283,283,283,283,283,283,283,283,283,283,283,283,283,283,283,283,283,283,283,283");
tmap.push("283,283,283,283,283,283,283,283,283,284,444,444,444,444,444,444,444,444,444,444,444,444,444,444,444,444,444,444,444,444,444,444,444,444,285,283,283,283,283,283");
tmap.push("283,284,444,444,444,444,444,444,444,445,0,0,0,0,0,0,0,0,0,0,0,0,0,0,0,0,0,0,0,0,0,0,0,0,403,284,444,444,444,444");
tmap.push("283,405,695,695,695,695,695,695,695,695,695,695,695,695,695,695,695,695,695,695,695,695,695,695,695,695,695,695,695,695,695,695,695,695,443,445,695,817,0,0");
tmap.push("283,405,695,695,695,695,695,695,695,695,695,695,695,695,695,695,695,695,695,695,695,695,695,695,695,695,695,695,695,695,695,695,695,695,695,695,695,817,0,0");
tmap.push("283,405,695,695,695,695,695,695,695,695,695,695,695,695,695,695,695,695,695,695,695,695,695,695,695,695,695,695,695,695,695,695,695,695,695,695,695,817,0,0");
tmap.push("283,405,695,695,695,695,695,695,695,695,695,695,695,695,695,695,695,695,695,695,695,695,695,695,695,695,695,695,695,695,695,695,695,695,363,365,695,817,0,0");
tmap.push("283,324,364,364,364,364,364,364,364,364,364,365,695,695,695,695,363,364,364,364,364,364,364,364,364,364,364,364,364,365,695,695,695,695,403,324,364,364,364,364");
tmap.push("283,283,283,283,283,283,283,284,444,444,444,445,695,695,695,695,403,283,283,283,283,283,283,283,283,283,283,283,283,405,695,695,695,695,443,444,444,444,444,444");
tmap.push("283,283,283,283,283,283,283,405,695,695,695,695,695,695,695,695,403,283,283,283,283,283,283,283,283,283,283,283,283,405,695,695,695,695,695,695,695,817,0,0");
tmap.push("283,283,283,283,283,283,283,405,856,856,856,856,856,856,856,856,403,283,283,283,283,283,283,283,283,283,283,283,283,405,856,856,856,856,856,856,856,857,0,0");
tmap.push("283,283,283,283,283,283,283,405,0,0,0,0,0,0,0,0,403,283,283,283,283,283,283,283,283,283,283,283,283,405,0,0,0,0,0,0,0,0,0,0");
tmap.push("283,283,283,283,283,283,283,405,0,0,0,0,0,0,0,0,403,283,283,283,283,283,283,283,283,283,283,283,283,405,0,0,0,0,0,0,0,0,0,0");
tmap.push("283,283,283,283,283,283,283,405,0,0,0,0,363,364,364,364,325,283,283,283,283,283,283,283,283,283,283,283,283,324,364,364,364,364,364,364,364,364,364,364");
tmap.push("283,283,283,283,283,283,283,405,0,0,0,0,403,283,283,283,283,283,283,283,283,283,283,283,283,283,283,283,283,283,283,283,283,283,283,283,283,283,283,283");

obj.createentity(game, 24, 144, 1, 3, 0);  // Enemy
obj.createentity(game, 72, 184, 10, 0, 447510);  // (savepoint)
obj.createentity(game, 80, 128, 2, 10, 4);  //Big Threadmill, >>>>>>
obj.createentity(game, 144, 128, 2, 10, 4);  //Big Threadmill, >>>>>>
obj.createentity(game, 208, 128, 2, 10, 4);  //Big Threadmill, >>>>>>
break;
