case rn(51,45):
tmap = new Array();
tmap.push("92,92,92,92,92,92,214,683,683,683,683,683,252,253,94,92,92,92,92,92,214,0,0,0,0,212,92,92,92,92,92,92,92,92,92,92,92,92,92,92");
tmap.push("92,92,92,92,92,92,214,683,683,683,683,683,683,683,212,92,92,92,92,92,214,0,0,0,0,212,92,92,92,92,92,92,92,92,92,92,92,92,92,92");
tmap.push("92,92,92,92,92,92,214,683,683,683,683,683,683,683,212,92,92,92,92,92,214,0,0,0,0,212,92,92,92,92,92,92,92,92,92,92,92,92,92,92");
tmap.push("92,92,92,92,92,92,214,683,683,683,683,683,683,683,212,92,92,92,92,92,214,0,0,0,0,212,92,92,92,92,92,92,92,92,92,92,92,92,92,92");
tmap.push("92,92,92,92,92,92,214,683,683,683,683,683,683,683,212,92,92,92,92,92,214,0,0,0,0,212,92,92,92,92,92,92,92,92,92,92,92,92,92,92");
tmap.push("92,92,92,92,92,92,214,683,683,683,683,683,683,683,212,92,92,92,92,92,214,0,0,0,0,212,92,92,92,92,92,92,92,92,92,92,92,92,92,92");
tmap.push("92,92,92,92,92,92,214,683,683,683,683,683,683,683,212,92,92,92,92,92,214,0,0,0,0,212,92,92,92,92,92,92,92,92,92,92,92,92,92,92");
tmap.push("92,92,92,92,92,92,214,683,683,683,683,683,172,173,134,92,92,92,92,92,214,0,0,0,0,212,92,92,92,92,92,92,92,92,92,92,92,92,92,92");
tmap.push("92,92,92,92,92,92,214,683,683,683,683,683,212,92,92,92,92,92,92,92,214,0,0,0,0,212,92,92,92,92,92,92,92,92,92,92,92,92,92,92");
tmap.push("92,92,92,92,92,92,214,683,683,683,683,683,212,92,92,92,92,92,92,92,214,0,0,0,0,252,253,253,253,253,253,253,253,253,253,253,253,253,253,253");
tmap.push("92,92,92,92,93,253,254,683,683,683,683,683,212,92,92,92,92,92,92,92,214,0,0,0,0,0,0,0,0,0,0,0,0,0,0,0,0,0,0,0");
tmap.push("92,92,92,92,214,683,683,683,683,683,683,683,212,92,92,92,92,92,92,92,214,0,0,0,0,0,0,0,0,0,0,0,0,0,0,0,0,0,0,0");
tmap.push("92,92,92,92,214,683,683,683,683,683,683,683,212,92,92,92,92,92,92,92,214,0,0,0,0,0,0,0,0,0,0,0,0,0,0,0,0,0,0,0");
tmap.push("92,92,92,92,214,683,683,683,683,683,683,683,212,92,92,92,92,92,92,92,214,0,0,0,0,0,0,0,0,0,0,0,0,0,0,0,0,0,0,0");
tmap.push("92,92,92,92,214,683,683,683,683,683,683,683,212,92,92,92,92,92,92,92,133,173,173,173,173,173,173,173,173,173,173,173,173,173,173,173,173,173,173,173");
tmap.push("92,92,92,92,214,683,683,683,683,683,683,683,212,92,92,92,92,92,92,92,92,92,92,92,92,92,92,92,92,92,92,92,92,92,92,92,92,92,92,92");
tmap.push("92,92,92,92,214,683,683,683,683,683,683,683,212,92,92,92,92,92,92,92,92,92,92,92,92,92,92,92,92,92,92,92,92,92,92,92,92,92,92,92");
tmap.push("92,92,92,92,133,173,174,683,683,683,683,683,212,92,92,92,92,92,92,92,92,92,92,92,92,92,92,92,92,92,92,92,92,92,92,92,92,92,92,92");
tmap.push("92,92,92,92,92,92,214,683,683,683,683,683,212,92,92,92,92,92,92,92,92,92,92,92,92,92,92,92,92,92,92,92,92,92,92,92,92,92,92,92");
tmap.push("92,92,92,92,92,92,214,683,683,683,683,683,212,92,92,92,92,92,92,92,92,92,92,92,92,92,92,92,92,92,92,92,92,92,92,92,92,92,92,92");
tmap.push("92,92,92,92,92,92,214,683,683,683,683,683,252,253,94,92,92,92,92,92,92,92,92,92,92,92,92,92,92,92,92,92,92,92,92,92,92,92,92,92");
tmap.push("92,92,92,92,92,92,214,683,683,683,683,683,683,683,212,92,92,92,92,92,92,92,92,92,92,92,92,92,92,92,92,92,92,92,92,92,92,92,92,92");
tmap.push("92,92,92,92,92,92,214,683,683,683,683,683,683,683,212,92,92,92,92,92,92,92,92,92,92,92,92,92,92,92,92,92,92,92,92,92,92,92,92,92");
tmap.push("92,92,92,92,92,92,214,683,683,683,683,683,683,683,212,92,92,92,92,92,92,92,92,92,92,92,92,92,92,92,92,92,92,92,92,92,92,92,92,92");
tmap.push("92,92,92,92,92,92,214,683,683,683,683,683,683,683,212,92,92,92,92,92,92,92,92,92,92,92,92,92,92,92,92,92,92,92,92,92,92,92,92,92");
tmap.push("92,92,92,92,92,92,214,683,683,683,683,683,683,683,212,92,92,92,92,92,92,92,92,92,92,92,92,92,92,92,92,92,92,92,92,92,92,92,92,92");
tmap.push("92,92,92,92,92,92,214,683,683,683,683,683,683,683,212,92,92,92,92,92,92,92,92,92,92,92,92,92,92,92,92,92,92,92,92,92,92,92,92,92");
tmap.push("92,92,92,92,92,92,214,683,683,683,683,683,172,173,134,92,92,92,92,92,92,92,92,92,92,92,92,92,92,92,92,92,92,92,92,92,92,92,92,92");
tmap.push("92,92,92,92,92,92,214,683,683,683,683,683,212,92,92,92,92,92,92,92,92,92,92,92,92,92,92,92,92,92,92,92,92,92,92,92,92,92,92,92");

obj.createentity(game, 96, 168, 10, 0, 445510);  // (savepoint)
break;
