case rn(51,40):
tmap = new Array();
tmap.push("495,495,495,495,495,495,495,495,495,495,495,495,495,495,495,495,495,495,495,495,495,495,495,495,495,495,495,495,495,495,495,495,495,495,495,495,495,495,495,495");
tmap.push("495,495,495,495,495,495,495,496,656,656,656,656,656,656,656,656,656,656,656,656,656,656,656,656,656,656,656,656,656,656,656,656,656,656,656,497,495,495,495,495");
tmap.push("495,495,495,495,495,495,495,617,680,680,680,680,680,680,680,680,680,680,680,680,680,680,680,680,680,680,680,680,680,680,680,680,680,680,680,615,495,495,495,495");
tmap.push("495,495,495,495,495,495,495,617,680,680,680,680,680,680,680,680,680,680,680,680,680,680,680,680,680,680,680,680,680,680,680,680,680,680,680,615,495,495,495,495");
tmap.push("495,495,495,495,495,495,495,617,680,680,680,680,680,680,680,680,680,680,680,680,680,680,680,680,680,680,680,680,680,680,680,680,680,680,680,615,495,495,495,495");
tmap.push("656,656,656,656,656,656,656,657,680,680,680,680,680,680,680,680,680,680,680,680,680,680,680,680,680,680,680,680,680,680,680,680,680,680,680,615,495,495,495,495");
tmap.push("680,680,680,680,680,680,680,680,680,680,680,680,680,680,680,680,680,680,680,680,680,680,680,680,680,680,680,680,680,680,680,575,576,576,576,537,495,495,495,495");
tmap.push("680,680,680,680,680,680,680,680,680,680,680,680,680,680,680,680,680,680,680,680,680,680,680,680,680,680,680,680,680,680,680,655,656,656,656,497,495,495,495,495");
tmap.push("680,680,680,680,680,680,680,680,680,680,680,680,680,680,680,680,680,680,680,680,680,680,680,680,680,680,680,680,680,680,680,680,680,680,680,615,495,495,495,495");
tmap.push("680,680,680,680,680,680,680,680,680,680,680,680,680,680,680,680,680,680,680,680,680,680,680,680,680,680,680,680,680,680,680,680,680,680,680,615,495,495,495,495");
tmap.push("680,680,680,680,680,680,680,680,680,680,680,680,680,680,680,680,680,680,680,680,680,680,680,680,680,680,680,680,680,680,680,680,680,680,680,615,495,495,495,495");
tmap.push("576,577,680,680,680,680,680,680,680,680,680,680,680,680,680,680,680,680,680,680,680,680,680,680,680,680,680,680,680,680,680,680,680,680,680,615,495,495,495,495");
tmap.push("495,536,576,577,680,680,680,680,680,680,680,680,680,680,680,680,680,680,680,680,680,680,680,680,680,680,680,680,680,680,680,680,680,680,680,615,495,495,495,495");
tmap.push("495,495,495,536,576,577,680,680,680,680,680,680,680,680,680,680,680,680,680,680,680,680,680,680,680,680,680,680,680,680,680,680,680,680,680,615,495,495,495,495");
tmap.push("495,495,495,495,495,536,576,577,680,680,680,680,680,680,680,680,680,680,680,680,680,680,680,680,680,680,680,680,680,680,680,680,680,680,680,615,495,495,495,495");
tmap.push("495,495,495,495,495,495,495,536,576,576,576,576,576,576,576,576,576,576,576,576,576,576,576,576,576,576,576,576,576,576,577,680,680,680,680,615,495,495,495,495");
tmap.push("495,495,495,495,495,495,495,495,495,495,495,495,495,495,495,495,495,495,495,495,495,495,495,495,495,495,495,495,495,495,617,680,680,680,680,615,495,495,495,495");
tmap.push("495,495,495,495,495,495,495,495,495,495,495,495,495,495,495,495,495,495,495,495,495,495,495,495,495,495,495,495,495,495,617,680,680,680,680,615,495,495,495,495");
tmap.push("495,495,495,496,656,656,656,656,656,656,656,656,656,497,495,496,656,656,656,656,656,656,656,656,656,656,656,656,497,495,617,680,680,680,680,615,495,495,495,495");
tmap.push("495,495,495,617,680,680,680,680,680,680,680,680,680,615,495,617,680,680,680,680,680,680,680,680,680,680,680,680,615,495,617,680,680,680,680,615,495,495,495,495");
tmap.push("656,656,656,657,680,680,680,680,680,680,680,680,680,615,495,617,680,680,680,680,680,680,680,680,680,680,680,680,615,495,617,680,680,680,680,615,495,495,495,495");
tmap.push("680,680,680,680,680,680,680,680,680,680,680,680,680,615,495,617,680,680,680,680,680,680,680,680,680,680,680,680,615,495,617,680,680,680,680,615,495,495,495,495");
tmap.push("680,680,680,680,680,680,680,680,680,680,680,680,680,615,495,617,680,680,680,680,680,680,680,680,680,680,680,680,615,495,617,680,680,680,680,615,495,495,495,495");
tmap.push("680,680,680,680,680,680,680,575,576,577,680,680,680,655,656,657,680,680,680,575,576,576,576,576,577,680,680,680,655,656,657,680,680,680,680,615,495,495,495,495");
tmap.push("680,680,680,680,680,680,680,615,495,617,680,680,680,680,680,680,680,680,680,615,495,495,495,495,617,680,680,680,680,680,680,680,680,680,680,615,495,495,495,495");
tmap.push("680,680,680,680,680,680,680,615,495,617,680,680,680,680,680,680,680,680,680,615,495,495,495,495,617,680,680,680,680,680,680,680,680,680,680,615,495,495,495,495");
tmap.push("576,576,576,576,576,576,576,537,495,617,680,680,680,680,680,680,680,680,680,615,495,495,495,495,617,680,680,680,680,680,680,680,680,680,680,615,495,495,495,495");
tmap.push("495,495,495,495,495,495,495,495,495,617,680,680,680,680,680,680,680,680,680,615,495,495,495,495,617,680,680,680,680,680,680,680,680,680,680,615,495,495,495,495");
tmap.push("495,495,495,495,495,495,495,495,495,536,576,576,576,576,576,576,576,576,576,537,495,495,495,495,536,576,576,576,576,576,576,576,576,576,576,537,495,495,495,495");

obj.createentity(game, 88, 104, 10, 1, 440510);  // (savepoint)
obj.createentity(game, 112, 104, 10, 1, 440511);  // (savepoint)
obj.createentity(game, 136, 88, 1, 0, 0);  // Enemy
obj.createentity(game, 176, 104, 10, 1, 440512);  // (savepoint)
obj.createentity(game, 200, 104, 10, 1, 440513);  // (savepoint)
obj.createentity(game, 224, 104, 10, 1, 440514);  // (savepoint)
obj.createentity(game, 248, 32, 1, 0, 0);  // Enemy
break;
