case rn(52,48):
tmap = new Array();
tmap.push("289,289,289,289,289,289,289,289,289,289,289,289,289,289,289,289,289,289,289,289,289,289,289,289,289,289,289,289,289,289,289,289,289,289,289,289,289,289,289,289");
tmap.push("450,450,450,450,291,289,289,289,290,450,450,450,450,450,450,450,450,450,291,289,289,290,450,450,450,450,450,450,450,450,450,291,289,289,289,290,450,450,450,450");
tmap.push("9,9,9,9,409,289,289,289,411,7,7,7,7,7,7,7,7,7,409,289,289,411,7,7,7,7,7,7,7,7,7,409,289,289,289,411,9,9,9,9");
tmap.push("0,0,0,0,449,450,450,450,451,680,680,680,680,680,680,680,680,680,409,289,289,411,680,680,680,680,680,680,680,680,680,449,450,450,450,451,0,0,0,0");
tmap.push("0,0,0,0,0,0,800,680,680,680,680,680,680,680,680,680,680,680,409,289,289,411,680,680,680,680,680,680,680,680,680,680,680,802,0,0,0,0,0,0");
tmap.push("0,0,0,0,0,0,800,680,680,680,680,680,680,680,680,680,680,680,449,450,450,451,680,680,680,680,680,680,680,680,680,680,680,802,0,0,0,0,0,0");
tmap.push("0,0,0,0,0,0,800,680,680,680,680,680,680,680,680,680,680,680,7,7,7,7,680,680,680,680,680,680,680,680,680,680,680,802,0,0,0,0,0,0");
tmap.push("0,0,0,0,0,0,800,680,680,680,680,680,680,680,680,680,680,680,680,680,680,680,680,680,680,680,680,680,680,680,680,680,680,802,0,0,0,0,0,0");
tmap.push("0,0,0,0,0,0,800,680,680,680,680,680,680,680,680,680,680,680,680,680,680,680,680,680,680,680,680,680,680,680,680,680,680,802,0,0,0,0,0,0");
tmap.push("0,0,0,0,0,0,800,680,680,680,680,680,680,680,680,680,680,680,680,680,680,680,680,680,680,680,680,680,680,680,680,680,680,802,0,0,0,0,0,0");
tmap.push("0,0,0,0,0,0,800,680,369,370,370,371,680,680,680,680,680,680,680,680,680,680,680,680,680,680,680,680,369,370,370,371,680,802,0,0,0,0,0,0");
tmap.push("0,0,0,0,0,0,800,680,409,289,289,411,680,680,680,680,680,680,680,680,680,680,680,680,680,680,680,680,409,289,289,411,680,802,0,0,0,0,0,0");
tmap.push("0,0,0,0,0,0,800,680,409,289,289,411,680,680,680,680,680,680,680,680,680,680,680,680,680,680,680,680,409,289,289,411,680,802,0,0,0,0,0,0");
tmap.push("0,0,0,0,0,0,0,0,409,289,289,411,680,680,680,680,680,680,680,680,680,680,680,680,680,680,680,680,409,289,289,411,0,0,0,0,0,0,0,0");
tmap.push("0,0,0,0,0,0,0,0,409,289,289,411,680,680,680,680,680,680,680,680,680,680,680,680,680,680,680,680,409,289,289,411,0,0,0,0,0,0,0,0");
tmap.push("0,0,0,0,0,0,800,680,409,289,289,411,680,680,680,680,680,680,680,680,680,680,680,680,680,680,680,680,409,289,289,411,680,802,0,0,0,0,0,0");
tmap.push("0,0,0,0,0,0,800,680,409,289,289,411,680,680,680,680,680,680,680,680,680,680,680,680,680,680,680,680,409,289,289,411,680,802,0,0,0,0,0,0");
tmap.push("0,0,0,0,0,0,800,680,449,450,450,451,680,680,680,680,680,680,680,680,680,680,680,680,680,680,680,680,449,450,450,451,680,802,0,0,0,0,0,0");
tmap.push("0,0,0,0,0,0,800,680,680,680,680,680,680,680,680,680,680,680,680,680,680,680,680,680,680,680,680,680,680,680,680,680,680,802,0,0,0,0,0,0");
tmap.push("0,0,0,0,0,0,800,680,680,680,680,680,680,680,680,680,680,680,680,680,680,680,680,680,680,680,680,680,680,680,680,680,680,802,0,0,0,0,0,0");
tmap.push("0,0,0,0,0,0,800,680,680,680,680,680,680,680,680,680,680,680,680,680,680,680,680,680,680,680,680,680,680,680,680,680,680,802,0,0,0,0,0,0");
tmap.push("0,0,0,0,0,0,800,680,680,680,680,680,680,680,680,680,6,6,6,6,6,6,6,6,680,680,680,680,680,680,680,680,680,802,0,0,0,0,0,0");
tmap.push("0,0,0,0,0,0,800,680,680,680,680,680,680,680,680,680,369,370,370,370,370,370,370,371,680,680,680,680,680,680,680,680,680,802,0,0,0,0,0,0");
tmap.push("0,0,0,0,0,0,800,680,680,680,680,680,680,680,680,680,409,289,289,289,289,289,289,411,680,680,680,680,680,680,680,680,680,802,0,0,0,0,0,0");
tmap.push("0,0,369,370,370,370,370,370,371,680,680,680,680,680,680,680,409,289,289,289,289,289,289,411,680,680,680,680,680,680,680,369,370,370,370,370,370,371,0,0");
tmap.push("8,8,409,289,289,289,289,289,411,6,6,6,6,6,6,6,409,289,289,289,289,289,289,411,6,6,6,6,6,6,6,409,289,289,289,289,289,411,8,8");
tmap.push("370,370,331,289,289,289,289,289,330,370,370,370,370,370,370,370,331,289,289,289,289,289,289,330,370,370,370,370,370,370,370,331,289,289,289,289,289,330,370,370");
tmap.push("289,289,289,289,289,289,289,289,289,289,289,289,289,289,289,289,289,289,289,289,289,289,289,289,289,289,289,289,289,289,289,289,289,289,289,289,289,289,289,289");
tmap.push("289,289,289,289,289,289,289,289,289,289,289,289,289,289,289,289,289,289,289,289,289,289,289,289,289,289,289,289,289,289,289,289,289,289,289,289,289,289,289,289");

obj.createentity(game, 256, 104, 2, 10, 4);  //Big Threadmill, >>>>>>
obj.createentity(game, 256, 112, 2, 11, 4);  //Big Threadmill, <<<<<<
obj.createentity(game, 0, 112, 2, 11, 4);  //Big Threadmill, <<<<<<
obj.createentity(game, 0, 104, 2, 10, 4);  //Big Threadmill, >>>>>>
obj.createentity(game, 120, 104, 2, 0, 4, 96, 64, 224, 160);  // Platform, bounded
obj.createentity(game, 168, 80, 2, 0, 4, 96, 64, 224, 160);  // Platform, bounded
obj.createentity(game, 72, 64, 10, 1, 448520);  // (savepoint)
obj.createentity(game, 232, 64, 10, 1, 448521);  // (savepoint)
obj.createentity(game, 232, 144, 10, 0, 448522);  // (savepoint)
obj.createentity(game, 72, 144, 10, 0, 448523);  // (savepoint)
break;
