286 286 286 286 286 408 689 689 811 0 0 0 406 286 286 286 286 286 286 286 286 286 286 286 286 286 286 286 286 286 286 286 286 286 286 286 286 286 286 286 
286 286 286 286 286 408 689 689 811 0 0 0 406 287 447 447 447 447 288 286 286 286 286 286 286 287 447 447 447 447 288 286 286 286 286 286 286 286 286 286 
286 286 286 286 286 408 689 689 811 0 0 0 446 448 9 9 9 9 446 447 447 447 447 447 447 448 9 9 9 9 446 447 447 447 447 447 447 447 447 447 
286 286 286 286 286 408 689 689 811 0 0 0 0 0 0 0 0 0 0 0 0 0 0 0 0 0 0 0 0 0 0 0 0 0 0 0 0 0 0 0 
286 286 286 286 286 408 689 689 811 0 0 0 0 0 0 0 0 0 0 0 0 0 0 0 0 0 0 0 0 0 0 0 0 0 0 0 0 0 0 0 
286 286 286 286 286 408 689 689 811 0 0 0 0 0 0 0 0 0 0 0 0 0 0 0 0 0 0 0 0 0 0 0 0 0 0 0 0 0 0 0 
286 286 286 286 286 408 689 689 811 0 0 0 0 0 0 0 0 0 0 0 0 0 0 0 0 0 0 0 0 0 0 0 0 0 0 0 0 0 0 0 
286 286 286 286 286 408 850 850 851 0 0 0 0 0 0 0 0 0 0 0 0 0 0 0 0 0 0 0 0 0 0 0 0 0 0 0 0 0 0 0 
286 286 286 286 286 408 0 0 0 0 0 0 0 0 0 0 0 0 0 0 0 0 0 0 0 0 0 0 0 0 0 0 0 0 0 0 0 0 0 0 
286 286 286 286 286 408 0 0 0 0 0 0 0 0 0 0 0 0 0 0 0 0 0 0 0 0 0 0 0 0 0 0 0 0 0 0 0 0 0 0 
286 286 286 286 286 408 0 0 0 0 0 0 0 0 0 0 0 0 0 0 0 0 0 0 0 0 0 0 0 0 0 0 0 0 0 0 0 0 0 0 
286 286 286 286 286 408 0 0 0 0 0 0 0 0 0 0 0 0 0 0 0 0 0 0 0 0 0 0 0 0 0 0 0 0 0 0 0 0 0 0 
286 286 286 286 286 327 367 367 367 367 367 367 367 367 367 367 367 367 367 368 8 8 8 8 366 367 367 367 367 367 367 368 8 8 8 8 8 8 8 8 
286 286 286 286 286 286 286 286 286 286 286 286 286 286 286 286 286 286 286 327 367 367 367 367 328 286 286 286 286 286 286 327 367 367 367 367 367 367 367 367 
286 286 286 286 286 286 286 286 286 286 286 286 286 286 286 286 286 286 286 286 286 286 286 286 286 286 286 286 286 286 286 286 286 286 286 286 286 286 286 286 
447 447 447 447 288 286 286 287 447 447 447 447 288 286 286 287 447 447 447 447 288 286 286 287 447 447 447 447 288 286 286 287 447 447 447 447 447 447 447 447 
9 9 9 9 446 447 447 448 9 9 9 9 446 447 447 448 9 9 9 9 446 447 447 448 9 9 9 9 446 447 447 448 9 9 9 9 9 9 9 9 
0 0 0 0 0 0 0 0 0 0 0 0 0 0 0 0 0 0 0 0 0 0 0 0 0 0 0 0 0 0 0 0 0 0 0 0 0 0 0 0 
0 0 0 0 0 0 0 0 0 0 0 0 0 0 0 0 0 0 0 0 0 0 0 0 0 0 0 0 0 0 0 0 0 0 0 0 0 0 0 0 
0 0 0 0 0 0 0 0 0 0 0 0 0 0 0 0 0 0 0 0 0 0 0 0 0 0 0 0 0 0 0 0 0 0 0 0 0 0 0 0 
0 0 0 0 0 0 0 0 0 0 0 0 0 0 0 0 0 0 0 0 0 0 0 0 0 0 0 0 0 0 0 0 0 0 0 0 0 0 0 0 
0 0 0 0 0 0 0 0 0 0 0 0 0 0 0 0 0 0 0 0 0 0 0 0 0 0 0 0 0 0 0 0 0 0 0 0 0 0 0 0 
0 0 0 0 0 0 0 0 0 0 0 0 0 0 0 0 0 0 0 0 0 0 0 0 0 0 0 0 0 0 0 0 0 0 0 0 0 0 0 0 
0 0 0 0 0 0 0 0 0 0 0 0 0 0 0 0 0 0 0 0 0 0 0 0 0 0 0 0 0 0 0 0 0 0 0 0 0 0 0 0 
0 0 0 0 0 0 0 0 0 0 0 0 0 0 0 0 0 0 0 0 0 0 0 0 0 0 0 0 0 0 0 0 0 0 0 0 0 0 0 0 
0 0 0 0 0 0 0 0 0 0 0 0 0 0 0 0 0 0 0 0 0 0 0 0 0 0 0 0 0 0 0 0 0 0 0 0 0 0 0 0 
367 367 367 368 8 8 8 8 366 367 367 368 8 8 8 8 366 367 367 368 8 8 8 8 366 367 367 368 8 8 8 8 366 367 367 367 367 367 367 367 
286 286 286 327 367 367 367 367 328 286 286 327 367 367 367 367 328 286 286 327 367 367 367 367 328 286 286 327 367 367 367 367 328 286 286 286 286 286 286 286 
286 286 286 286 286 286 286 286 286 286 286 286 286 286 286 286 286 286 286 286 286 286 286 286 286 286 286 286 286 286 286 286 286 286 286 286 286 286 286 286 
2
35 24 10 1
8 10 10 1
