292 292 292 414 0 0 0 0 412 292 292 292 292 292 292 292 292 292 292 292 292 292 292 292 292 292 292 292 292 292 292 414 0 0 0 0 412 292 292 292 
292 292 292 414 0 0 0 0 412 292 292 292 292 292 292 292 292 292 292 292 292 292 292 292 292 292 292 292 292 292 292 414 0 0 0 0 412 292 292 292 
292 292 292 414 0 0 0 0 452 453 453 453 453 453 294 292 292 292 292 292 292 292 292 292 292 293 453 453 453 453 453 454 0 0 0 0 412 292 292 292 
292 292 292 414 0 0 0 0 9 9 9 9 9 9 412 292 292 292 292 292 292 292 292 292 292 414 9 9 9 9 9 9 0 0 0 0 412 292 292 292 
292 292 292 414 0 0 0 0 0 0 0 0 0 0 412 292 292 292 292 292 292 292 292 292 292 414 0 0 0 0 0 0 0 0 0 0 412 292 292 292 
292 292 292 414 0 0 0 0 0 0 0 0 0 0 452 453 453 453 453 453 453 453 453 453 453 454 0 0 0 0 0 0 0 0 0 0 412 292 292 292 
292 292 292 414 0 0 0 0 0 0 0 0 0 0 9 9 9 9 9 9 9 9 9 9 9 9 0 0 0 0 0 0 0 0 0 0 412 292 292 292 
292 292 292 414 0 0 0 0 0 0 0 0 0 0 0 0 0 0 0 0 0 0 0 0 0 0 0 0 0 0 0 0 0 0 0 0 412 292 292 292 
292 292 292 414 0 0 0 0 0 0 0 0 0 0 0 0 0 0 0 0 0 0 0 0 0 0 0 0 0 0 0 0 0 0 0 0 412 292 292 292 
292 292 292 414 0 0 0 0 0 0 0 0 0 0 0 0 0 0 0 0 0 0 0 0 0 0 0 0 0 0 0 0 0 0 0 0 412 292 292 292 
292 292 292 414 0 0 0 0 0 0 0 0 0 0 0 0 0 0 0 0 0 0 0 0 0 0 0 0 0 0 0 0 0 0 0 0 412 292 292 292 
292 292 292 333 373 373 373 374 0 0 0 0 0 0 0 0 0 0 0 0 0 0 0 0 0 0 0 0 0 0 0 0 0 0 0 0 412 292 292 292 
292 292 292 292 292 292 292 414 779 779 779 779 779 779 779 779 779 779 779 779 779 779 779 779 779 779 779 779 779 779 779 779 779 779 779 779 412 292 292 292 
292 292 292 292 292 292 292 414 698 698 698 698 698 698 698 698 698 698 698 698 698 698 698 698 698 698 698 698 698 698 698 698 698 698 698 698 412 292 292 292 
292 292 292 292 292 292 292 414 698 698 698 698 698 698 698 698 698 698 698 698 698 698 698 698 698 698 698 698 698 698 698 698 372 373 373 373 334 292 292 292 
292 292 292 292 292 292 292 414 698 698 698 698 698 698 698 698 698 698 698 698 698 698 698 698 698 698 698 698 698 698 698 698 412 292 292 292 292 292 292 292 
292 292 292 292 292 292 292 414 859 859 859 859 859 859 859 859 859 859 859 859 859 859 859 859 859 859 859 859 859 859 859 859 412 292 292 292 292 292 292 292 
453 453 453 453 453 453 453 454 0 0 0 0 0 0 0 0 0 0 0 0 0 0 0 0 0 0 0 0 0 0 0 0 412 292 292 292 292 292 292 292 
0 0 0 0 0 0 0 0 0 0 0 0 0 0 0 0 0 0 0 0 0 0 0 0 0 0 0 0 0 0 0 0 412 292 292 292 292 292 292 292 
0 0 0 0 0 0 0 0 0 0 0 0 0 0 0 0 0 0 0 0 0 0 0 0 0 0 0 0 0 0 0 0 412 292 292 292 292 292 292 292 
0 0 0 0 0 0 0 0 0 0 0 0 0 0 0 0 0 0 0 0 0 0 0 0 0 0 0 0 0 0 0 0 412 292 292 292 292 292 292 292 
0 0 0 0 0 0 0 0 0 0 0 0 0 0 0 0 0 0 0 0 0 0 0 0 0 0 0 0 0 0 0 0 412 292 292 292 292 292 292 292 
8 8 8 8 8 8 8 8 8 8 8 8 8 8 8 8 8 8 8 8 8 8 8 8 8 8 8 8 8 8 8 8 412 292 292 292 292 292 292 292 
373 373 373 373 373 373 373 373 373 373 373 373 373 373 373 373 373 373 373 373 373 373 373 373 373 373 373 373 373 373 373 373 334 292 292 292 292 292 292 292 
292 292 292 292 292 292 292 292 292 292 292 292 292 292 292 292 292 292 292 292 292 292 292 292 292 292 292 292 292 292 292 292 292 292 292 292 292 292 292 292 
292 292 292 292 292 292 292 292 292 292 292 292 292 292 292 292 292 292 292 292 292 292 292 292 292 292 292 292 292 292 292 292 292 292 292 292 292 292 292 292 
292 292 292 292 292 292 292 292 292 292 292 292 292 292 292 292 292 292 292 292 292 292 292 292 292 292 292 292 292 292 292 292 292 292 292 292 292 292 292 292 
292 292 292 292 292 292 292 292 292 292 292 292 292 292 292 292 292 292 292 292 292 292 292 292 292 292 292 292 292 292 292 292 292 292 292 292 292 292 292 292 
292 292 292 292 292 292 292 292 292 292 292 292 292 292 292 292 292 292 292 292 292 292 292 292 292 292 292 292 292 292 292 292 292 292 292 292 292 292 292 292 
7
8 9 2 0 4 64 72 256 160
12 10 2 0 4 64 72 256 160
16 11 2 0 4 64 72 256 160
20 12 2 0 4 64 72 256 160
24 13 2 0 4 64 72 256 160
28 14 2 0 4 64 72 256 160
33 12 10 1
