283 283 283 283 283 283 283 283 283 283 283 283 283 283 283 283 283 283 283 283 405 0 0 0 0 403 283 283 283 283 283 283 283 283 283 283 283 283 283 283 
283 283 283 283 283 283 283 283 283 283 283 283 283 283 283 283 283 283 283 283 405 0 0 0 0 403 283 283 283 283 283 283 283 283 283 283 283 283 283 283 
283 283 283 283 283 283 283 283 283 283 283 283 283 283 283 283 283 283 283 283 405 0 0 0 0 403 283 283 283 283 283 283 283 283 283 283 283 283 283 283 
283 283 283 283 283 283 283 283 283 283 283 283 283 283 283 283 283 283 283 283 405 0 0 0 0 403 283 283 283 283 283 283 283 283 283 283 283 283 283 283 
283 283 283 283 283 283 283 283 283 283 283 283 283 283 283 283 283 283 283 283 405 0 0 0 0 443 444 444 444 444 444 444 444 444 444 444 444 444 444 444 
283 283 283 283 283 283 283 283 283 283 283 283 283 283 283 283 283 283 283 283 405 0 0 0 0 0 0 0 0 0 0 0 0 0 0 0 0 0 0 0 
283 283 283 283 283 283 283 283 283 283 283 283 283 283 283 283 283 283 283 283 405 0 0 0 0 0 0 0 0 0 0 0 0 0 0 0 0 0 0 0 
283 283 283 283 283 283 283 283 283 283 283 283 283 283 283 283 283 283 283 283 405 776 776 776 776 776 776 776 776 776 776 776 776 776 776 776 776 777 0 0 
283 283 283 283 283 283 283 283 283 283 283 283 283 283 283 283 283 283 283 283 405 695 695 695 695 695 695 695 695 695 695 695 695 695 695 695 695 817 0 0 
283 283 283 283 283 283 283 283 283 283 283 283 283 283 283 283 283 283 283 283 324 364 364 364 364 364 364 364 364 364 364 364 364 364 364 364 364 364 364 364 
283 283 283 283 283 283 283 283 283 283 283 283 283 283 283 283 283 283 283 283 283 283 283 283 283 283 283 283 283 283 283 283 283 283 283 283 283 283 283 283 
283 283 283 283 283 283 283 283 283 283 283 283 283 283 283 283 283 283 283 283 283 283 283 283 283 283 283 283 283 283 283 283 283 283 283 283 283 283 283 283 
283 283 283 283 283 283 283 283 283 283 283 283 283 283 283 283 283 283 283 283 283 283 283 283 283 283 283 283 283 283 283 283 283 283 283 283 283 283 283 283 
283 283 283 283 283 283 283 283 283 283 283 283 283 283 283 283 283 283 283 283 283 283 283 283 283 283 283 283 283 283 283 283 283 283 283 283 283 283 283 283 
283 283 283 283 283 283 283 283 283 283 283 283 283 283 283 283 283 283 283 283 283 283 283 283 283 283 283 283 283 283 283 283 283 283 283 283 283 283 283 283 
283 283 283 283 283 283 283 283 283 284 444 444 444 444 444 444 444 444 444 444 444 444 444 444 444 444 444 444 444 444 444 444 444 444 285 283 283 283 283 283 
283 284 444 444 444 444 444 444 444 445 0 0 0 0 0 0 0 0 0 0 0 0 0 0 0 0 0 0 0 0 0 0 0 0 403 284 444 444 444 444 
283 405 695 695 695 695 695 695 695 695 695 695 695 695 695 695 695 695 695 695 695 695 695 695 695 695 695 695 695 695 695 695 695 695 443 445 695 817 0 0 
283 405 695 695 695 695 695 695 695 695 695 695 695 695 695 695 695 695 695 695 695 695 695 695 695 695 695 695 695 695 695 695 695 695 695 695 695 817 0 0 
283 405 695 695 695 695 695 695 695 695 695 695 695 695 695 695 695 695 695 695 695 695 695 695 695 695 695 695 695 695 695 695 695 695 695 695 695 817 0 0 
283 405 695 695 695 695 695 695 695 695 695 695 695 695 695 695 695 695 695 695 695 695 695 695 695 695 695 695 695 695 695 695 695 695 363 365 695 817 0 0 
283 324 364 364 364 364 364 364 364 364 364 365 695 695 695 695 363 364 364 364 364 364 364 364 364 364 364 364 364 365 695 695 695 695 403 324 364 364 364 364 
283 283 283 283 283 283 283 284 444 444 444 445 695 695 695 695 403 283 283 283 283 283 283 283 283 283 283 283 283 405 695 695 695 695 443 444 444 444 444 444 
283 283 283 283 283 283 283 405 695 695 695 695 695 695 695 695 403 283 283 283 283 283 283 283 283 283 283 283 283 405 695 695 695 695 695 695 695 817 0 0 
283 283 283 283 283 283 283 405 856 856 856 856 856 856 856 856 403 283 283 283 283 283 283 283 283 283 283 283 283 405 856 856 856 856 856 856 856 857 0 0 
283 283 283 283 283 283 283 405 0 0 0 0 0 0 0 0 403 283 283 283 283 283 283 283 283 283 283 283 283 405 0 0 0 0 0 0 0 0 0 0 
283 283 283 283 283 283 283 405 0 0 0 0 0 0 0 0 403 283 283 283 283 283 283 283 283 283 283 283 283 405 0 0 0 0 0 0 0 0 0 0 
283 283 283 283 283 283 283 405 0 0 0 0 363 364 364 364 325 283 283 283 283 283 283 283 283 283 283 283 283 324 364 364 364 364 364 364 364 364 364 364 
283 283 283 283 283 283 283 405 0 0 0 0 403 283 283 283 283 283 283 283 283 283 283 283 283 283 283 283 283 283 283 283 283 283 283 283 283 283 283 283 
5
3 18 1 3 0 0 0 320 240
9 23 10 0
10 16 2 7 4 0 0 320 240
18 16 2 7 4 0 0 320 240
26 16 2 7 4 0 0 320 240
