244 244 244 244 244 244 244 244 244 244 244 244 244 244 244 244 244 244 244 244 244 244 244 244 85 83 83 83 83 83 83 83 83 83 83 83 83 83 83 83 
0 0 0 0 0 0 0 0 0 0 0 0 0 0 0 0 0 0 0 0 0 0 0 0 243 244 244 244 244 244 244 244 244 244 244 244 244 244 244 244 
0 0 0 0 0 0 0 0 0 0 0 0 0 0 0 0 0 0 800 680 680 680 680 680 7 7 7 7 7 7 7 7 7 7 7 1125 9 9 9 9 
0 0 0 0 0 0 0 0 0 0 0 0 0 0 0 0 0 0 800 680 680 680 680 680 680 680 680 680 680 680 680 680 680 680 680 802 0 0 0 0 
0 0 0 0 0 0 0 0 0 0 0 0 0 0 0 0 0 0 800 680 680 680 680 680 680 680 680 680 680 680 680 680 680 680 680 802 0 0 0 0 
0 0 0 0 0 0 0 0 0 0 0 0 0 0 0 0 0 0 800 680 680 680 680 680 680 680 680 680 680 680 680 680 680 680 680 802 0 0 0 0 
0 0 0 0 0 0 0 0 0 0 0 0 0 0 0 0 0 0 800 680 680 680 680 680 680 680 680 680 680 680 680 680 680 680 680 802 0 0 0 0 
8 8 8 8 0 0 0 0 0 0 0 0 0 0 0 0 0 0 800 680 680 680 680 680 680 680 680 680 680 680 680 680 680 680 680 802 0 0 0 0 
164 164 164 165 0 0 0 0 0 0 0 0 0 0 0 0 0 0 800 680 680 680 680 680 680 680 680 680 680 680 680 680 680 680 680 802 0 0 0 0 
83 83 83 205 0 0 0 0 0 0 0 0 0 0 0 0 0 0 800 680 680 680 680 680 680 680 680 680 680 680 680 680 680 680 680 802 0 0 0 0 
83 83 83 205 0 0 0 0 0 0 0 0 0 0 0 0 0 0 800 680 680 680 680 680 680 680 680 680 680 680 680 680 680 680 680 802 0 0 0 0 
83 83 83 205 0 0 0 0 0 0 0 0 0 0 0 0 0 0 800 680 680 680 680 680 680 680 680 680 680 680 680 680 680 680 680 802 0 0 0 0 
83 83 83 205 0 0 0 0 0 0 0 0 0 0 0 0 0 0 800 680 680 680 680 680 680 680 680 680 680 680 680 680 680 680 680 802 0 0 0 0 
83 83 83 205 0 0 0 0 0 0 0 0 0 0 0 0 0 0 0 0 0 0 0 0 0 0 0 0 0 0 0 0 0 0 0 0 0 0 0 0 
83 83 83 205 0 0 0 0 0 0 0 0 0 0 0 0 0 0 0 0 0 0 0 0 0 0 0 0 0 0 0 0 0 0 0 0 0 0 0 0 
83 83 83 205 0 0 0 0 0 0 0 0 0 0 0 0 0 0 800 680 680 680 680 680 680 680 680 680 680 680 680 680 680 680 680 802 0 0 0 0 
83 83 83 205 0 0 0 0 0 0 0 0 0 0 0 0 0 0 800 680 680 680 680 680 680 680 680 680 680 680 680 680 680 680 680 802 0 0 0 0 
83 83 83 205 0 0 0 0 0 0 0 0 0 0 0 0 0 0 800 680 680 680 680 680 680 680 680 680 680 680 680 680 680 680 680 802 0 0 0 0 
83 83 83 205 0 0 0 0 0 0 0 0 0 0 0 0 0 0 800 680 680 680 680 680 680 680 680 680 680 680 680 680 680 680 680 802 0 0 0 0 
83 83 83 205 0 0 0 0 0 0 0 0 0 0 0 0 0 0 800 680 680 680 680 680 680 680 680 680 680 680 680 680 680 680 680 802 0 0 0 0 
83 83 83 205 0 0 0 0 0 0 0 0 0 0 0 0 0 0 800 680 680 680 680 680 680 680 680 680 680 680 680 680 680 680 680 802 0 0 0 0 
83 83 83 205 0 0 0 0 0 0 0 0 0 0 0 0 0 0 800 680 680 680 680 680 680 680 680 680 680 680 680 680 680 680 680 802 0 0 0 0 
83 83 83 205 0 0 0 0 0 0 0 0 0 0 0 0 0 0 800 680 680 680 680 680 680 680 680 680 680 680 680 680 680 680 680 802 0 0 0 0 
83 83 83 205 0 0 0 0 0 0 0 0 0 0 0 0 0 0 800 680 680 680 680 680 680 680 680 680 680 680 680 680 680 680 680 802 0 0 0 0 
83 83 83 205 0 0 0 0 0 0 0 0 0 0 0 0 0 0 800 680 680 680 680 680 680 680 680 680 680 680 680 680 680 680 680 802 0 0 0 0 
83 83 83 205 0 0 0 0 0 0 0 0 0 0 0 0 0 0 800 680 680 680 680 680 6 6 6 6 6 6 6 6 6 6 6 1122 8 8 8 8 
83 83 83 205 0 0 0 0 0 0 0 0 0 0 0 0 0 0 0 0 0 0 0 0 163 164 164 164 164 164 164 164 164 164 164 164 164 164 164 164 
83 83 83 124 164 164 164 164 164 164 164 164 164 164 164 164 164 164 164 164 164 164 164 164 125 83 83 83 83 83 83 83 83 83 83 83 83 83 83 83 
83 83 83 83 83 83 83 83 83 83 83 83 83 83 83 83 83 83 83 83 83 83 83 83 83 83 83 83 83 83 83 83 83 83 83 83 83 83 83 83 
14
0 1 2 8 4 0 0 320 240
8 1 2 8 4 0 0 320 240
16 1 2 8 4 0 0 320 240
16 13 2 8 4 0 0 320 240
24 13 2 8 4 0 0 320 240
32 13 2 8 4 0 0 320 240
19 11 10 1
19 15 10 0
16 14 2 7 4 0 0 320 240
24 14 2 7 4 0 0 320 240
32 14 2 7 4 0 0 320 240
4 26 2 5 4 0 0 320 240
8 26 2 7 4 0 0 320 240
16 26 2 7 4 0 0 320 240
