292 292 292 292 292 292 292 292 292 292 292 292 292 292 292 292 292 292 292 292 292 292 292 292 292 292 292 292 292 292 292 292 292 292 292 292 292 292 292 292 
292 292 292 292 292 292 292 292 292 292 292 292 292 292 292 292 292 292 292 292 292 292 292 292 292 292 292 292 292 293 453 453 453 453 453 453 453 294 292 292 
292 292 292 292 292 292 292 292 292 292 292 292 292 292 292 292 292 292 292 292 292 292 292 292 292 292 292 292 293 454 0 0 0 0 0 0 0 412 292 292 
292 292 292 292 292 292 292 292 292 292 292 292 292 292 292 292 292 292 292 292 292 292 292 292 292 292 292 293 454 0 0 0 0 0 0 0 0 412 292 292 
292 292 292 292 292 292 293 453 453 453 453 453 453 453 453 453 453 453 453 453 453 453 453 453 453 453 453 454 0 0 0 0 0 0 0 0 0 412 292 292 
292 292 292 292 292 292 414 701 701 701 701 701 701 701 701 823 0 0 0 0 0 0 0 0 0 0 0 0 0 0 0 0 0 0 0 0 0 412 292 292 
292 292 292 292 292 292 414 701 701 701 701 701 701 701 701 823 0 0 0 0 0 0 0 0 0 0 0 0 0 0 0 0 0 0 0 0 0 412 292 292 
292 292 292 292 292 292 414 701 701 701 701 701 701 701 701 823 0 0 0 0 0 0 0 0 0 0 0 0 0 0 0 0 0 0 0 0 0 412 292 292 
292 292 292 292 292 292 414 701 701 701 701 701 701 701 701 823 0 0 0 0 0 0 0 0 0 0 0 0 0 0 0 0 0 0 0 0 0 412 292 292 
292 292 292 292 292 292 414 701 701 701 701 701 701 701 701 823 0 0 0 0 0 0 0 0 0 0 0 0 0 0 0 0 0 0 0 0 0 412 292 292 
292 292 292 292 292 292 414 701 701 701 701 701 701 701 701 823 0 0 0 0 0 0 0 0 0 0 0 0 0 0 0 0 0 0 0 0 0 412 292 292 
292 292 292 292 292 292 414 701 701 701 701 701 701 701 701 823 0 0 0 0 0 0 0 0 0 0 0 0 0 0 0 0 0 0 0 0 0 412 292 292 
292 292 292 292 292 292 414 701 701 701 701 701 701 701 701 823 0 0 0 0 0 0 0 0 0 0 0 0 0 0 0 0 0 0 0 0 0 412 292 292 
292 292 292 292 292 292 414 701 701 701 701 701 701 701 701 823 0 0 0 0 0 0 0 0 0 0 0 0 0 0 0 0 0 0 0 0 0 412 292 292 
292 292 292 292 292 292 414 701 701 701 701 701 701 701 701 823 0 0 0 0 0 0 0 0 0 0 0 0 0 0 0 0 0 0 0 0 0 412 292 292 
292 292 292 292 292 292 414 701 701 701 701 701 701 701 701 823 0 0 0 0 0 0 0 0 0 0 0 0 0 0 0 0 0 0 0 0 0 412 292 292 
292 292 292 292 292 292 414 701 701 701 701 701 701 701 701 823 0 0 0 0 0 0 0 0 0 0 0 0 0 0 0 0 0 0 0 0 0 412 292 292 
292 292 292 292 292 292 414 701 701 701 701 701 701 701 701 823 0 0 0 0 0 0 0 0 0 0 0 0 0 0 0 0 0 0 0 0 0 412 292 292 
292 292 292 292 292 292 414 701 701 701 701 701 701 701 701 823 0 0 0 0 372 373 373 373 373 373 373 373 373 373 373 373 373 374 0 0 0 412 292 292 
292 292 292 292 292 292 414 701 701 701 701 701 701 701 701 823 0 0 0 372 334 292 292 292 292 292 292 292 292 292 292 292 292 414 0 0 0 412 292 292 
292 292 292 292 293 453 454 701 701 701 701 701 701 701 701 823 0 0 372 334 292 292 292 292 292 292 292 292 292 292 292 292 292 414 0 0 0 412 292 292 
292 292 292 292 414 701 701 701 701 701 701 701 372 373 373 373 373 373 334 292 292 292 292 292 292 292 292 292 292 292 292 292 292 414 0 0 0 412 292 292 
292 292 292 292 414 701 701 701 701 701 701 701 412 292 292 292 292 292 292 292 293 453 453 453 453 453 453 453 453 453 453 453 453 454 0 0 0 412 292 292 
292 292 292 292 414 701 701 701 701 701 701 701 412 292 292 292 292 292 292 292 414 0 0 0 0 0 0 0 0 0 0 0 0 0 0 0 0 412 292 292 
292 292 292 292 414 701 701 701 701 701 701 701 412 292 292 292 292 292 292 292 414 0 0 0 0 0 0 0 0 0 0 0 0 0 0 0 0 412 292 292 
292 292 292 292 414 701 701 701 701 701 701 701 412 292 292 292 292 292 292 292 414 0 0 0 0 0 0 0 0 0 0 0 0 0 0 0 0 412 292 292 
292 292 292 292 414 701 701 701 701 701 701 701 412 292 292 292 292 292 292 292 414 0 0 0 0 0 0 0 0 0 0 0 0 0 0 0 0 412 292 292 
292 292 292 292 333 373 374 701 701 701 701 701 412 292 292 292 292 292 292 292 414 0 0 0 0 372 373 373 373 373 373 373 373 373 373 373 373 334 292 292 
292 292 292 292 292 292 414 701 701 701 701 701 412 292 292 292 292 292 292 292 414 0 0 0 0 412 292 292 292 292 292 292 292 292 292 292 292 292 292 292 
2
7 5 1 0 0 0 0 320 240
28 25 10 1
