89 89 89 89 89 89 89 89 89 89 89 89 89 89 89 89 89 89 89 89 89 89 89 89 89 211 0 0 0 0 209 89 89 89 89 89 89 89 89 89 
89 89 89 89 89 89 89 89 89 89 89 89 89 89 89 89 89 89 89 89 89 89 89 89 89 211 0 0 0 0 209 89 89 89 89 89 89 89 89 89 
89 89 89 89 89 89 89 89 89 89 89 89 89 89 89 89 89 89 89 89 89 89 89 89 89 211 0 0 0 0 209 89 89 89 89 89 89 89 89 89 
89 89 89 89 89 89 89 89 89 89 89 89 89 89 89 89 89 89 89 89 89 89 89 89 89 211 0 0 0 0 209 89 89 89 89 89 89 89 89 89 
89 89 89 89 89 89 89 89 89 89 89 89 89 89 89 89 89 89 89 89 89 89 89 89 89 211 0 0 0 0 209 89 89 89 89 89 89 89 89 89 
89 89 89 89 89 89 89 89 89 89 89 89 89 89 89 89 89 89 89 89 89 89 89 89 89 211 0 0 0 0 209 89 89 89 89 89 89 89 89 89 
89 89 89 89 89 89 89 89 89 89 89 89 89 89 89 89 89 89 89 89 89 89 89 89 89 211 0 0 0 0 209 89 89 89 89 89 89 89 89 89 
89 89 89 89 89 89 89 89 89 89 89 89 89 89 89 89 89 89 89 89 89 89 89 89 89 211 0 0 0 0 209 89 89 89 89 89 89 89 89 89 
89 89 89 89 89 89 89 89 89 89 89 89 89 89 89 89 89 89 89 89 89 89 89 89 89 211 0 0 0 0 209 89 89 89 89 89 89 89 89 89 
89 89 89 89 89 89 89 89 89 90 250 250 250 250 250 250 250 91 89 89 89 90 250 250 250 251 0 0 0 0 209 89 89 89 89 89 89 89 89 89 
89 89 89 89 89 89 89 89 90 251 9 9 9 9 9 9 9 249 250 250 250 251 9 9 9 9 0 0 0 0 209 89 89 89 89 89 89 89 89 89 
89 89 89 89 89 89 89 90 251 0 0 0 0 0 0 0 0 0 0 0 0 0 0 0 0 0 0 0 0 0 209 89 89 89 89 89 89 89 89 89 
89 89 89 89 89 89 90 251 0 0 0 0 0 0 0 0 0 0 0 0 0 0 0 0 0 0 0 0 0 0 209 89 89 89 89 89 89 89 89 89 
90 250 250 250 250 250 251 776 776 776 776 776 776 776 776 776 776 776 776 776 776 776 776 776 776 776 776 776 776 776 209 89 89 89 89 89 89 89 89 89 
211 695 695 695 695 695 695 695 695 695 695 695 695 695 695 695 695 695 695 695 695 695 695 695 695 695 695 695 695 695 209 89 89 89 89 89 89 89 89 89 
211 695 695 695 695 695 695 695 695 695 695 695 695 695 695 695 695 695 695 695 695 695 695 695 695 695 695 695 695 695 209 89 89 89 89 89 89 89 89 89 
211 695 695 695 695 695 695 695 695 695 695 695 695 695 695 695 695 695 695 695 695 695 695 695 695 695 695 695 695 695 209 89 89 89 89 89 89 89 89 89 
211 856 856 856 856 856 856 856 856 856 856 856 856 856 856 856 856 856 856 856 856 856 856 856 856 856 856 856 856 856 209 89 89 89 89 89 89 89 89 89 
211 0 0 0 0 0 0 0 0 0 0 0 0 0 0 0 0 0 0 0 0 0 0 0 0 0 0 0 0 0 209 89 89 89 89 89 89 89 89 89 
211 0 0 0 0 0 0 0 0 0 169 170 170 170 171 0 0 0 0 0 0 0 0 0 0 0 0 0 0 0 209 89 89 89 89 89 89 89 89 89 
130 170 170 170 171 8 8 8 8 8 209 89 89 89 211 8 8 8 8 8 8 8 8 169 170 170 170 170 170 170 131 89 89 89 89 89 89 89 89 89 
89 89 89 89 130 170 170 170 170 170 131 89 89 89 130 170 170 170 170 170 170 170 170 131 89 89 89 89 89 89 89 89 89 89 89 89 89 89 89 89 
89 89 89 89 89 89 89 89 89 89 89 89 89 89 89 89 89 89 89 89 89 89 89 89 89 89 89 89 89 89 89 89 89 89 89 89 89 89 89 89 
89 89 89 89 89 89 89 89 89 89 89 89 89 89 89 89 89 89 89 89 89 89 89 89 89 89 89 89 89 89 89 89 89 89 89 89 89 89 89 89 
89 89 89 89 89 89 89 89 89 89 89 89 89 89 89 89 89 89 89 89 89 89 89 89 89 89 89 89 89 89 89 89 89 89 89 89 89 89 89 89 
89 89 89 89 89 89 89 89 89 89 89 89 89 89 89 89 89 89 89 89 89 89 89 89 89 89 89 89 89 89 89 89 89 89 89 89 89 89 89 89 
89 89 89 89 89 89 89 89 89 89 89 89 89 89 89 89 89 89 89 89 89 89 89 89 89 89 89 89 89 89 89 89 89 89 89 89 89 89 89 89 
89 89 89 89 89 89 89 89 89 89 89 89 89 89 89 89 89 89 89 89 89 89 89 89 89 89 89 89 89 89 89 89 89 89 89 89 89 89 89 89 
89 89 89 89 89 89 89 89 89 89 89 89 89 89 89 89 89 89 89 89 89 89 89 89 89 89 89 89 89 89 89 89 89 89 89 89 89 89 89 89 
2
27 18 10 1
2 17 9
