495 495 495 495 495 495 495 495 495 495 495 495 495 495 495 495 495 617 0 0 0 0 615 495 495 495 495 495 495 495 495 495 495 495 495 495 495 495 495 495 
495 495 495 495 495 495 495 495 495 495 495 495 495 495 495 495 495 617 0 0 0 0 615 495 495 495 495 495 495 495 495 495 495 495 495 495 495 495 495 495 
495 495 495 495 495 495 495 495 495 495 495 495 495 495 495 495 495 617 761 761 761 761 615 495 495 495 495 495 495 495 495 495 495 495 495 495 495 495 495 495 
495 495 495 496 656 656 656 656 656 656 656 656 656 656 656 656 656 657 680 680 680 680 655 656 656 656 656 656 656 656 656 656 656 656 656 656 656 656 497 495 
495 495 495 617 9 9 9 9 9 9 9 9 9 9 1123 7 7 7 680 680 680 680 7 7 7 1125 9 9 9 9 9 9 9 9 9 9 9 9 615 495 
656 656 656 657 0 0 0 0 0 0 0 0 0 0 800 680 680 680 680 680 680 680 680 680 680 802 0 0 0 0 0 0 0 0 0 0 0 0 655 656 
0 0 0 0 0 0 0 0 0 0 0 0 0 0 800 680 680 680 680 680 680 680 680 680 680 802 0 0 0 0 0 0 0 0 0 0 0 0 0 0 
0 0 0 0 0 0 0 0 0 0 0 0 0 0 800 680 680 680 680 680 680 680 680 680 680 802 0 0 0 0 0 0 0 0 0 0 0 0 0 0 
0 0 0 0 0 0 0 0 0 0 0 0 0 0 800 680 680 680 680 680 680 680 680 680 680 802 0 0 0 0 0 0 0 0 0 0 0 0 0 0 
0 0 0 0 0 0 0 0 0 0 0 0 0 0 800 680 680 680 680 680 680 680 680 680 680 802 0 0 0 0 0 0 0 0 0 0 0 0 0 0 
576 576 576 576 576 576 576 576 576 577 8 8 8 8 1120 680 680 680 680 680 680 680 680 680 680 1122 8 8 8 8 575 576 576 576 576 576 576 576 576 576 
495 495 495 495 495 495 495 495 495 536 576 576 576 576 577 680 680 680 680 680 680 680 680 680 680 575 576 576 576 576 537 495 495 495 495 495 495 495 495 495 
495 495 495 495 495 495 495 495 495 495 495 495 495 495 617 680 680 680 680 680 680 680 680 680 680 615 495 495 495 495 495 495 495 495 495 495 495 495 495 495 
495 495 495 495 495 495 495 495 495 495 495 495 495 495 617 680 680 680 680 680 680 680 680 680 680 615 495 495 495 495 495 495 495 495 495 495 495 495 495 495 
495 495 495 495 495 495 495 495 495 495 495 495 495 495 617 680 680 680 6 6 6 6 680 680 680 615 495 495 495 495 495 495 495 495 495 495 495 495 495 495 
495 495 495 495 495 495 495 495 495 495 495 495 495 495 617 680 680 680 575 576 576 577 680 680 680 615 495 495 495 495 495 495 495 495 495 495 495 495 495 495 
495 495 495 495 495 495 495 495 495 495 495 495 495 495 617 680 680 680 655 656 656 657 680 680 680 615 495 495 495 495 495 495 495 495 495 495 495 495 495 495 
495 495 495 495 495 495 495 495 495 495 495 495 495 495 617 680 680 680 7 7 7 7 680 680 680 615 495 495 495 495 495 495 495 495 495 495 495 495 495 495 
495 495 495 495 495 495 495 495 495 495 495 495 495 495 617 680 680 680 680 680 680 680 680 680 680 615 495 495 495 495 495 495 495 495 495 495 495 495 495 495 
495 495 495 495 495 495 495 495 495 495 495 495 495 495 617 680 680 680 680 680 680 680 680 680 680 615 495 495 495 495 495 495 495 495 495 495 495 495 495 495 
495 495 495 495 495 495 495 495 495 495 495 495 495 495 617 680 680 680 680 680 680 680 680 680 680 615 495 495 495 495 495 495 495 495 495 495 495 495 495 495 
495 495 495 495 495 495 495 495 495 495 495 495 495 495 617 680 680 680 680 680 680 680 680 680 680 615 495 495 495 495 495 495 495 495 495 495 495 495 495 495 
495 495 495 495 495 495 495 495 495 495 495 495 495 495 617 680 680 680 680 680 680 680 680 680 680 615 495 495 495 495 495 495 495 495 495 495 495 495 495 495 
495 495 495 495 495 495 495 495 495 495 495 495 495 495 617 680 680 680 680 680 680 680 680 680 680 615 495 495 495 495 495 495 495 495 495 495 495 495 495 495 
495 495 495 495 495 495 495 495 495 495 495 495 495 495 617 680 680 680 680 680 680 680 680 680 680 615 495 495 495 495 495 495 495 495 495 495 495 495 495 495 
495 495 495 495 495 495 495 495 495 495 495 495 495 495 617 841 841 841 841 841 841 841 841 841 841 615 495 495 495 495 495 495 495 495 495 495 495 495 495 495 
495 495 495 495 495 495 495 495 495 495 495 495 495 495 617 0 0 0 0 0 0 0 0 0 0 615 495 495 495 495 495 495 495 495 495 495 495 495 495 495 
495 495 495 495 495 495 495 495 495 495 495 495 495 495 617 0 0 0 0 0 0 0 0 0 0 615 495 495 495 495 495 495 495 495 495 495 495 495 495 495 
495 495 495 495 495 495 495 495 495 495 495 495 495 495 617 0 0 0 0 0 0 0 0 0 0 615 495 495 495 495 495 495 495 495 495 495 495 495 495 495 
2
34 5 2 2 2 0 0 320 240
30 5 2 4 0 0 0 320 240
