507 507 507 507 507 507 507 507 507 507 507 507 507 507 507 629 0 0 0 0 0 0 627 507 507 507 507 507 507 507 507 507 507 507 507 507 507 507 507 507 
507 507 507 507 507 507 507 507 507 507 507 507 507 507 507 629 0 0 0 0 0 0 627 507 507 507 507 507 507 507 507 507 507 507 507 507 507 507 507 507 
507 507 507 507 507 507 507 507 507 507 507 507 507 507 507 629 0 0 0 0 0 0 667 668 509 507 507 507 507 508 668 668 668 668 668 668 668 668 668 668 
507 507 507 507 507 507 507 507 507 507 507 507 507 507 507 629 0 0 0 0 0 0 9 9 627 507 507 507 507 629 9 9 9 9 9 9 9 9 9 9 
507 507 507 507 507 507 507 507 507 507 507 507 507 507 507 629 0 0 0 0 0 0 0 0 667 668 668 668 668 669 0 0 0 0 0 0 0 0 0 0 
668 668 668 668 668 668 668 668 509 507 507 507 507 507 507 629 0 0 0 0 0 0 0 0 0 0 0 0 0 0 0 0 0 0 0 0 0 0 0 0 
0 0 0 0 0 0 0 0 627 507 507 507 507 507 507 629 0 0 0 0 0 0 0 0 0 0 0 0 0 0 0 0 0 0 0 0 0 0 0 0 
0 0 0 0 0 0 0 0 627 507 507 507 507 507 507 629 0 0 0 0 0 0 0 0 0 0 0 0 0 0 0 0 0 0 0 0 0 0 0 0 
0 0 0 0 0 0 0 0 627 507 507 507 507 507 507 629 0 0 0 0 0 0 0 0 0 0 0 0 0 0 0 0 0 0 0 0 0 0 0 0 
0 0 0 0 0 0 0 0 627 507 507 507 507 507 507 629 0 0 0 0 0 0 0 0 0 0 0 0 0 0 0 0 0 0 0 0 0 0 0 0 
588 588 589 0 0 769 770 770 627 507 507 507 507 507 507 629 770 770 771 0 0 0 0 0 0 0 0 0 0 0 0 0 0 0 0 0 0 0 0 0 
507 507 629 0 0 809 689 689 627 507 507 507 507 507 507 629 689 689 811 0 0 0 0 0 0 0 0 0 0 0 0 0 0 0 0 0 0 0 0 0 
507 507 629 0 0 809 689 689 627 507 507 507 507 507 507 629 689 689 811 0 0 0 0 0 0 0 0 0 0 0 0 0 0 0 0 0 0 0 0 0 
507 507 629 0 0 809 689 689 627 507 507 507 507 507 507 629 689 689 811 0 0 0 0 0 0 0 0 0 0 0 0 0 0 0 0 0 0 0 0 0 
507 507 629 0 0 809 689 689 627 507 507 507 507 507 507 548 588 588 588 588 589 0 0 0 0 0 0 0 0 0 0 0 0 587 588 588 588 588 588 588 
507 507 629 0 0 809 689 689 627 507 507 507 507 507 507 507 507 507 507 507 629 0 0 0 0 0 0 0 0 0 0 0 0 627 507 507 507 507 507 507 
507 507 629 0 0 809 689 689 627 507 507 507 507 507 507 507 507 507 507 507 629 0 0 0 0 0 0 0 0 0 0 0 0 627 507 507 507 507 507 507 
507 507 629 0 0 809 689 689 627 507 507 507 507 507 507 507 507 507 507 507 629 8 8 8 8 8 8 8 8 8 8 8 8 627 507 507 507 507 507 507 
507 507 629 0 0 809 689 689 627 507 507 507 507 507 507 507 507 507 507 507 548 588 588 588 588 588 588 588 588 588 588 588 588 549 507 507 507 507 507 507 
507 507 629 0 0 809 689 689 627 507 507 507 507 507 507 507 507 507 507 507 507 507 507 507 507 507 507 507 507 507 507 507 507 507 507 507 507 507 507 507 
507 507 629 0 0 809 689 689 667 668 668 668 668 668 668 668 668 668 668 668 668 668 668 668 668 668 668 668 668 668 668 668 668 668 668 668 668 668 668 668 
507 507 629 0 0 809 689 689 0 0 0 0 0 0 0 0 0 0 0 0 0 0 0 0 0 0 0 0 0 0 0 0 0 0 0 0 0 0 0 0 
507 507 629 0 0 809 689 689 689 689 689 689 689 689 689 689 689 689 811 0 0 0 0 0 0 0 0 0 0 0 0 0 0 0 0 0 0 0 0 0 
507 507 629 0 0 809 689 689 689 689 689 689 689 689 689 689 689 689 811 0 0 0 0 0 0 0 0 0 0 0 0 0 0 0 0 0 0 0 0 0 
507 507 629 0 0 849 850 850 850 850 850 850 850 850 850 850 850 850 851 0 0 0 0 0 0 0 0 0 0 0 0 0 0 0 0 0 0 0 0 0 
507 507 629 0 0 0 0 0 0 0 0 0 0 0 0 0 0 0 0 0 0 0 0 0 0 0 0 0 0 0 0 0 0 0 0 0 0 0 0 0 
507 507 548 588 588 588 588 588 588 588 588 588 588 588 588 588 588 588 588 588 588 588 588 588 588 588 588 588 588 588 588 588 588 588 588 588 588 588 588 588 
507 507 507 507 507 507 507 507 507 507 507 507 507 507 507 507 507 507 507 507 507 507 507 507 507 507 507 507 507 507 507 507 507 507 507 507 507 507 507 507 
507 507 507 507 507 507 507 507 507 507 507 507 507 507 507 507 507 507 507 507 507 507 507 507 507 507 507 507 507 507 507 507 507 507 507 507 507 507 507 507 
7
8 21 2 8 4 0 0 320 240
16 21 2 8 4 0 0 320 240
24 21 2 8 4 0 0 320 240
32 21 2 8 4 0 0 320 240
4 6 10 0
26 6 1 0 3 208 40 224 136
17 12 10 1
