92 92 92 92 92 92 92 92 92 92 92 92 92 92 92 92 92 92 92 92 92 92 92 92 92 92 92 92 92 92 92 92 92 92 92 92 92 92 92 92 
92 92 92 92 92 92 92 92 92 92 92 92 92 92 92 92 92 92 92 92 93 253 253 253 253 253 253 253 94 92 92 92 92 92 92 92 92 92 92 92 
253 253 253 253 253 253 253 253 253 253 253 253 253 253 253 253 253 253 253 253 254 9 9 9 9 9 9 9 212 92 92 92 92 92 92 92 92 92 92 92 
0 0 0 0 0 0 0 0 0 0 0 0 0 0 0 0 0 0 0 0 0 0 0 0 0 0 0 0 212 92 92 92 92 92 92 92 92 92 92 92 
0 0 0 0 0 0 0 0 0 0 0 0 0 0 0 0 0 0 0 0 0 0 0 0 0 0 0 0 212 92 92 92 92 92 92 92 92 92 92 92 
0 0 0 0 0 0 0 0 0 0 0 0 0 0 0 0 0 0 0 0 0 0 0 0 0 0 0 0 212 92 92 92 92 92 92 92 92 92 92 92 
0 0 0 0 0 0 0 0 0 0 0 0 0 0 0 0 0 0 0 0 0 0 0 0 0 0 0 0 212 92 92 92 92 92 92 92 92 92 92 92 
0 0 0 0 0 0 0 0 0 0 0 0 0 0 0 0 0 0 0 0 0 0 0 0 0 0 0 0 212 92 92 92 92 92 92 92 92 92 92 92 
0 0 0 0 0 0 0 0 0 0 0 0 0 172 173 174 0 0 0 0 0 0 0 0 0 0 0 0 212 92 92 92 92 92 92 92 92 92 92 92 
0 0 0 0 0 0 0 0 0 0 0 0 0 212 92 214 0 0 0 0 0 0 0 0 0 0 0 0 212 92 92 92 92 92 92 92 92 92 92 92 
0 0 0 0 0 0 0 0 0 0 0 0 0 212 92 214 0 0 0 0 0 0 0 0 0 0 0 0 212 92 92 92 92 92 92 92 92 92 92 92 
0 0 0 0 0 0 0 0 0 0 0 0 0 212 92 214 0 0 0 0 0 0 0 0 0 0 0 0 212 92 92 92 92 92 92 92 92 92 92 92 
0 0 0 0 0 0 0 0 0 0 0 0 0 212 92 214 0 0 0 0 0 0 0 0 0 0 0 0 212 92 92 92 92 92 92 92 92 92 92 92 
0 0 0 0 0 0 0 0 0 0 0 0 0 212 92 214 0 0 0 0 0 0 0 0 0 0 0 0 212 92 92 92 92 92 92 92 92 92 92 92 
0 0 0 0 0 0 0 0 0 0 0 0 0 212 92 214 0 0 0 0 0 0 0 0 0 0 0 0 212 92 92 92 92 92 92 92 92 92 92 92 
0 0 0 0 0 0 0 0 0 0 0 0 0 212 92 214 0 0 0 0 0 0 0 0 0 0 0 0 212 92 92 92 92 92 92 92 92 92 92 92 
0 0 0 0 0 0 0 0 0 0 0 0 0 212 92 214 0 0 0 0 0 0 0 0 0 0 0 0 212 92 92 92 92 92 92 92 92 92 92 92 
0 0 0 0 0 0 0 0 0 0 0 0 0 212 92 214 8 8 8 8 0 0 0 0 8 8 8 8 212 92 92 92 92 92 92 92 92 92 92 92 
8 8 8 8 8 8 8 8 8 8 8 8 8 212 92 133 173 173 173 174 0 0 0 0 172 173 173 173 134 92 92 92 92 92 92 92 92 92 92 92 
173 173 173 173 173 173 173 173 173 173 173 173 173 134 92 92 92 92 92 214 0 0 0 0 212 92 92 92 92 92 92 92 92 92 92 92 92 92 92 92 
92 92 92 92 92 92 92 92 92 92 92 92 92 92 92 92 92 92 92 214 0 0 0 0 212 92 92 92 92 92 92 92 92 92 92 92 92 92 92 92 
92 92 92 92 92 92 92 92 92 92 92 92 92 92 92 93 253 253 253 254 0 0 0 0 212 92 92 92 92 92 92 92 92 92 92 92 92 92 92 92 
92 92 92 92 92 92 92 92 92 92 92 92 92 92 92 214 0 0 0 0 0 0 0 0 212 92 92 92 92 92 92 92 92 92 92 92 92 92 92 92 
92 92 92 92 92 92 92 92 92 92 92 92 92 92 92 214 0 0 0 0 0 0 0 0 212 92 92 92 92 92 92 92 92 92 92 92 92 92 92 92 
92 92 92 92 92 92 92 92 92 92 92 92 92 92 92 214 0 0 0 0 0 0 0 0 212 92 92 92 92 92 92 92 92 92 92 92 92 92 92 92 
92 92 92 92 92 92 92 92 92 92 92 92 92 92 92 214 0 0 0 0 0 0 0 0 212 92 92 92 92 92 92 92 92 92 92 92 92 92 92 92 
92 92 92 92 92 92 92 92 92 92 92 92 92 92 92 214 0 0 0 0 0 0 0 0 212 92 92 92 92 92 92 92 92 92 92 92 92 92 92 92 
92 92 92 92 92 92 92 92 92 92 92 92 92 92 92 214 0 0 0 0 0 0 172 173 134 92 92 92 92 92 92 92 92 92 92 92 92 92 92 92 
92 92 92 92 92 92 92 92 92 92 92 92 92 92 92 214 0 0 0 0 0 0 212 92 92 92 92 92 92 92 92 92 92 92 92 92 92 92 92 92 
18
16 10 2 4 0 0 0 320 240
20 10 2 4 0 0 0 320 240
24 10 2 4 0 0 0 320 240
16 11 2 4 0 0 0 320 240
20 11 2 4 0 0 0 320 240
24 11 2 4 0 0 0 320 240
16 12 2 4 0 0 0 320 240
16 13 2 4 0 0 0 320 240
16 14 2 4 0 0 0 320 240
16 15 2 4 0 0 0 320 240
20 12 2 4 0 0 0 320 240
20 13 2 4 0 0 0 320 240
20 14 2 4 0 0 0 320 240
20 15 2 4 0 0 0 320 240
24 12 2 4 0 0 0 320 240
24 13 2 4 0 0 0 320 240
24 14 2 4 0 0 0 320 240
24 15 2 4 0 0 0 320 240
