0 0 0 0 0 0 0 0 0 0 0 0 0 0 0 0 0 0 0 0 0 0 0 0 0 0 0 0 0 0 0 0 0 0 0 0 0 0 0 0 
0 0 0 0 0 0 0 0 0 0 0 0 0 0 0 0 0 0 0 0 0 0 0 0 0 0 0 0 0 0 0 0 0 0 0 0 0 0 0 0 
0 0 0 0 0 0 0 0 0 0 0 0 0 0 0 0 0 0 0 0 0 0 0 0 0 0 0 0 0 0 0 0 0 0 0 0 0 0 0 0 
0 0 0 0 0 0 0 0 0 0 0 0 0 0 0 0 0 0 0 0 0 0 0 0 0 0 0 0 0 0 0 0 0 0 0 0 0 0 0 0 
0 0 0 0 8 8 8 8 8 8 8 8 8 8 8 8 8 8 8 8 8 8 8 8 8 8 8 8 8 8 8 8 8 8 8 8 0 0 0 0 
0 0 0 0 166 167 167 167 167 167 167 167 167 167 167 167 167 167 167 167 167 167 167 167 167 167 167 167 167 167 167 167 167 167 167 168 0 0 0 0 
0 0 0 0 246 247 247 247 247 247 247 247 247 247 247 247 247 247 247 247 247 247 247 247 247 247 247 247 247 247 247 247 247 247 247 248 779 780 0 0 
0 0 0 0 0 0 0 818 698 698 698 698 698 698 698 698 698 698 698 698 698 698 698 698 698 698 698 698 698 698 698 698 698 698 698 698 698 820 0 0 
0 0 0 0 0 0 0 818 698 698 698 698 698 698 698 698 698 698 698 698 698 698 698 698 698 698 698 698 698 698 698 698 698 698 698 698 698 820 0 0 
0 0 0 0 0 0 0 818 698 698 698 698 698 698 698 698 698 698 698 698 698 698 698 698 698 698 698 698 698 698 698 698 698 698 698 698 698 820 0 0 
0 0 0 0 0 0 0 818 698 698 698 698 698 698 698 698 698 698 698 698 698 698 698 698 698 698 698 698 698 698 698 698 698 698 698 698 698 820 0 0 
0 0 0 0 0 0 0 818 698 698 698 698 698 698 698 698 698 698 698 698 698 698 698 698 698 698 698 698 698 698 698 698 698 698 698 698 698 820 0 0 
0 0 0 0 0 0 0 858 859 859 859 166 167 167 167 167 167 167 167 167 167 167 167 167 167 167 167 167 167 167 167 167 167 167 167 167 167 167 167 167 
0 0 0 0 0 0 0 0 0 0 0 206 86 86 87 247 247 247 247 247 247 247 247 247 247 88 86 86 86 86 86 86 86 86 86 86 86 86 86 86 
0 0 0 0 0 0 0 0 0 0 0 206 86 86 208 0 0 0 0 0 0 0 0 0 0 206 86 86 86 86 86 86 86 86 86 86 86 86 86 86 
0 0 0 0 0 0 0 0 0 0 0 206 86 86 208 0 0 0 0 0 0 0 0 0 0 206 86 86 87 247 247 247 247 247 247 247 247 247 247 247 
0 0 0 0 0 0 0 0 0 0 0 246 247 247 248 0 0 0 0 0 0 0 0 0 0 246 247 247 248 0 0 0 0 0 0 0 0 0 0 0 
0 0 0 0 0 0 0 0 0 0 0 9 9 9 9 0 0 0 0 0 0 0 0 0 0 9 9 9 9 0 0 0 0 0 0 0 0 0 0 0 
0 0 0 0 0 0 0 0 0 0 0 0 0 0 0 0 0 0 0 0 0 0 0 0 0 0 0 0 0 0 0 0 0 0 0 0 0 0 0 0 
0 0 0 0 0 0 0 0 0 0 0 0 0 0 0 0 0 0 0 0 0 0 0 0 0 0 0 0 0 0 0 0 0 0 0 0 0 0 0 0 
0 0 0 0 8 8 8 8 0 0 0 0 0 0 0 0 0 0 8 8 8 8 0 0 0 0 0 0 0 0 0 0 8 8 8 8 0 0 0 0 
0 0 0 0 166 167 167 168 0 0 0 0 0 0 0 0 0 0 166 167 167 168 0 0 0 0 0 0 0 0 0 0 166 167 167 168 0 0 0 0 
0 0 0 0 206 86 86 208 0 0 0 0 0 0 0 0 0 0 206 86 86 208 0 0 0 0 0 0 0 0 0 0 206 86 86 208 0 0 0 0 
0 0 0 0 206 86 86 208 0 0 0 0 0 0 0 0 0 0 206 86 86 208 0 0 0 0 0 0 0 0 0 0 206 86 86 208 0 0 0 0 
0 0 0 0 206 86 86 127 167 167 167 167 167 167 167 167 167 167 128 86 86 127 167 167 167 167 167 167 167 167 167 167 128 86 86 127 167 167 167 167 
0 0 0 0 206 86 86 86 86 86 86 86 86 86 86 86 86 86 86 86 86 86 86 86 86 86 86 86 86 86 86 86 86 86 86 86 86 86 86 86 
8 8 8 8 206 86 86 86 86 86 86 86 86 86 86 86 86 86 86 86 86 86 86 86 86 86 86 86 86 86 86 86 86 86 86 86 86 86 86 86 
167 167 167 167 128 86 86 86 86 86 86 86 86 86 86 86 86 86 86 86 86 86 86 86 86 86 86 86 86 86 86 86 86 86 86 86 86 86 86 86 
86 86 86 86 86 86 86 86 86 86 86 86 86 86 86 86 86 86 86 86 86 86 86 86 86 86 86 86 86 86 86 86 86 86 86 86 86 86 86 86 
11
12 10 10 1
8 23 2 7 4 0 0 320 240
14 23 2 5 4 0 0 320 240
22 23 2 7 4 0 0 320 240
28 23 2 5 4 0 0 320 240
29 16 2 7 4 0 0 320 240
36 16 2 5 4 0 0 320 240
36 23 2 5 4 0 0 320 240
15 14 2 7 4 0 0 320 240
21 14 2 5 4 0 0 320 240
26 21 10 1
