614 49 0 0 0 0 50 612 614 0 0 0 0 0 0 0 0 0 0 0 50 612 492 492 492 492 614 49 0 0 0 0 0 0 0 0 0 0 612 492 
614 49 0 0 0 0 50 612 614 0 0 0 0 0 0 0 0 0 0 0 50 612 492 492 492 492 614 49 0 0 0 0 0 0 0 0 0 0 612 492 
614 49 0 0 0 0 50 612 614 0 0 0 0 0 0 0 0 0 0 0 50 612 492 492 492 492 614 49 0 0 0 0 0 0 0 0 0 0 612 492 
614 49 0 0 0 0 50 612 614 0 0 0 0 0 0 0 0 0 0 0 50 612 492 492 492 492 614 49 0 0 0 0 0 0 0 0 0 0 612 492 
614 49 0 0 0 0 50 612 614 0 0 0 0 0 0 0 0 0 0 0 50 612 492 492 492 492 614 49 0 0 0 0 0 0 0 0 0 0 612 492 
614 49 0 0 0 0 50 612 614 0 0 0 0 0 0 0 0 0 0 0 50 652 653 653 653 653 654 49 0 0 0 0 0 0 0 0 0 0 612 492 
614 49 0 0 0 0 50 612 614 0 0 0 0 0 0 0 0 0 0 0 0 9 9 9 9 9 9 0 0 0 0 0 0 0 0 0 0 0 612 492 
614 49 0 0 0 0 50 612 614 0 0 0 0 0 0 0 0 0 0 0 0 0 0 0 0 0 0 0 0 0 0 0 0 0 0 0 0 0 612 492 
614 49 0 0 0 0 50 612 614 0 0 0 0 0 0 0 0 0 0 0 0 0 0 0 0 0 0 0 0 0 0 0 0 0 0 0 0 0 612 492 
614 49 0 0 0 0 50 612 614 0 0 0 0 0 0 0 0 0 0 0 0 0 0 0 0 0 0 0 0 0 0 0 0 0 0 0 0 0 612 492 
614 49 0 0 0 0 50 612 614 0 0 0 0 0 0 0 0 0 0 0 0 0 0 0 0 0 0 0 0 0 0 0 0 0 0 0 0 0 612 492 
614 49 0 0 0 0 50 612 614 0 0 0 0 0 0 0 0 0 0 0 0 0 0 0 0 0 0 0 0 0 0 0 0 0 0 0 0 0 612 492 
614 49 0 0 0 0 50 612 614 0 0 0 0 0 0 0 0 0 0 0 0 0 0 0 0 0 0 0 0 0 0 0 0 0 0 0 0 0 612 492 
614 49 0 0 0 0 50 612 614 0 0 0 0 0 0 0 0 0 0 0 0 0 0 0 0 0 0 0 0 0 0 0 0 0 0 0 0 0 612 492 
614 49 0 0 0 0 50 612 614 8 8 8 8 8 8 8 8 8 8 0 0 0 0 0 0 0 0 0 0 8 8 8 8 8 8 8 8 8 612 492 
614 49 0 0 0 0 50 612 533 573 573 573 573 573 573 573 573 573 574 49 0 0 0 0 0 0 0 0 50 572 573 573 573 573 573 573 573 573 534 492 
614 49 0 0 0 0 50 612 492 492 492 492 492 492 492 492 492 492 614 49 0 0 0 0 0 0 0 0 50 612 492 492 492 492 492 492 492 492 492 492 
614 49 0 0 0 0 50 612 492 492 492 492 492 492 492 492 492 492 614 49 0 0 0 0 0 0 0 0 50 652 494 492 492 492 492 492 492 492 492 492 
614 49 0 0 0 0 50 612 492 492 492 492 492 492 492 492 492 492 533 574 49 0 0 0 0 0 0 0 0 50 612 492 492 492 492 492 492 492 492 492 
614 49 0 0 0 0 50 612 492 492 492 492 492 492 492 492 492 492 492 614 49 0 0 0 0 0 0 0 0 50 612 492 492 492 492 492 492 492 492 492 
614 49 0 0 0 0 50 612 492 492 492 492 492 492 492 492 492 492 492 614 49 0 0 0 0 0 0 0 0 50 652 494 492 492 492 492 492 492 492 492 
614 49 0 0 0 0 50 612 492 492 492 492 492 492 492 492 492 492 492 533 574 49 0 0 0 0 0 0 0 0 50 612 492 492 492 492 492 492 492 492 
614 49 0 0 0 0 50 612 492 492 492 492 492 492 492 492 492 492 492 492 614 49 0 0 0 0 0 0 0 0 50 612 492 492 492 492 492 492 492 492 
614 49 0 0 0 0 50 612 492 492 492 492 492 492 492 492 492 492 492 492 614 49 0 0 0 0 0 0 0 0 50 652 494 492 492 492 492 492 492 492 
614 49 0 0 0 0 50 612 492 492 492 492 492 492 492 492 492 492 492 492 533 574 49 0 0 0 0 0 0 0 0 50 612 492 492 492 492 492 492 492 
614 49 0 0 0 0 50 612 492 492 492 492 492 492 492 492 492 492 492 492 492 614 49 0 0 0 0 0 0 0 0 50 612 492 492 492 492 492 492 492 
614 49 0 0 0 0 50 612 492 492 492 492 492 492 492 492 492 492 492 492 492 614 49 0 0 0 0 0 0 0 0 50 652 494 492 492 492 492 492 492 
614 49 0 0 0 0 50 612 492 492 492 492 492 492 492 492 492 492 492 492 492 533 574 49 0 0 0 0 0 0 0 0 50 612 492 492 492 492 492 492 
614 49 0 0 0 0 50 612 492 492 492 492 492 492 492 492 492 492 492 492 492 492 614 49 0 0 0 0 0 0 0 0 50 612 492 492 492 492 492 492 
0
