298 298 298 298 298 298 298 420 0 0 0 0 418 298 298 298 298 298 298 298 298 298 298 298 298 298 298 298 298 298 298 298 298 298 298 298 298 298 298 298 
459 459 459 459 459 459 459 460 0 0 0 0 418 298 298 298 298 298 298 298 298 299 459 459 459 459 300 298 298 298 298 298 298 298 298 298 298 298 298 298 
0 0 0 0 0 0 0 0 0 0 0 0 418 298 298 298 298 298 298 298 298 420 9 9 9 9 418 298 298 298 298 298 298 298 298 298 298 298 298 298 
0 0 0 0 0 0 0 0 0 0 0 0 418 298 298 298 298 298 298 298 298 420 0 0 0 0 418 298 298 298 298 298 298 298 298 298 298 298 298 298 
0 0 0 0 0 0 0 0 0 0 0 0 418 298 298 298 298 298 298 298 298 420 0 0 0 0 418 298 298 298 298 298 298 298 298 298 298 298 298 298 
0 0 0 0 0 0 0 0 0 0 0 0 418 298 298 298 298 298 298 299 459 460 0 0 0 0 458 459 300 298 298 298 298 298 298 298 298 298 298 298 
0 0 0 0 0 0 0 0 0 0 0 0 418 298 298 298 298 298 298 420 9 9 0 0 0 0 9 9 418 298 298 298 298 298 298 298 298 298 298 298 
0 0 0 0 0 0 0 0 0 0 0 0 418 298 298 298 298 298 298 420 0 0 0 0 0 0 0 0 418 298 298 298 298 298 298 298 298 298 298 298 
379 379 379 379 379 380 0 0 0 0 0 0 418 298 298 298 298 298 298 420 0 0 0 0 0 0 0 0 418 298 298 298 298 298 298 298 298 298 298 298 
298 298 298 298 298 420 0 0 0 0 0 0 418 298 298 298 298 299 459 460 0 0 0 0 0 0 0 0 458 459 300 298 298 298 298 298 298 298 298 298 
298 298 298 298 298 420 0 0 0 0 0 0 418 298 298 298 298 420 9 9 0 0 0 0 0 0 0 0 9 9 418 298 298 298 298 298 298 298 298 298 
298 298 298 298 298 420 0 0 378 379 379 379 340 298 298 298 298 420 0 0 0 0 0 0 0 0 0 0 0 0 418 298 298 298 298 298 298 298 298 298 
298 298 298 298 298 420 0 0 458 459 459 459 300 298 298 298 298 420 0 0 0 0 0 0 0 0 0 0 0 0 418 298 298 298 298 298 298 298 298 298 
298 298 298 298 298 420 0 0 0 0 0 0 418 298 298 299 459 460 0 0 0 0 0 0 0 0 0 0 0 0 458 459 300 298 298 298 298 298 298 298 
298 298 298 298 298 420 0 0 0 0 0 0 418 298 298 420 9 9 0 0 0 0 0 0 0 0 0 0 0 0 9 9 418 298 298 298 298 298 298 298 
298 298 298 298 298 420 0 0 0 0 0 0 418 298 298 420 0 0 0 0 0 0 0 0 0 0 0 0 0 0 0 0 418 298 298 298 298 298 298 298 
298 298 298 298 298 339 379 379 379 380 0 0 418 298 298 420 0 0 0 0 0 0 0 0 0 0 0 0 0 0 0 0 418 298 298 298 298 298 298 298 
299 459 459 459 459 459 459 459 459 460 0 0 418 299 459 460 0 0 0 0 0 0 0 0 0 0 0 0 0 0 0 0 458 459 300 298 298 298 298 298 
420 0 0 0 0 0 0 0 0 0 0 0 418 420 9 9 0 0 0 0 0 0 0 0 0 0 0 0 0 0 0 0 9 9 418 298 298 298 298 298 
420 49 0 0 0 0 0 0 0 0 0 0 418 420 0 0 0 0 0 0 0 0 0 0 0 0 0 0 0 0 0 0 0 0 418 298 298 298 298 298 
420 49 0 0 0 0 0 0 0 0 0 0 418 420 0 0 0 0 0 0 0 0 0 0 0 0 0 0 0 0 0 0 0 0 418 298 298 298 298 298 
420 49 0 0 0 0 0 0 0 0 0 0 458 460 0 0 0 0 0 0 0 0 0 0 0 0 0 0 0 0 0 0 0 0 458 459 300 298 298 298 
420 49 0 0 0 0 50 378 379 379 379 380 9 9 0 0 0 0 0 0 0 8 8 8 8 8 8 0 0 0 0 0 0 0 9 9 418 298 298 298 
420 49 0 0 0 0 50 418 298 298 298 420 0 0 0 0 0 0 0 0 50 378 379 379 379 379 380 49 0 0 0 0 0 0 0 0 418 298 298 298 
420 49 0 0 0 0 50 418 298 298 298 420 0 0 0 0 0 0 0 0 50 418 298 298 298 298 420 49 0 0 0 0 0 0 0 0 418 298 298 298 
420 49 0 0 0 0 50 418 298 299 459 460 0 0 0 0 0 0 0 0 50 418 298 298 298 298 420 49 0 0 0 0 0 0 0 0 458 459 300 298 
420 49 0 0 0 0 50 418 298 420 9 9 0 0 0 0 0 0 0 0 50 418 298 298 298 298 420 49 0 0 0 0 0 0 0 0 9 9 418 298 
420 49 0 0 0 0 50 418 298 420 0 0 0 0 0 0 0 0 0 0 50 418 298 298 298 298 420 49 0 0 0 0 0 0 0 0 0 0 418 298 
420 49 0 0 0 0 50 418 298 420 0 0 0 0 0 0 0 0 0 0 50 418 298 298 298 298 420 49 0 0 0 0 0 0 0 0 0 0 418 298 
7
22 10 2 4 0 0 0 320 240
0 7 2 5 4 0 0 320 240
2 7 2 5 4 0 0 320 240
9 9 10 1
1 18 2 7 4 0 0 320 240
6 18 2 5 4 0 0 320 240
0 2 2 7 4 0 0 320 240
