301 301 301 301 301 301 301 301 301 301 301 301 301 301 301 301 301 301 301 301 301 301 301 301 301 301 301 301 301 301 301 301 301 301 301 301 301 301 301 301 
301 301 301 301 301 301 301 301 301 301 301 301 301 301 301 301 301 301 301 301 301 301 301 301 301 301 301 301 301 301 301 301 301 301 301 301 301 301 301 301 
462 462 462 462 303 301 301 301 301 301 301 301 301 301 301 301 301 301 301 301 301 301 301 301 301 301 301 301 301 301 301 301 301 301 301 301 301 301 301 301 
9 9 9 9 421 301 301 301 301 301 301 301 301 301 301 301 301 301 301 301 301 301 301 301 301 301 301 301 301 301 301 301 301 301 301 301 301 301 301 301 
0 0 0 0 421 301 301 301 301 301 301 301 301 301 301 301 301 301 301 301 301 301 301 301 301 301 301 301 301 301 301 301 301 301 301 301 301 301 301 301 
0 0 0 0 461 303 301 301 301 301 301 301 301 301 301 301 301 301 301 301 301 301 301 301 301 301 301 301 301 301 301 301 301 301 301 301 301 301 301 301 
0 0 0 0 0 421 301 301 301 301 301 301 301 301 301 301 301 301 301 301 302 462 462 462 462 462 462 462 462 462 462 462 462 462 303 301 301 301 301 301 
0 0 0 0 0 421 301 301 301 301 301 301 301 301 301 301 301 301 302 462 463 704 704 704 704 704 704 704 704 704 704 704 704 704 421 301 301 301 301 301 
0 0 0 0 0 461 303 301 301 301 301 301 301 301 301 301 302 462 463 704 704 704 704 704 704 704 704 704 704 704 704 704 704 704 461 303 301 301 301 301 
0 0 0 0 0 0 421 301 301 301 301 301 301 301 302 462 463 704 704 704 704 704 704 704 704 704 704 704 704 704 704 704 704 704 704 421 301 301 301 301 
0 0 0 0 0 0 421 301 301 301 301 301 302 462 463 704 704 704 704 704 704 704 704 704 704 704 704 704 704 704 704 704 704 704 704 461 303 301 301 301 
0 0 0 0 0 0 461 462 462 462 462 462 463 704 704 704 704 704 704 704 704 704 704 704 704 704 704 704 704 704 704 704 704 704 704 704 421 301 301 301 
0 0 0 0 0 0 0 0 824 704 704 704 704 704 704 704 704 704 704 704 704 704 704 704 704 704 704 704 704 704 704 704 704 704 704 704 461 303 301 301 
0 0 0 0 0 0 0 0 824 704 704 704 704 704 704 704 704 704 704 704 704 704 704 704 704 704 704 704 704 704 704 704 704 704 704 704 704 421 301 301 
0 0 0 0 0 0 0 0 824 704 704 704 704 704 704 704 704 704 704 704 704 704 704 704 704 704 704 704 704 704 704 704 704 704 704 704 704 421 301 301 
0 0 0 0 0 0 0 0 824 704 704 704 704 704 704 704 704 704 704 704 704 704 704 704 704 704 704 704 704 704 704 704 704 704 704 704 704 421 301 301 
0 0 0 0 0 0 0 0 824 704 704 704 704 704 704 704 704 704 704 704 704 704 704 704 704 704 704 704 704 704 704 704 704 704 704 704 704 421 301 301 
0 0 0 0 0 0 0 0 824 704 704 704 704 704 704 704 704 704 704 704 704 704 704 704 704 704 704 704 704 704 704 704 704 704 704 704 381 343 301 301 
382 382 382 382 382 382 382 382 382 382 382 382 383 704 704 704 704 704 704 704 704 704 704 704 704 704 704 704 704 704 704 704 704 704 704 704 421 301 301 301 
301 301 301 301 301 301 301 301 301 301 301 301 342 382 383 704 704 704 704 704 704 704 704 704 704 704 704 704 704 704 704 704 704 704 704 381 343 301 301 301 
462 462 462 462 462 462 462 462 462 462 462 462 303 301 342 382 383 704 704 704 704 704 704 704 704 704 704 704 704 704 704 704 704 704 704 421 301 301 301 301 
704 704 704 704 704 704 704 704 704 704 704 704 421 301 301 301 342 382 383 704 704 704 704 704 704 704 704 704 704 704 704 704 704 704 381 343 301 301 301 301 
0 0 0 0 0 0 0 0 824 704 704 704 421 301 301 301 301 301 342 382 383 704 704 704 704 704 704 704 704 704 704 704 704 704 421 301 301 301 301 301 
0 0 0 0 0 0 0 0 864 865 865 865 421 301 301 301 301 301 301 301 342 382 382 382 382 382 382 382 382 382 382 382 382 382 343 301 301 301 301 301 
0 0 0 0 0 0 0 0 0 0 0 0 421 301 301 301 301 301 301 301 301 301 301 301 301 301 301 301 301 301 301 301 301 301 301 301 301 301 301 301 
0 0 0 0 0 0 0 0 0 0 0 0 421 301 301 301 301 301 301 301 301 301 301 301 301 301 301 301 301 301 301 301 301 301 301 301 301 301 301 301 
382 382 382 382 382 382 382 383 0 0 0 0 421 301 301 301 301 301 301 301 301 301 301 301 301 301 301 301 301 301 301 301 301 301 301 301 301 301 301 301 
301 301 301 301 301 301 301 423 0 0 0 0 421 301 301 301 301 301 301 301 301 301 301 301 301 301 301 301 301 301 301 301 301 301 301 301 301 301 301 301 
301 301 301 301 301 301 301 423 0 0 0 0 421 301 301 301 301 301 301 301 301 301 301 301 301 301 301 301 301 301 301 301 301 301 301 301 301 301 301 301 
3
0 21 2 8 4 0 0 320 240
8 21 2 6 4 0 0 320 240
9 16 10 1
