289 289 289 289 289 289 289 289 289 289 289 289 289 289 289 289 411 57 0 0 0 0 0 58 409 289 289 289 289 289 289 289 289 289 289 289 289 289 289 289 
289 289 289 289 289 289 289 289 289 289 289 289 289 289 289 289 411 57 0 0 0 0 0 58 409 289 289 289 289 289 289 289 289 289 289 289 289 289 289 289 
289 289 289 289 289 289 289 289 289 289 289 289 289 289 289 289 411 57 0 0 0 0 0 58 409 289 289 289 289 289 289 289 289 289 289 289 289 289 289 289 
289 289 289 289 289 289 289 289 289 289 289 289 289 289 289 289 411 57 0 0 0 0 0 58 409 289 289 289 289 289 289 289 289 289 289 289 289 289 289 289 
289 289 289 289 289 289 289 289 289 289 289 289 289 289 289 289 411 57 0 0 0 0 0 58 409 289 289 289 289 289 289 289 289 289 289 289 289 289 289 289 
289 289 289 289 289 289 289 289 289 289 289 289 289 289 289 289 411 57 0 0 0 0 0 58 409 289 289 289 289 289 289 289 289 289 289 289 289 289 289 289 
289 289 289 289 289 289 289 289 289 289 289 289 289 289 289 289 411 57 0 0 0 0 0 58 409 289 289 289 289 289 289 289 289 289 289 289 289 289 289 289 
289 289 289 289 289 289 289 289 289 289 289 289 289 289 289 289 411 57 0 0 0 0 0 58 409 289 289 289 289 289 289 289 289 289 289 289 289 289 289 289 
289 289 289 289 289 289 289 289 289 289 289 289 289 289 289 289 411 57 0 0 0 0 0 58 409 289 289 289 289 289 289 289 289 289 289 289 289 289 289 289 
289 289 289 289 289 289 289 289 289 289 289 289 289 289 289 289 411 57 0 0 0 0 0 58 409 289 289 289 289 289 289 289 289 289 289 289 289 289 289 289 
289 289 289 289 289 289 289 289 289 289 289 289 289 289 289 289 411 57 0 0 0 0 0 58 409 289 289 289 289 289 289 289 289 289 289 289 289 289 289 289 
289 289 289 289 289 289 289 289 289 289 289 289 289 289 289 289 411 57 0 0 0 0 0 58 409 289 289 289 289 289 289 289 289 289 289 289 289 289 289 289 
289 289 289 289 289 289 289 289 289 289 289 289 289 289 289 289 411 57 0 0 0 0 0 58 409 289 289 289 289 289 289 289 289 289 289 289 289 289 289 289 
289 289 289 289 289 289 289 289 289 289 289 289 289 289 289 289 411 57 0 0 0 0 0 58 409 289 289 289 289 289 289 289 289 289 289 289 289 289 289 289 
289 289 289 289 289 289 289 289 289 289 289 289 289 289 289 289 411 57 0 0 0 0 0 58 409 289 289 289 289 289 289 289 289 289 289 289 289 289 289 289 
289 289 289 289 289 289 289 289 289 289 289 289 289 289 289 289 411 57 0 0 0 0 0 58 409 289 289 289 289 289 289 289 289 289 289 289 289 289 289 289 
289 289 289 289 289 289 289 289 289 289 289 289 289 289 289 289 411 57 0 0 0 0 0 58 409 289 289 289 289 289 289 289 289 289 289 289 289 289 289 289 
289 289 289 289 289 289 289 289 289 289 289 289 289 289 289 289 411 57 0 0 0 0 0 58 409 289 289 289 289 289 289 289 289 289 289 289 289 289 289 289 
289 289 289 289 289 289 289 289 289 289 289 289 289 289 289 289 411 57 0 0 0 0 0 58 409 289 289 289 289 289 289 289 289 289 289 289 289 289 289 289 
289 289 289 289 289 289 289 289 289 289 289 289 289 289 289 289 411 57 0 0 0 0 0 58 409 289 289 289 289 289 289 289 289 289 289 289 289 289 289 289 
289 289 289 289 289 289 289 289 289 289 289 289 289 289 289 289 411 57 0 0 0 0 0 58 409 289 289 289 289 289 289 289 289 289 289 289 289 289 289 289 
289 289 289 289 289 289 289 289 289 289 289 289 289 289 289 289 411 57 0 0 0 0 0 58 409 289 289 289 289 289 289 289 289 289 289 289 289 289 289 289 
289 289 289 289 289 289 289 289 289 289 289 289 289 289 289 289 411 57 0 0 0 0 0 58 409 289 289 289 289 289 289 289 289 289 289 289 289 289 289 289 
289 289 289 289 289 289 289 289 289 289 289 289 289 289 289 289 411 57 0 0 0 0 0 58 409 289 289 289 289 289 289 289 289 289 289 289 289 289 289 289 
289 289 289 289 289 289 289 289 289 289 289 289 289 289 289 289 411 57 0 0 0 0 0 58 409 289 289 289 289 289 289 289 289 289 289 289 289 289 289 289 
289 289 289 289 289 289 289 289 289 289 289 289 289 289 289 289 411 57 0 0 0 0 0 58 409 289 289 289 289 289 289 289 289 289 289 289 289 289 289 289 
289 289 289 289 289 289 289 289 289 289 289 289 289 289 289 289 411 57 0 0 0 0 0 58 409 289 289 289 289 289 289 289 289 289 289 289 289 289 289 289 
289 289 289 289 289 289 289 289 289 289 289 289 289 289 289 289 411 57 0 0 0 0 0 58 409 289 289 289 289 289 289 289 289 289 289 289 289 289 289 289 
289 289 289 289 289 289 289 289 289 289 289 289 289 289 289 289 411 57 0 0 0 0 0 58 409 289 289 289 289 289 289 289 289 289 289 289 289 289 289 289 
0
