492 492 492 492 492 492 492 492 492 492 492 492 492 492 492 492 492 492 492 492 492 492 492 492 492 492 492 492 492 492 492 492 492 492 492 492 492 492 492 492 
492 492 492 492 492 492 492 492 492 492 492 492 492 492 492 492 492 492 492 492 492 492 492 492 492 492 492 492 492 492 492 492 492 492 492 492 492 492 492 492 
492 492 492 492 492 492 492 492 492 492 492 492 492 492 492 492 492 492 492 492 492 492 492 492 492 492 492 492 492 492 492 492 492 492 492 492 492 492 492 492 
492 492 492 492 492 492 492 492 492 492 492 492 492 492 492 492 492 492 492 492 492 492 492 492 492 492 492 492 492 492 492 492 492 492 492 492 492 492 492 492 
492 492 492 492 492 492 492 492 492 492 492 492 492 492 492 492 492 492 492 492 492 492 492 492 492 492 492 492 492 492 492 492 492 492 492 492 492 492 492 492 
492 492 492 492 492 492 492 492 492 492 492 492 492 492 492 492 492 492 492 492 492 492 492 492 492 492 492 492 492 492 492 492 492 492 492 492 492 492 492 492 
492 492 492 492 492 492 492 492 492 492 492 492 492 492 492 492 492 492 492 492 492 492 492 492 492 492 492 492 492 492 492 492 492 492 492 492 492 492 492 492 
492 492 492 492 492 492 492 492 492 492 492 492 492 492 492 492 492 492 492 492 492 492 492 492 492 492 492 492 492 492 492 492 492 492 492 492 492 492 492 492 
492 492 492 492 492 492 492 492 492 492 492 492 492 492 492 492 492 492 492 492 492 492 492 492 492 492 492 492 492 492 492 492 492 492 492 492 492 492 492 492 
492 492 492 492 492 492 492 492 492 492 492 492 492 492 492 492 492 492 492 492 492 492 492 492 492 492 492 492 492 492 492 492 492 492 492 492 492 492 492 492 
492 492 492 492 492 492 492 492 492 492 492 492 492 492 492 492 492 492 492 492 492 492 492 492 492 492 492 492 492 492 492 492 492 492 492 492 492 492 492 492 
492 492 492 492 492 492 492 492 492 492 492 492 492 492 492 492 492 492 492 492 492 492 492 492 492 492 492 492 492 492 492 492 492 492 492 492 492 492 492 492 
492 492 492 492 492 492 492 492 492 492 492 492 492 492 492 492 492 492 492 492 492 492 492 492 492 492 492 492 492 492 492 492 492 492 492 492 492 492 492 492 
653 653 653 653 653 653 653 653 653 653 653 653 494 492 492 492 492 492 492 492 492 492 492 492 492 492 492 492 492 492 492 492 492 492 492 492 492 492 492 492 
0 0 0 0 0 0 0 0 0 0 0 0 652 653 494 492 492 492 492 492 492 492 492 492 492 492 492 492 492 492 492 492 492 492 492 492 492 492 492 492 
0 0 0 0 0 0 0 0 0 0 0 0 0 0 652 653 494 492 492 492 492 492 492 492 492 492 492 492 492 492 492 492 492 492 492 492 492 492 492 492 
0 0 0 0 0 0 0 0 0 0 0 0 0 0 0 0 612 492 492 492 492 492 492 492 492 492 492 492 492 492 492 492 492 492 492 492 492 492 492 492 
0 0 0 0 0 0 0 0 0 0 0 0 0 0 0 0 652 653 494 492 492 492 492 492 492 492 492 492 492 492 492 492 492 492 492 492 492 492 492 492 
0 0 0 0 0 0 0 0 0 0 0 0 0 0 0 0 0 0 612 492 492 492 492 492 492 492 492 492 492 492 492 492 492 492 492 492 492 492 492 492 
0 0 0 0 0 0 0 0 0 0 0 0 0 0 0 0 0 0 652 494 492 492 492 492 492 492 492 492 492 492 492 492 492 492 492 492 492 492 492 492 
0 0 0 0 0 0 0 0 0 0 0 0 0 0 0 0 0 0 0 652 494 492 492 492 492 492 492 492 492 492 492 492 492 492 492 492 492 492 492 492 
0 0 0 0 0 0 0 0 0 0 0 0 0 0 0 0 0 0 0 0 612 492 492 492 492 492 492 492 492 492 492 492 492 492 492 492 492 492 492 492 
0 0 0 0 0 0 0 0 0 0 0 0 0 0 0 0 0 0 0 0 652 494 492 492 492 492 492 492 492 492 492 492 492 492 492 492 492 492 492 492 
0 0 0 0 0 0 0 0 0 0 0 0 0 0 0 0 0 0 0 0 0 612 492 492 492 492 492 492 492 492 492 492 492 492 492 492 492 492 492 492 
0 0 0 0 0 0 0 0 0 0 0 0 0 0 0 0 0 0 0 0 0 652 494 492 492 492 492 492 492 492 492 492 492 492 492 492 492 492 492 492 
0 0 0 0 0 0 0 0 0 0 0 0 0 0 0 0 0 0 0 0 0 0 612 492 492 492 492 492 492 492 492 492 492 492 492 492 492 492 492 492 
0 0 0 0 0 0 0 0 0 0 0 0 0 0 0 0 0 0 0 0 0 0 612 492 492 492 492 492 492 492 492 492 492 492 492 492 492 492 492 492 
0 0 0 0 0 0 0 0 0 0 0 0 0 0 0 0 0 0 0 0 0 0 612 492 492 492 492 492 492 492 492 492 492 492 492 492 492 492 492 492 
0 0 0 0 0 0 0 0 0 0 0 0 0 0 0 0 0 0 0 0 0 0 612 492 492 492 492 492 492 492 492 492 492 492 492 492 492 492 492 492 
0 0 0 0 0 0 0 0 0 0 0 0 0 0 0 0 0 0 0 0 0 0 612 492 492 492 492 492 492 492 492 492 492 492 492 492 492 492 492 492 
0
