120 120 120 120 120 120 120 120 120 120 120 120 120 200 80 202 0 0 0 0 0 0 0 0 200 80 202 120 120 120 120 120 120 120 120 120 120 120 120 120 
120 120 120 120 120 120 120 120 120 120 120 120 120 200 80 202 0 0 0 0 0 0 0 0 200 80 202 120 120 120 120 120 120 120 120 120 120 120 120 120 
120 120 120 120 120 120 120 120 120 120 120 120 120 200 80 202 0 0 0 0 0 0 0 0 200 80 202 120 120 120 120 120 120 120 120 120 120 120 120 120 
120 120 120 120 120 120 120 120 120 120 120 120 120 200 80 202 0 0 0 0 0 0 0 0 200 80 202 120 120 120 120 120 120 120 120 120 120 120 120 120 
120 120 120 120 120 120 120 120 120 120 120 120 120 200 80 202 0 0 0 0 0 0 0 0 200 80 202 120 120 120 120 120 120 120 120 120 120 120 120 120 
120 120 120 120 120 120 120 120 120 120 120 120 120 200 80 202 0 0 0 0 0 0 0 0 200 80 202 120 120 120 120 120 120 120 120 120 120 120 120 120 
120 120 120 120 120 120 120 120 120 120 120 120 120 200 80 202 0 0 0 0 0 0 0 0 200 80 202 120 120 120 120 120 120 120 120 120 120 120 120 120 
120 120 120 120 120 120 120 120 120 120 120 120 120 200 80 202 0 0 0 0 0 0 0 0 200 80 202 120 120 120 120 120 120 120 120 120 120 120 120 120 
120 120 120 120 120 120 120 120 120 120 120 120 120 200 80 202 0 0 0 0 0 0 0 0 200 80 121 161 161 161 161 161 161 161 161 161 161 161 161 161 
120 120 120 120 120 120 120 120 120 120 120 120 120 200 80 202 0 0 0 0 0 0 0 0 200 80 80 80 80 80 80 80 80 80 80 80 80 80 80 80 
120 120 120 120 120 120 120 120 120 120 120 120 120 200 80 202 0 0 0 0 0 0 0 0 240 241 241 241 241 241 241 241 241 241 241 241 241 241 241 241 
120 120 120 120 120 120 120 120 120 120 120 120 120 200 80 202 0 0 0 0 0 0 0 0 0 0 0 0 0 0 0 0 0 0 0 0 0 0 0 0 
120 120 120 120 120 120 120 120 120 120 120 120 120 200 80 202 0 0 0 0 0 0 0 0 0 0 0 0 0 0 0 0 0 0 0 0 0 0 0 0 
120 120 120 120 120 120 120 120 120 120 120 120 120 200 80 202 0 0 0 0 0 0 0 0 0 0 0 0 0 0 0 0 0 0 0 0 0 0 0 0 
120 120 120 120 120 120 120 120 120 120 120 120 120 200 80 202 0 0 0 0 0 0 0 0 0 0 0 0 0 0 0 0 0 0 0 0 0 0 0 0 
120 120 120 120 120 120 120 120 120 120 120 120 120 200 80 202 0 0 0 0 0 0 0 0 0 0 0 0 0 0 0 0 0 0 0 0 0 0 0 0 
120 120 120 120 120 120 120 120 120 120 120 120 120 200 80 202 0 0 0 0 0 0 0 0 0 0 0 0 0 0 0 0 0 0 0 0 0 0 0 0 
120 120 120 120 120 120 120 120 120 120 120 120 120 200 80 202 0 0 0 0 0 0 0 0 0 0 0 0 0 0 0 0 0 0 0 0 0 0 0 0 
120 120 120 120 120 120 120 120 120 120 120 120 120 200 80 202 0 0 0 0 0 0 0 0 160 161 161 161 161 161 161 161 161 161 161 161 161 161 161 161 
120 120 120 120 120 120 120 120 120 120 120 120 120 200 80 202 0 0 0 0 0 0 0 0 200 80 80 80 80 80 80 80 80 80 80 80 80 80 80 80 
120 120 120 120 120 120 120 120 120 120 120 120 120 200 80 202 0 0 0 0 0 0 0 0 200 80 81 241 241 241 241 241 241 241 241 241 241 241 241 241 
120 120 120 120 120 120 120 120 120 120 120 120 120 200 80 202 0 0 0 0 0 0 0 0 200 80 202 120 120 120 120 120 120 120 120 120 120 120 120 120 
120 120 120 120 120 120 120 120 120 120 120 120 120 200 80 202 0 0 0 0 0 0 0 0 200 80 202 120 120 120 120 120 120 120 120 120 120 120 120 120 
120 120 120 120 120 120 120 120 120 120 120 120 120 200 80 202 0 0 0 0 0 0 0 0 200 80 202 120 120 120 120 120 120 120 120 120 120 120 120 120 
120 120 120 120 120 120 120 120 120 120 120 120 120 200 80 202 0 0 0 0 0 0 0 0 200 80 202 120 120 120 120 120 120 120 120 120 120 120 120 120 
120 120 120 120 120 120 120 120 120 120 120 120 120 200 80 202 0 0 0 0 0 0 0 0 200 80 202 120 120 120 120 120 120 120 120 120 120 120 120 120 
120 120 120 120 120 120 120 120 120 120 120 120 120 200 80 202 0 0 0 0 0 0 0 0 200 80 202 120 120 120 120 120 120 120 120 120 120 120 120 120 
120 120 120 120 120 120 120 120 120 120 120 120 120 200 80 202 0 0 0 0 0 0 0 0 200 80 202 120 120 120 120 120 120 120 120 120 120 120 120 120 
120 120 120 120 120 120 120 120 120 120 120 120 120 200 80 202 0 0 0 0 0 0 0 0 200 80 202 120 120 120 120 120 120 120 120 120 120 120 120 120 
0
