250 250 250 250 250 250 251 0 0 0 209 211 249 250 250 250 250 250 250 250 250 250 250 250 250 250 250 250 250 250 250 250 250 250 250 250 250 250 250 250 
0 0 0 0 0 0 0 0 0 0 209 211 0 0 0 0 0 0 0 0 0 0 0 0 0 0 0 0 0 0 0 0 0 0 0 0 0 0 0 0 
0 0 0 0 0 0 0 0 0 0 209 211 0 0 0 0 0 0 0 0 0 0 0 0 0 0 0 0 0 0 0 0 0 0 0 0 0 0 0 0 
0 0 0 0 0 0 0 0 0 0 209 211 0 0 0 0 0 0 0 0 0 0 0 0 0 0 0 0 0 0 0 0 0 0 0 0 0 0 0 0 
170 170 170 170 170 170 170 170 170 171 209 211 0 0 0 169 170 170 170 170 170 170 170 171 169 171 169 170 170 170 170 170 170 170 170 170 170 170 170 170 
250 250 250 250 250 250 250 250 250 251 209 211 0 0 0 249 250 250 250 250 250 250 250 251 209 211 249 250 250 250 250 250 250 250 250 250 250 250 250 250 
0 0 0 0 0 0 0 0 0 0 209 211 0 0 0 0 0 0 0 0 0 0 0 0 209 211 0 0 0 0 0 0 0 0 0 0 0 0 0 0 
0 0 0 0 0 0 0 0 0 0 209 211 0 0 0 0 0 0 0 0 0 0 0 0 209 211 0 0 0 0 0 0 0 0 0 0 0 0 0 0 
0 0 0 0 0 0 0 0 0 0 209 211 0 0 0 0 0 0 0 0 0 0 0 0 209 211 0 0 0 0 0 0 0 0 0 0 0 0 0 0 
170 170 170 170 171 169 171 0 0 0 209 211 169 170 170 170 170 170 170 170 170 171 0 0 209 211 0 0 169 170 170 170 170 170 170 170 170 170 170 170 
89 89 89 89 211 209 211 0 0 0 209 211 209 89 89 89 89 89 89 89 89 211 0 0 209 211 0 0 209 89 89 89 89 89 89 89 89 89 89 89 
250 250 250 250 251 209 211 0 0 0 209 211 249 250 250 250 250 250 250 250 250 251 0 0 209 211 0 0 249 250 250 250 250 250 250 250 250 250 250 250 
0 0 0 0 0 209 211 0 0 0 209 211 0 0 0 0 0 0 0 0 169 171 0 0 209 211 0 0 169 171 0 0 0 0 0 0 0 0 0 0 
0 0 0 0 0 209 211 0 0 0 209 211 0 0 0 0 0 0 0 0 209 211 0 0 209 211 0 0 209 211 0 0 0 0 0 0 0 0 0 0 
0 0 0 0 0 209 211 0 0 0 209 211 0 0 0 0 0 0 0 0 209 211 0 0 209 211 0 0 209 211 0 0 0 0 0 0 0 0 0 0 
0 0 0 0 0 209 211 0 0 0 209 211 0 0 0 169 171 0 0 0 209 211 0 0 209 211 0 0 209 211 0 0 0 0 0 0 0 0 0 0 
0 0 0 0 0 209 211 0 0 0 209 211 0 0 0 209 211 0 0 0 209 211 0 0 209 211 0 0 209 211 0 0 0 0 0 0 0 0 0 0 
170 170 170 170 171 209 211 0 0 0 209 211 0 0 0 209 211 0 0 0 209 211 0 0 209 211 0 0 209 211 0 0 0 169 171 169 170 170 170 170 
89 89 89 89 211 209 211 0 0 0 209 211 0 0 0 209 211 0 0 0 209 211 0 0 209 211 0 0 209 211 0 0 0 209 211 209 89 89 89 89 
250 250 250 250 251 249 251 0 0 0 209 211 0 0 0 209 211 0 0 0 209 211 0 0 249 251 0 0 209 211 0 0 0 209 211 249 250 250 250 250 
0 0 0 0 0 0 0 0 0 0 209 211 0 0 0 209 211 0 0 0 209 211 0 0 0 0 0 0 209 211 0 0 0 209 211 0 0 0 0 0 
0 0 0 0 0 0 0 0 0 0 209 211 0 0 0 209 211 0 0 0 209 211 0 0 0 0 0 0 209 211 0 0 0 209 211 0 0 0 0 0 
0 0 0 0 0 0 0 0 0 0 209 211 0 0 0 209 211 0 0 0 209 211 0 0 0 0 0 0 209 211 0 0 0 209 211 0 0 0 0 0 
170 170 170 170 170 170 170 170 170 171 209 211 0 0 0 209 211 0 0 0 209 211 169 170 170 170 170 171 209 211 0 0 0 209 211 0 0 0 169 170 
250 250 250 250 250 250 250 250 250 251 249 251 0 0 0 209 211 0 0 0 249 251 249 250 250 250 250 251 249 251 0 0 0 209 211 0 0 0 249 250 
0 0 0 0 0 0 0 0 0 0 0 0 0 0 0 209 211 0 0 0 0 0 0 0 0 0 0 0 0 0 0 0 0 209 211 0 0 0 0 0 
0 0 0 0 0 0 0 0 0 0 0 0 0 0 0 209 211 0 0 0 0 0 0 0 0 0 0 0 0 0 0 0 0 209 211 0 0 0 0 0 
0 0 0 0 0 0 0 0 0 0 0 0 0 0 0 209 211 0 0 0 0 0 0 0 0 0 0 0 0 0 0 0 0 209 211 0 0 0 0 0 
170 170 170 170 170 170 170 170 170 170 170 170 170 170 171 209 211 169 170 170 170 170 170 170 170 170 170 170 170 170 170 170 171 209 211 169 170 170 170 170 
1
2 15 10 1
