case rn(50,53):
tmap = new Array();
tmap.push("289,289,289,289,289,289,289,289,411,0,0,0,0,0,409,289,289,289,289,289,289,289,289,289,289,289,289,289,289,289,289,289,289,289,289,289,289,289,289,289");
tmap.push("289,289,289,289,289,289,289,289,411,0,0,0,0,0,409,289,289,289,289,289,289,289,289,289,289,289,289,289,289,289,289,289,289,289,289,289,289,289,289,289");
tmap.push("289,289,289,289,289,289,289,289,411,0,0,0,0,0,449,450,450,450,450,450,450,450,450,450,450,450,450,450,450,450,450,450,291,289,289,289,289,289,289,289");
tmap.push("289,289,289,289,289,289,289,289,411,0,0,0,0,0,0,0,0,0,70,70,70,70,70,0,0,0,0,0,0,0,0,0,409,289,289,289,289,289,289,289");
tmap.push("289,289,289,289,289,289,289,289,411,0,0,0,0,0,0,0,0,0,0,0,0,0,0,0,0,0,0,0,0,0,0,0,409,289,289,289,289,289,289,289");
tmap.push("289,289,289,289,289,289,289,289,411,0,0,0,0,0,0,0,0,0,0,0,0,0,0,0,0,0,0,0,0,0,0,0,409,289,289,289,289,289,289,289");
tmap.push("289,289,289,289,289,289,289,289,411,0,0,0,0,0,0,0,0,0,0,0,0,0,0,0,0,0,0,0,0,0,0,0,409,289,289,289,289,289,289,289");
tmap.push("289,289,289,289,289,289,289,289,411,0,0,0,0,0,0,0,0,0,0,0,0,0,0,0,0,0,0,0,0,0,0,0,409,289,289,289,289,289,289,289");
tmap.push("450,450,450,450,450,450,450,450,451,0,0,0,0,0,0,0,0,0,0,0,0,0,0,0,0,0,0,0,0,0,0,0,409,289,289,289,289,289,289,289");
tmap.push("70,70,70,70,70,70,70,70,70,0,0,0,0,0,0,0,0,0,0,0,0,0,0,0,0,0,0,0,0,0,0,0,409,289,289,289,289,289,289,289");
tmap.push("0,0,0,0,0,0,0,0,0,0,0,0,0,0,0,0,0,0,0,0,0,0,0,0,0,0,0,0,0,0,0,0,409,289,289,289,289,289,289,289");
tmap.push("0,0,0,0,0,0,0,0,0,0,0,0,0,0,0,0,0,0,0,0,0,0,0,0,0,0,0,0,0,0,0,0,409,289,289,289,289,289,289,289");
tmap.push("0,0,0,0,0,0,0,0,0,0,0,0,0,0,0,0,0,0,0,0,0,0,0,0,0,0,0,0,0,0,0,0,409,289,289,289,289,289,289,289");
tmap.push("0,0,0,0,0,0,0,0,0,0,0,0,0,0,0,0,0,0,0,0,0,0,0,0,0,0,0,0,0,0,0,0,449,450,450,450,450,450,450,450");
tmap.push("0,0,0,0,0,0,0,0,0,0,0,0,0,0,0,0,0,0,0,0,0,0,0,0,0,0,0,0,0,0,0,0,0,0,0,0,0,0,0,0");
tmap.push("0,0,0,0,0,0,0,0,0,0,0,0,0,0,0,0,0,0,0,0,0,0,0,0,0,0,0,0,0,0,0,0,0,0,0,0,0,0,0,0");
tmap.push("0,0,0,0,0,0,0,0,0,0,0,0,0,0,0,0,0,0,0,0,0,0,0,0,0,0,0,0,0,0,0,0,0,0,0,0,0,0,0,0");
tmap.push("0,0,0,0,0,0,0,0,0,0,0,0,0,0,0,0,0,0,0,0,0,0,0,0,0,0,0,0,0,0,0,0,0,0,0,0,0,0,0,0");
tmap.push("370,370,370,370,370,370,370,370,371,0,0,0,0,0,0,0,0,0,0,0,0,0,0,0,0,0,0,0,0,0,0,0,0,0,0,0,0,0,0,0");
tmap.push("289,289,289,289,289,289,289,289,411,0,0,0,0,0,0,0,0,0,0,0,0,0,0,0,0,0,0,0,0,0,0,0,0,0,0,0,0,0,0,0");
tmap.push("289,289,289,289,289,289,289,289,411,0,0,0,0,0,0,0,0,0,0,0,0,0,0,0,0,0,0,0,0,0,0,0,0,0,0,0,0,0,0,0");
tmap.push("289,289,289,289,289,289,289,289,411,0,0,0,0,0,0,0,0,0,0,0,0,0,0,0,0,0,0,0,0,0,0,0,0,0,0,0,0,0,0,0");
tmap.push("289,289,289,289,289,289,289,289,411,0,0,0,0,0,0,0,0,0,0,0,0,0,0,0,0,0,0,0,0,0,0,0,0,0,0,0,0,0,0,0");
tmap.push("289,289,289,289,289,289,289,289,411,0,0,0,0,0,0,0,0,0,0,0,0,0,0,0,0,0,0,0,0,0,0,0,0,0,0,0,0,0,0,0");
tmap.push("289,289,289,289,289,289,289,289,411,0,0,0,0,0,0,0,0,0,0,0,0,0,0,0,0,0,0,0,0,0,0,0,0,0,0,0,0,0,0,0");
tmap.push("289,289,289,289,289,289,289,289,411,0,0,0,0,0,0,0,0,0,69,69,69,69,69,0,0,0,0,0,0,0,0,0,0,0,0,0,0,0,0,0");
tmap.push("289,289,289,289,289,289,289,289,330,370,370,370,370,370,370,370,370,370,370,370,370,370,370,370,370,370,370,370,370,370,370,371,0,0,0,0,0,0,0,0");
tmap.push("289,289,289,289,289,289,289,289,289,289,289,289,289,289,289,289,289,289,289,289,289,289,289,289,289,289,289,289,289,289,289,411,69,69,69,69,69,69,69,69");
tmap.push("289,289,289,289,289,289,289,289,289,289,289,289,289,289,289,289,289,289,289,289,289,289,289,289,289,289,289,289,289,289,289,330,370,370,370,370,370,370,370,370");

obj.createentity(game, 96, 192, 10, 1, 253500);  // (savepoint)
obj.createentity(game, 163, 32, 12, 168);  // (vertical gravity line)
rcol=3;
break;
