case rn(50,55):
tmap = new Array();
tmap.push("0,0,0,0,0,0,0,0,0,0,0,0,0,0,0,0,0,0,0,0,0,0,0,0,0,0,0,0,0,0,0,0,0,0,0,0,0,0,0,0");
tmap.push("0,0,0,0,0,0,0,0,0,0,0,0,0,0,0,0,0,0,0,0,0,0,0,0,0,0,0,0,0,0,0,0,0,0,0,0,0,0,0,0");
tmap.push("0,0,0,0,0,0,0,0,0,0,0,0,0,0,0,0,0,0,0,0,0,0,0,0,0,0,0,0,0,0,0,0,0,0,0,0,0,0,0,0");
tmap.push("0,0,0,0,0,0,0,0,0,0,0,0,0,0,0,0,0,0,0,0,0,0,0,0,0,0,0,0,0,0,0,0,0,0,0,0,0,0,0,0");
tmap.push("364,364,364,364,364,364,364,364,364,354,314,314,314,314,314,314,314,314,314,314,314,314,314,314,314,314,314,314,314,314,314,314,314,314,314,314,314,355,364,364");
tmap.push("283,283,283,283,283,283,283,283,283,405,66,66,66,66,66,66,66,66,66,66,66,66,66,66,66,66,66,66,66,66,66,66,66,66,66,66,66,443,444,444");
tmap.push("444,444,444,444,444,444,444,444,444,445,0,0,0,0,0,0,0,0,0,0,0,0,0,0,0,0,0,0,0,0,0,0,0,0,0,0,0,0,0,0");
tmap.push("0,0,0,0,0,0,0,0,0,0,0,0,0,0,0,0,0,0,0,0,0,0,0,0,0,0,0,0,0,0,0,0,0,0,0,0,0,0,0,0");
tmap.push("0,0,0,0,0,0,0,0,0,0,0,0,0,0,0,0,0,0,0,0,0,0,0,0,0,0,0,0,0,0,0,0,0,0,0,0,0,0,0,0");
tmap.push("0,0,0,0,0,0,0,0,0,0,0,0,0,0,0,0,0,0,0,0,0,0,0,0,0,0,0,0,0,0,0,0,0,0,0,0,0,0,0,0");
tmap.push("0,0,0,0,0,0,0,0,0,0,0,0,0,0,0,0,0,0,0,0,0,0,0,0,0,0,0,0,0,0,0,0,0,0,0,0,0,0,0,0");
tmap.push("0,0,0,0,0,0,0,0,0,0,0,0,0,0,0,0,0,0,0,0,0,0,0,0,0,0,0,0,0,0,0,0,0,0,0,0,0,0,0,0");
tmap.push("0,0,0,0,0,0,0,0,0,0,0,0,0,0,0,0,0,0,0,0,0,0,0,0,0,0,0,0,0,0,0,0,0,0,0,0,0,0,0,0");
tmap.push("0,0,0,0,0,0,0,0,0,0,0,0,0,0,0,0,0,0,0,0,0,0,0,0,0,0,0,0,0,0,0,0,0,0,0,0,0,0,0,0");
tmap.push("364,364,364,364,364,364,364,364,364,365,0,0,0,0,0,0,0,0,0,0,0,0,0,0,0,0,0,0,0,0,0,0,0,0,0,0,0,0,0,0");
tmap.push("283,283,283,283,283,283,283,283,283,405,0,0,0,0,0,0,0,0,0,0,0,0,0,0,0,0,0,0,0,0,0,0,0,0,0,0,0,0,0,0");
tmap.push("283,283,283,283,283,283,283,283,283,405,0,0,0,0,0,0,0,0,0,0,0,0,0,0,0,0,0,0,0,0,0,0,0,0,0,0,0,0,0,0");
tmap.push("283,283,283,283,283,283,283,283,283,405,0,0,0,0,0,0,0,0,0,0,0,0,0,0,0,0,0,0,0,0,0,0,0,0,0,0,0,0,0,0");
tmap.push("283,283,283,283,283,283,283,283,283,405,0,0,0,0,0,0,0,0,0,0,0,0,0,0,0,0,0,0,0,0,0,0,0,0,0,0,0,0,0,0");
tmap.push("283,283,283,283,283,283,283,283,283,405,0,0,0,0,0,0,0,0,0,0,0,0,0,0,0,0,0,0,0,0,0,0,0,0,0,0,0,0,0,0");
tmap.push("283,283,283,283,283,283,283,283,283,405,0,0,0,0,0,0,0,0,0,0,0,0,0,0,0,0,0,0,0,0,0,0,0,0,0,0,0,0,0,0");
tmap.push("283,283,283,283,283,283,283,283,283,405,0,0,0,0,0,0,0,0,0,0,0,0,0,0,0,0,0,0,0,0,0,0,0,0,0,0,0,0,0,0");
tmap.push("283,283,283,283,283,283,283,283,283,405,0,0,0,0,0,0,0,0,0,0,0,0,0,0,0,0,0,0,0,0,0,0,0,0,0,0,0,0,0,0");
tmap.push("283,283,283,283,283,283,283,283,283,405,0,0,0,0,0,0,0,0,0,0,0,0,0,0,0,0,0,0,0,0,0,0,0,0,0,0,0,0,0,0");
tmap.push("283,283,283,283,283,283,283,283,283,405,0,0,0,0,0,0,0,0,0,0,0,0,0,0,0,0,0,0,0,0,0,0,0,0,0,0,0,0,0,0");
tmap.push("283,283,283,283,283,283,283,283,283,405,65,65,65,65,65,65,65,65,65,65,65,65,65,65,65,65,65,65,65,65,65,65,65,65,65,65,65,363,364,364");
tmap.push("283,283,283,283,283,283,283,283,283,324,364,364,364,364,364,364,364,364,364,364,364,364,364,364,364,364,364,364,364,364,364,364,364,364,364,364,364,325,283,283");
tmap.push("283,283,283,283,283,283,283,283,283,283,283,283,283,283,283,283,283,283,283,283,283,283,283,283,283,283,283,283,283,283,283,283,283,283,283,283,283,283,283,283");
tmap.push("283,283,283,283,283,283,283,283,283,283,283,283,283,283,283,283,283,283,283,283,283,283,283,283,283,283,283,283,283,283,283,283,283,283,283,283,283,283,283,283");

obj.createentity(game, 131, 48, 12, 152);  // (vertical gravity line)
obj.createentity(game, 179, 48, 12, 152);  // (vertical gravity line)
obj.createentity(game, 227, 48, 12, 152);  // (vertical gravity line)
obj.createentity(game, 275, 48, 12, 152);  // (vertical gravity line)
rcol=1;
break;
