case rn(51,53):
tmap = new Array();
tmap.push("286,286,286,286,286,286,286,286,286,286,286,286,286,286,286,286,287,447,447,447,447,447,447,447,447,447,447,447,447,447,447,447,447,447,447,447,447,447,447,447");
tmap.push("286,286,286,286,286,286,286,286,286,286,286,286,286,286,286,286,408,68,68,68,68,68,68,68,68,68,68,68,68,68,68,68,68,68,68,68,68,68,68,68");
tmap.push("286,286,286,286,286,286,286,286,286,286,286,286,286,286,286,286,408,0,0,0,0,0,0,0,0,0,0,0,0,0,0,0,0,0,0,0,0,0,0,0");
tmap.push("286,286,286,286,286,286,286,286,286,286,286,286,286,286,286,286,408,0,0,0,0,0,0,0,0,0,0,0,0,0,0,0,0,0,0,0,0,0,0,0");
tmap.push("286,286,286,286,286,286,286,286,286,286,286,286,286,286,286,286,408,0,0,0,0,0,0,0,0,0,0,0,0,0,0,0,0,0,0,0,0,0,0,0");
tmap.push("286,286,286,286,286,286,286,286,286,286,286,286,286,286,286,286,408,0,0,0,0,0,0,0,0,0,0,0,0,0,0,0,0,0,0,0,0,0,0,0");
tmap.push("286,286,286,286,286,286,286,286,286,286,286,286,286,286,286,286,408,0,0,0,0,0,0,0,0,0,0,0,0,0,0,0,0,0,0,0,0,0,0,0");
tmap.push("286,286,286,286,286,286,286,286,286,286,286,286,286,286,286,286,408,0,0,0,0,0,0,0,0,0,0,0,0,0,0,0,0,0,0,0,0,0,0,0");
tmap.push("286,286,286,286,286,286,286,286,286,286,286,286,286,286,286,286,408,0,0,0,0,0,0,0,0,0,0,0,0,0,0,0,0,0,0,0,0,0,0,0");
tmap.push("286,286,286,286,286,286,286,286,286,286,286,286,286,286,286,286,408,0,0,0,0,0,0,0,0,0,0,0,0,0,0,0,0,0,0,0,0,0,0,0");
tmap.push("286,286,286,286,286,286,286,286,286,286,286,286,286,286,286,286,408,0,0,0,0,0,0,0,0,0,0,0,0,0,0,0,0,0,0,0,0,0,0,0");
tmap.push("286,286,286,286,286,286,286,286,286,286,286,286,286,286,286,286,408,0,0,0,0,0,0,0,0,0,0,0,0,0,0,0,0,0,0,0,0,0,0,0");
tmap.push("286,286,286,286,286,286,286,286,286,286,286,286,286,286,286,286,408,0,0,0,0,0,0,0,0,0,0,0,0,0,0,0,0,0,0,0,0,0,0,0");
tmap.push("447,447,447,447,447,447,447,447,447,447,447,447,447,447,447,447,448,0,0,0,0,0,0,0,0,0,0,0,0,0,0,0,0,0,0,0,0,0,0,0");
tmap.push("0,0,0,0,0,0,0,0,0,0,0,0,0,0,0,0,68,0,0,0,0,0,0,67,0,0,0,0,0,0,0,0,0,0,0,0,0,0,0,0");
tmap.push("0,0,0,0,0,0,0,0,0,0,0,0,0,0,0,0,0,0,0,0,0,0,0,366,367,367,367,367,367,367,367,367,367,367,367,367,367,367,367,367");
tmap.push("0,0,0,0,0,0,0,0,0,0,0,0,0,0,0,0,0,0,0,0,0,0,0,406,286,286,286,286,286,286,286,286,286,286,286,286,286,286,286,286");
tmap.push("0,0,0,0,0,0,0,0,0,0,0,0,0,0,0,0,0,0,0,0,0,0,0,406,286,286,286,286,286,286,286,286,286,286,286,286,286,286,286,286");
tmap.push("0,0,0,0,0,0,0,0,0,0,0,0,0,0,0,0,0,0,0,0,0,0,0,406,286,286,286,286,286,286,286,286,286,286,286,286,286,286,286,286");
tmap.push("0,0,0,0,0,0,0,0,0,0,0,0,0,0,0,0,0,0,0,0,0,0,0,406,286,286,286,286,286,286,286,286,286,286,286,286,286,286,286,286");
tmap.push("0,0,0,0,0,0,0,0,0,0,0,0,0,0,0,0,0,0,0,0,0,0,0,406,286,286,286,286,286,286,286,286,286,286,286,286,286,286,286,286");
tmap.push("0,0,0,0,0,0,0,0,0,0,0,0,0,0,0,0,0,0,0,0,0,0,0,406,286,286,286,286,286,286,286,286,286,286,286,286,286,286,286,286");
tmap.push("0,0,0,0,0,0,0,0,0,0,0,0,0,0,0,0,0,0,0,0,0,0,0,406,286,286,286,286,286,286,286,286,286,286,286,286,286,286,286,286");
tmap.push("0,0,0,0,0,0,0,0,0,0,0,0,0,0,0,0,0,0,0,0,0,0,0,406,286,286,286,286,286,286,286,286,286,286,286,286,286,286,286,286");
tmap.push("0,0,0,0,0,0,0,0,0,0,0,0,0,0,0,0,0,0,0,0,0,0,0,406,286,286,286,286,286,286,286,286,286,286,286,286,286,286,286,286");
tmap.push("0,0,0,0,0,0,0,0,0,0,0,0,0,0,0,0,0,0,0,0,0,0,0,406,286,286,286,286,286,286,286,286,286,286,286,286,286,286,286,286");
tmap.push("0,0,0,0,0,0,0,0,0,0,0,0,0,0,0,0,0,0,0,0,0,0,0,406,286,286,286,286,286,286,286,286,286,286,286,286,286,286,286,286");
tmap.push("67,67,67,67,67,67,67,67,67,67,67,67,67,67,67,67,67,67,67,67,67,67,67,406,286,286,286,286,286,286,286,286,286,286,286,286,286,286,286,286");
tmap.push("367,367,367,367,367,367,367,367,367,367,367,367,367,367,367,367,367,367,367,367,367,367,367,328,286,286,286,286,286,286,286,286,286,286,286,286,286,286,286,286");

obj.createentity(game, 264, 104, 10, 1, 253510);  // (savepoint)
obj.createentity(game, 131, 120, 12, 96);  // (vertical gravity line)
obj.createentity(game, 187, 16, 12, 96);  // (vertical gravity line)
obj.createentity(game, 40, 112, 10, 0, 253511);  // (savepoint)
rcol=2;
break;
