case rn(52,53):
tmap = new Array();
tmap.push("453,453,453,453,453,453,294,414,0,0,0,0,0,0,412,292,292,292,292,292,292,292,292,292,292,292,292,292,292,292,292,292,292,292,292,292,292,292,292,292");
tmap.push("72,72,0,0,0,0,412,414,0,0,0,0,0,0,412,292,292,292,292,292,292,292,292,292,292,292,292,292,292,292,292,292,292,292,292,292,292,292,292,292");
tmap.push("0,0,0,0,0,0,412,414,0,0,0,0,0,0,412,292,292,292,292,292,292,292,292,292,292,292,292,292,292,292,292,292,292,292,292,292,292,292,292,292");
tmap.push("0,0,0,0,0,0,412,414,0,0,0,0,0,0,412,292,292,292,292,292,292,292,292,292,292,292,292,292,292,292,292,292,292,292,292,292,292,292,292,292");
tmap.push("0,0,0,0,0,0,412,414,0,0,0,0,0,0,412,292,292,292,292,292,292,292,292,292,292,292,292,292,292,292,292,292,292,292,292,292,292,292,292,292");
tmap.push("0,0,0,0,0,0,412,414,0,0,0,0,0,0,412,292,292,292,292,292,292,292,292,292,292,292,292,292,292,292,292,292,292,292,292,292,292,292,292,292");
tmap.push("0,0,0,0,0,0,412,414,0,0,0,0,0,0,412,292,292,292,292,292,292,292,292,292,292,292,292,292,292,292,292,292,292,292,292,292,292,292,292,292");
tmap.push("0,0,0,0,0,0,412,414,0,0,0,0,0,0,412,292,292,292,292,292,292,292,292,292,292,292,292,292,292,292,292,292,292,292,292,292,292,292,292,292");
tmap.push("0,0,0,0,0,0,412,414,0,0,0,0,0,0,412,292,292,292,292,292,292,292,292,292,292,292,292,292,292,292,292,292,292,292,292,292,292,292,292,292");
tmap.push("0,0,0,0,0,0,412,414,0,0,0,0,0,0,412,292,292,292,292,292,292,292,292,292,292,292,292,292,292,292,292,292,292,292,292,292,292,292,292,292");
tmap.push("0,0,0,0,0,0,412,414,0,0,0,0,0,0,412,292,292,292,292,292,292,292,292,292,292,292,292,292,292,292,292,292,292,292,292,292,292,292,292,292");
tmap.push("0,0,0,0,0,0,412,414,0,0,0,0,0,0,412,292,292,292,292,292,292,292,292,292,292,292,292,292,292,292,292,292,292,292,292,292,292,292,292,292");
tmap.push("0,0,0,0,0,0,412,414,0,0,0,0,0,0,412,292,292,292,292,292,292,292,292,292,292,292,292,292,292,292,292,292,292,292,292,292,292,292,292,292");
tmap.push("0,0,0,0,0,0,412,414,0,0,0,0,0,0,412,293,453,453,453,294,292,293,453,453,453,294,292,293,453,453,453,294,292,292,292,292,292,292,292,292");
tmap.push("0,0,0,0,0,0,412,414,0,0,0,0,0,0,412,414,72,72,72,412,292,414,72,72,72,412,292,414,72,72,72,412,292,292,292,292,292,292,292,292");
tmap.push("373,374,0,0,0,0,412,414,0,0,0,0,0,0,452,454,0,0,0,452,453,454,0,0,0,452,453,454,0,0,0,452,453,453,453,453,453,453,294,292");
tmap.push("292,414,0,0,0,0,412,414,0,0,0,0,0,0,0,0,0,0,0,0,0,0,0,0,0,0,0,0,0,0,0,0,0,0,0,0,0,0,412,292");
tmap.push("292,414,0,0,0,0,412,414,0,0,0,0,0,0,0,0,0,0,0,0,0,0,0,0,0,0,0,0,0,0,0,0,0,0,0,0,0,0,412,292");
tmap.push("292,414,0,0,0,0,412,414,0,0,0,0,0,0,0,0,0,0,0,0,0,0,0,0,0,0,0,0,0,0,0,0,0,0,0,0,0,0,412,292");
tmap.push("292,414,0,0,0,0,412,414,0,0,0,0,0,0,0,0,0,0,0,0,0,0,0,0,0,0,0,0,0,0,0,0,0,71,71,0,0,0,412,292");
tmap.push("292,414,0,0,0,0,452,454,0,0,0,0,0,0,0,0,0,0,0,0,0,0,0,0,0,0,0,0,0,0,0,0,0,307,309,0,0,0,412,292");
tmap.push("292,414,0,0,0,0,72,72,0,0,0,0,0,0,0,0,0,0,0,0,0,0,0,0,0,0,0,0,0,0,0,0,0,72,72,0,0,0,412,292");
tmap.push("292,414,0,0,0,0,0,0,0,0,0,0,0,0,0,0,0,0,0,0,0,0,0,0,0,0,0,0,0,0,0,0,0,0,0,0,0,0,412,292");
tmap.push("292,414,0,0,0,0,0,0,0,0,0,0,0,0,0,0,0,0,0,0,0,0,0,0,0,0,0,0,0,0,0,0,0,0,0,0,0,0,412,292");
tmap.push("292,414,0,0,0,0,0,0,0,0,0,0,0,0,0,0,0,0,0,0,0,0,0,0,0,0,0,0,0,0,0,0,0,0,0,0,0,0,412,292");
tmap.push("292,333,373,373,373,373,373,373,373,373,373,373,373,374,0,0,0,0,0,372,373,373,373,374,0,0,0,0,0,372,373,373,373,373,373,373,373,373,334,292");
tmap.push("292,292,292,292,292,292,292,292,292,292,292,292,292,414,71,71,71,71,71,412,292,292,292,414,71,71,71,71,71,412,292,292,292,292,292,292,292,292,292,292");
tmap.push("292,292,292,292,292,292,292,292,292,292,292,292,292,333,373,373,373,373,373,334,292,292,292,333,373,373,373,373,373,334,292,292,292,292,292,292,292,292,292,292");
tmap.push("292,292,292,292,292,292,292,292,292,292,292,292,292,292,292,292,292,292,292,292,292,292,292,292,292,292,292,292,292,292,292,292,292,292,292,292,292,292,292,292");

obj.createentity(game, 24, 184, 10, 1, 253520);  // (savepoint)
obj.createentity(game, 64, 164, 11, 200);  // (horizontal gravity line)
rcol=4;
break;
