case rn(54,55):
tmap = new Array();
tmap.push("0,0,0,0,0,0,0,0,0,0,0,0,0,0,0,0,0,0,0,0,0,0,0,0,0,0,0,0,415,295,295,295,295,295,295,295,295,417,412,292");
tmap.push("0,0,0,0,0,0,0,0,0,0,0,0,0,0,0,0,0,0,0,0,0,0,0,0,0,0,0,0,415,295,295,295,295,295,295,295,295,417,412,292");
tmap.push("0,0,0,0,0,0,0,0,0,0,0,0,0,0,0,0,0,0,0,0,0,0,0,0,0,0,0,0,415,295,295,295,295,295,295,296,456,457,412,292");
tmap.push("0,0,0,0,0,0,0,0,0,0,0,0,0,0,0,0,0,0,0,0,0,0,0,0,0,0,0,0,415,295,295,295,295,295,295,417,372,373,334,292");
tmap.push("0,0,0,0,0,0,0,0,0,0,0,0,0,0,0,0,0,0,0,0,0,0,0,0,0,0,0,0,415,295,295,295,295,296,456,457,412,292,292,292");
tmap.push("0,0,0,0,0,0,0,0,0,0,0,0,0,0,0,0,0,0,0,0,0,0,0,0,0,0,0,0,415,295,295,295,295,417,372,373,334,292,292,292");
tmap.push("0,0,0,0,0,0,0,0,0,0,0,0,0,0,0,0,0,0,0,0,0,0,0,0,0,0,0,0,415,295,295,296,456,457,412,292,292,292,292,292");
tmap.push("0,0,0,0,0,0,0,0,0,0,0,0,0,0,0,0,0,0,0,0,0,0,0,0,0,0,0,0,415,295,295,417,372,373,334,292,292,292,292,292");
tmap.push("0,0,0,0,0,0,0,0,0,0,0,0,0,0,0,0,0,0,0,0,0,0,0,0,0,0,0,0,415,296,456,457,412,292,292,292,292,292,292,292");
tmap.push("0,0,0,0,0,0,0,0,0,0,0,0,0,0,0,0,0,0,0,0,0,0,0,0,0,0,0,0,415,417,372,373,334,292,292,292,292,292,292,292");
tmap.push("0,0,0,0,0,0,0,0,0,0,0,0,0,0,0,0,0,0,0,0,0,0,0,0,0,0,0,0,455,457,412,292,292,292,292,292,292,292,292,292");
tmap.push("0,0,0,0,0,0,0,0,0,0,0,0,0,0,0,0,0,0,0,0,0,0,0,0,0,0,0,0,372,373,334,292,292,292,292,292,292,292,292,292");
tmap.push("0,0,0,0,0,0,0,0,0,0,0,0,0,0,0,0,0,0,0,0,0,0,0,0,0,0,0,0,412,292,292,292,292,292,292,292,292,292,292,292");
tmap.push("0,0,0,0,0,0,0,0,0,0,0,0,0,0,0,0,0,0,0,0,0,0,0,0,0,0,0,0,412,292,292,292,292,292,292,292,292,292,292,292");
tmap.push("0,0,0,0,0,0,0,0,0,0,0,0,0,0,0,0,0,0,0,0,0,0,0,0,0,0,0,0,412,292,292,292,292,292,292,292,292,292,292,292");
tmap.push("0,0,0,0,0,0,0,0,0,0,0,0,0,0,0,0,0,0,0,0,0,0,0,0,0,0,372,373,334,292,292,292,292,292,292,292,292,292,292,292");
tmap.push("0,0,0,0,0,0,0,0,0,0,0,0,0,0,0,0,0,0,0,0,0,0,0,0,0,0,412,292,292,292,292,292,292,292,292,292,292,292,292,292");
tmap.push("0,0,0,0,0,0,0,0,0,0,0,0,0,0,0,0,0,0,0,0,0,0,0,0,372,373,334,292,292,292,292,292,292,292,292,292,292,292,292,292");
tmap.push("0,0,0,0,0,0,0,0,0,0,0,0,0,0,0,0,0,0,0,0,0,0,0,0,412,292,292,292,292,292,292,292,292,292,292,292,292,292,292,292");
tmap.push("0,0,0,0,0,0,0,0,0,0,0,360,361,361,361,361,362,0,0,0,0,0,366,368,412,292,292,292,292,292,292,292,292,292,292,292,292,292,292,292");
tmap.push("0,0,0,0,0,0,0,0,0,0,0,400,280,280,280,280,402,0,0,0,0,0,406,408,452,453,453,453,294,292,292,292,292,292,292,292,292,292,292,292");
tmap.push("370,370,370,371,366,367,367,368,363,364,365,440,282,280,280,281,442,363,364,365,366,367,328,408,369,370,370,371,452,453,294,292,292,292,292,292,292,292,292,292");
tmap.push("289,289,289,411,406,286,286,408,403,283,324,365,440,282,281,442,363,325,283,405,406,286,286,408,409,289,289,330,370,371,452,453,294,292,292,292,292,292,292,292");
tmap.push("289,289,289,411,446,288,286,408,443,285,283,324,365,440,442,363,325,283,284,445,406,286,287,448,409,289,289,289,289,330,370,371,452,453,294,292,292,292,292,292");
tmap.push("289,289,289,330,371,446,288,327,368,443,285,283,324,364,364,325,283,284,445,366,328,287,448,369,331,289,289,289,289,289,289,330,370,371,452,453,294,292,292,292");
tmap.push("289,289,289,289,330,371,406,286,327,368,443,444,285,283,283,284,444,445,366,328,286,408,369,331,289,289,289,289,289,289,289,289,289,330,370,371,452,453,294,292");
tmap.push("289,289,289,289,289,411,446,288,286,327,367,368,443,444,444,445,366,367,328,286,287,448,409,289,289,289,289,289,289,289,289,289,289,289,289,330,370,371,452,453");
tmap.push("289,289,289,289,289,330,371,446,447,288,286,327,367,367,367,367,328,286,287,447,448,369,331,289,289,289,289,289,289,289,289,289,289,289,289,289,289,330,370,370");
tmap.push("289,289,289,289,289,289,330,370,371,406,286,286,286,286,286,286,286,286,408,369,370,331,289,289,289,289,289,289,289,289,289,289,289,289,289,289,289,289,289,289");

obj.createentity(game, 104, 128, 9, 0, 0+coin);  // (shiny trinket)
rcol=5;
break;
