case rn(52,49):
tmap = new Array();
tmap.push("86,86,86,86,86,208,0,0,0,0,206,208,0,0,0,0,0,0,0,0,0,0,0,0,0,0,0,0,206,208,0,0,0,0,206,86,86,86,86,86");
tmap.push("86,86,86,86,86,208,0,0,0,0,206,208,0,0,0,0,0,0,0,0,0,0,0,0,0,0,0,0,206,208,0,0,0,0,206,86,86,86,86,86");
tmap.push("86,86,86,86,86,208,0,0,0,0,206,208,0,0,0,0,0,0,0,0,0,0,0,0,0,0,0,0,206,208,0,0,0,0,206,86,86,86,86,86");
tmap.push("86,86,86,86,86,208,0,0,0,0,206,208,0,0,0,0,0,0,0,0,0,0,0,0,0,0,0,0,206,208,0,0,0,0,206,86,86,86,86,86");
tmap.push("86,86,86,86,86,208,0,0,0,0,206,208,0,0,0,0,0,0,0,0,0,0,0,0,0,0,0,0,206,208,0,0,0,0,206,86,86,86,86,86");
tmap.push("86,86,86,86,86,208,0,0,0,0,206,208,0,0,0,0,0,0,0,0,0,0,0,0,0,0,0,0,206,208,0,0,0,0,206,86,86,86,86,86");
tmap.push("247,247,247,247,247,248,0,0,0,0,246,248,0,0,0,0,0,0,0,0,0,0,0,0,0,0,0,0,246,248,0,0,0,0,246,247,247,247,247,247");
tmap.push("7,7,7,7,7,7,0,0,0,0,0,0,0,0,0,0,0,0,0,0,0,0,0,0,0,0,0,0,7,7,0,0,0,0,7,7,7,7,7,7");
tmap.push("6,6,6,6,6,6,0,0,0,0,0,0,0,0,0,0,0,0,0,0,0,0,0,0,0,0,0,0,6,6,0,0,0,0,6,6,6,6,6,6");
tmap.push("167,167,167,167,167,168,0,0,0,0,0,0,0,0,0,0,0,0,0,0,0,0,0,0,0,0,0,0,166,168,0,0,0,0,166,167,167,168,166,167");
tmap.push("86,86,86,86,86,208,0,0,0,0,0,0,0,0,0,0,0,0,0,0,0,0,0,0,0,0,0,0,206,208,0,0,0,0,206,86,86,208,206,86");
tmap.push("86,86,86,86,86,208,166,168,49,50,166,168,166,167,167,167,167,167,167,167,167,167,167,167,167,167,167,168,206,208,0,0,0,0,246,247,247,248,206,86");
tmap.push("247,247,247,247,247,248,246,248,49,50,246,248,246,247,247,247,247,247,247,247,247,247,247,247,247,247,247,248,206,208,0,0,0,0,7,7,7,7,246,247");
tmap.push("0,0,0,0,0,0,0,0,0,0,0,0,0,0,0,0,0,0,0,0,0,0,0,0,0,0,0,0,206,208,0,0,0,0,0,0,0,0,0,0");
tmap.push("0,0,0,0,0,0,0,0,0,0,0,0,0,0,0,0,0,0,0,0,0,0,0,0,0,0,0,0,206,208,0,0,0,0,0,0,0,0,0,0");
tmap.push("0,0,0,0,0,0,0,0,0,0,0,0,0,0,0,0,0,0,0,0,0,0,0,0,0,0,0,0,206,208,0,0,0,0,0,0,0,0,0,0");
tmap.push("0,0,0,0,0,0,0,0,0,0,0,0,0,0,0,0,0,0,0,0,0,0,0,0,0,0,0,0,206,208,0,0,0,0,0,0,0,0,0,0");
tmap.push("167,167,167,167,167,167,167,168,49,50,166,168,166,167,167,167,167,167,167,167,167,167,167,167,167,167,167,168,206,208,0,0,0,0,166,167,167,167,167,167");
tmap.push("247,247,247,247,247,247,247,248,49,50,206,208,246,247,247,247,247,247,247,247,247,247,247,247,247,247,247,248,206,208,0,0,0,0,246,247,247,247,247,247");
tmap.push("0,0,0,0,0,0,0,0,0,0,206,208,0,0,0,0,0,0,0,0,0,0,0,0,0,0,0,0,206,208,0,0,0,0,0,0,0,0,0,0");
tmap.push("0,0,0,0,0,0,0,0,0,0,206,208,0,0,0,0,0,0,0,0,0,0,0,0,0,0,0,0,206,208,0,0,0,0,0,0,0,0,0,0");
tmap.push("0,0,0,0,0,0,0,0,0,0,206,208,0,0,0,0,0,0,0,0,0,0,0,0,0,0,0,0,206,208,0,0,0,0,0,0,0,0,0,0");
tmap.push("0,0,0,0,0,0,0,0,0,0,206,208,0,0,0,0,0,0,0,0,0,0,0,0,0,0,0,0,206,208,0,0,0,0,0,0,0,0,0,0");
tmap.push("6,6,6,6,166,168,0,0,0,0,206,208,0,0,0,0,0,0,0,0,0,0,0,0,0,0,0,0,206,208,0,0,0,0,166,168,6,6,6,6");
tmap.push("167,167,167,168,206,208,0,0,0,0,206,208,0,0,0,0,0,0,0,0,0,0,0,0,0,0,0,0,206,208,0,0,0,0,206,208,166,167,167,167");
tmap.push("247,247,247,248,246,248,0,0,0,0,206,208,0,0,0,0,0,0,0,0,0,0,0,0,0,0,0,0,206,208,0,0,0,0,246,248,246,247,247,247");
tmap.push("167,167,167,167,167,168,0,0,0,0,206,208,0,0,0,0,0,0,0,0,0,0,0,0,0,0,0,0,206,208,0,0,0,0,166,167,167,167,167,167");
tmap.push("86,86,86,86,86,208,0,0,0,0,206,208,0,0,0,0,0,0,0,0,0,0,0,0,0,0,0,0,206,208,0,0,0,0,206,86,86,86,86,86");
tmap.push("86,86,86,86,86,208,0,0,0,0,206,208,0,0,0,0,0,0,0,0,0,0,0,0,0,0,0,0,206,208,0,0,0,0,206,86,86,86,86,86");

obj.createentity(game, 152, 112, 9, 0, 0+coin);  // (shiny trinket)
obj.createentity(game, 248, 16, 1, 0, 10, -24, -24, 344, 256);  // Enemy, bounded
obj.createentity(game, 64, 16, 1, 0, 10, -24, -24, 344, 256);  // Enemy, bounded
obj.createentity(game, 200, 56, 1, 2, 5, -24, -24, 344, 256);  // Enemy, bounded
obj.createentity(game, 152, 56, 1, 2, 5, -24, -24, 344, 256);  // Enemy, bounded
obj.createentity(game, 104, 56, 1, 2, 5, -24, -24, 344, 256);  // Enemy, bounded
obj.createentity(game, 152, 152, 10, 0, 49520);  // (savepoint)
rcol=2;
break;
