tmap.push("12,12,21,10,0,0,0,0,0,0,0,0,0,0,0,0,11,20,21,10,0,20,21,28,28,20,21,28,28,20,12,12,12,12,12,12,12,12,12,12");
tmap.push("12,12,21,10,0,0,0,0,0,0,0,0,0,0,0,0,11,20,21,10,0,20,21,28,28,20,21,28,28,20,12,12,12,12,12,12,12,12,12,12");
tmap.push("12,12,21,10,0,0,0,0,0,0,0,0,0,0,0,0,11,20,21,10,0,20,21,28,28,20,21,28,28,20,12,12,12,12,12,12,12,12,12,12");
tmap.push("12,12,21,10,0,0,0,0,0,0,0,0,0,0,0,0,11,20,21,10,0,20,21,28,28,20,21,28,28,20,13,23,23,23,23,23,23,23,23,23");
tmap.push("12,12,21,10,0,0,0,0,0,0,0,0,0,0,0,0,11,20,21,10,0,20,21,28,28,20,21,28,28,22,24,28,28,0,0,0,0,0,0,0");
tmap.push("12,12,21,10,0,0,0,0,0,0,0,0,0,0,0,0,11,20,21,10,0,20,21,28,28,20,21,28,28,28,28,28,28,0,0,0,0,0,0,0");
tmap.push("12,12,21,10,0,0,0,0,0,0,0,0,0,0,0,0,11,20,21,10,0,20,21,28,28,22,24,28,28,28,28,28,28,0,0,0,0,0,0,0");
tmap.push("12,12,21,10,0,0,0,0,0,0,0,0,0,0,0,0,11,20,21,10,0,20,21,28,28,28,28,28,28,28,28,28,28,0,0,0,0,0,0,0");
tmap.push("12,12,21,10,0,0,0,0,0,0,0,0,0,0,0,0,11,20,21,10,0,22,24,28,28,28,28,28,28,28,28,28,28,0,17,18,18,18,18,18");
tmap.push("12,12,21,10,0,0,0,0,0,0,0,0,0,0,0,0,11,20,21,10,0,28,28,28,28,28,28,28,28,28,28,0,0,0,20,12,12,12,12,12");
tmap.push("12,12,21,10,0,0,0,0,0,0,0,0,0,0,0,0,11,20,21,10,0,28,28,28,28,28,28,28,28,28,28,0,0,0,20,12,12,12,12,12");
tmap.push("12,12,21,10,0,0,0,0,0,0,0,0,0,0,0,0,11,20,21,10,0,28,28,28,28,28,28,28,28,0,0,0,0,0,20,12,12,12,12,12");
tmap.push("23,23,24,0,0,0,0,0,0,0,0,0,0,0,0,0,11,22,24,10,0,28,28,28,28,28,28,28,28,0,0,0,0,0,20,12,12,12,12,12");
tmap.push("0,0,0,0,0,0,0,0,0,0,0,0,0,0,0,0,0,9,9,0,0,28,28,28,28,28,28,28,28,0,0,0,0,0,20,12,12,12,12,12");
tmap.push("0,0,0,0,0,0,0,0,0,0,0,0,0,0,0,0,0,0,0,0,0,28,28,28,28,28,28,28,28,0,0,0,0,0,20,12,12,12,12,12");
tmap.push("0,0,0,0,0,0,0,0,0,0,0,0,0,0,0,0,0,0,0,0,0,0,0,28,28,28,28,0,0,0,0,0,0,0,20,12,12,12,12,12");
tmap.push("0,0,0,0,0,0,0,0,0,0,0,0,0,0,0,0,0,0,0,0,0,0,0,28,28,28,28,0,0,0,0,0,0,0,20,12,12,12,12,12");
tmap.push("0,0,0,0,0,0,0,0,0,0,0,0,0,0,0,0,0,0,0,0,0,0,0,0,0,0,0,0,0,0,0,0,0,0,20,12,12,12,12,12");
tmap.push("18,18,18,18,18,18,18,19,0,0,0,0,0,0,0,0,0,0,0,0,0,0,0,0,0,0,0,0,0,0,0,0,0,0,20,12,12,12,12,12");
tmap.push("12,12,12,12,12,12,12,21,10,0,0,0,0,0,0,0,0,0,0,0,0,0,0,0,0,0,0,0,0,0,0,0,0,0,20,12,12,12,12,12");
tmap.push("23,23,23,23,23,23,23,24,0,0,0,0,0,0,0,0,0,0,0,0,0,0,0,0,0,0,0,0,0,0,0,0,0,0,20,12,12,12,12,12");
tmap.push("0,0,0,0,0,0,0,0,0,0,0,0,0,0,0,0,0,0,0,0,0,0,0,0,0,0,0,0,0,0,0,0,0,0,20,12,12,12,12,12");
tmap.push("0,0,0,0,0,0,0,0,0,0,0,0,0,0,0,0,0,0,0,0,0,0,0,0,0,0,0,0,0,0,0,0,0,0,20,12,12,12,12,12");
tmap.push("0,0,0,0,0,0,0,0,0,0,0,0,0,0,0,0,0,0,0,0,0,0,0,0,0,0,0,0,0,0,0,0,0,0,20,12,12,12,12,12");
tmap.push("0,0,0,0,0,0,0,0,0,0,0,0,0,0,0,0,0,0,0,0,0,0,0,0,0,0,0,0,0,0,0,0,0,0,20,12,12,12,12,12");
tmap.push("0,0,0,0,0,0,0,0,0,0,0,0,0,0,0,0,0,0,0,0,0,0,0,0,0,17,18,19,0,0,0,0,0,0,20,12,12,12,12,12");
tmap.push("18,18,18,18,18,19,10,0,0,0,0,0,0,0,0,0,0,0,0,0,0,0,0,0,0,20,12,21,0,0,0,0,0,0,20,12,12,12,12,12");
tmap.push("12,12,12,12,12,21,10,0,0,0,0,0,0,0,0,0,0,0,0,0,0,0,0,0,0,20,12,21,0,0,0,0,0,0,20,12,12,12,12,12");
tmap.push("12,12,12,12,12,21,10,0,0,0,0,0,0,0,0,0,0,0,0,0,0,0,0,0,0,20,12,21,0,0,0,0,0,0,20,12,12,12,12,12");
tmap.push("12,12,12,12,12,15,18,18,18,18,18,18,18,18,18,18,18,18,18,18,18,18,18,18,18,16,12,21,0,0,0,0,0,0,20,12,12,12,12,12");
tmap.push("12,12,12,12,12,12,12,12,12,12,12,12,12,12,12,12,12,12,12,12,12,12,12,12,12,12,12,21,0,0,0,0,0,0,20,12,12,12,12,12");
tmap.push("12,12,12,12,12,12,13,23,23,23,23,23,23,14,13,23,23,23,23,23,23,23,14,12,12,12,12,21,0,0,0,0,0,0,20,12,12,12,12,12");
tmap.push("12,12,12,12,12,12,21,9,9,9,9,9,9,22,24,9,9,9,9,9,9,9,22,23,23,23,23,24,0,0,0,0,0,0,20,12,12,12,12,12");
tmap.push("12,12,12,12,12,12,21,0,0,0,0,0,0,0,0,0,0,0,0,0,0,0,0,0,0,0,0,0,0,0,0,0,0,0,20,12,12,12,12,12");
tmap.push("12,12,12,12,12,12,21,0,0,0,0,0,0,0,0,0,0,0,0,0,0,0,0,0,0,0,0,0,28,28,0,0,0,0,20,12,12,12,12,12");
tmap.push("12,12,12,12,12,12,21,0,0,0,0,0,0,0,0,0,0,0,0,0,0,0,0,0,0,0,0,0,28,28,0,0,0,0,20,12,12,12,12,12");
tmap.push("12,12,12,12,12,12,21,0,0,0,0,0,0,0,0,0,0,0,0,0,0,0,0,0,0,0,28,28,28,28,0,0,0,0,20,12,12,12,12,12");
tmap.push("12,12,12,12,12,12,21,0,0,0,0,0,0,0,0,0,0,0,0,0,0,0,0,0,0,0,28,28,28,28,0,0,0,0,20,12,12,12,12,12");
tmap.push("12,12,12,12,12,12,21,0,0,0,0,0,0,0,0,0,0,0,0,0,0,0,28,28,28,28,28,28,28,28,0,0,0,0,20,12,12,12,12,12");
tmap.push("12,12,12,12,12,12,21,0,0,0,0,0,0,0,0,0,0,0,0,0,0,0,28,28,28,28,28,28,28,28,0,0,0,0,20,12,12,12,12,12");
tmap.push("12,12,12,12,12,12,21,0,0,0,0,0,0,8,8,0,0,0,0,0,0,0,28,28,28,28,28,6,28,28,0,0,0,0,20,12,12,12,12,12");
tmap.push("12,12,12,12,12,12,21,0,0,0,0,0,0,25,27,0,0,0,0,0,0,0,28,28,28,28,28,26,28,28,0,0,0,0,20,12,12,12,12,12");
tmap.push("12,12,12,12,12,12,21,0,0,0,0,0,0,9,9,0,0,0,0,0,0,0,28,28,28,28,28,7,28,28,0,0,0,0,20,12,12,12,12,12");
tmap.push("12,12,12,12,12,12,21,0,0,0,0,0,0,0,0,0,0,0,0,0,0,0,28,28,28,28,28,28,28,28,0,0,0,0,20,12,12,12,12,12");
tmap.push("12,12,12,12,12,12,21,0,0,0,0,0,0,0,0,0,0,0,0,0,0,0,28,28,28,28,28,28,28,28,0,0,0,0,20,12,12,12,12,12");
tmap.push("12,12,12,12,12,12,21,0,0,0,0,0,0,0,0,0,0,0,0,0,0,0,28,28,28,28,28,28,28,28,0,0,0,0,20,12,12,12,12,12");
tmap.push("12,12,12,12,12,12,21,0,0,0,0,0,0,0,0,0,0,0,0,0,0,0,28,28,28,28,28,28,28,28,0,0,0,0,20,12,12,12,12,12");
tmap.push("12,12,12,12,12,12,21,0,0,0,0,0,0,0,0,0,0,0,0,0,0,0,28,28,28,28,28,28,28,28,0,0,0,0,20,12,12,12,12,12");
tmap.push("12,12,12,12,12,12,21,0,0,0,0,0,0,0,0,0,0,0,0,0,0,28,28,28,28,28,28,28,28,28,0,0,0,0,20,12,12,12,12,12");
tmap.push("12,12,12,12,12,12,21,0,0,0,0,0,0,0,0,0,0,0,0,0,0,28,28,28,28,28,28,28,28,28,0,0,0,0,20,12,12,12,12,12");
tmap.push("12,12,12,12,12,12,21,8,8,8,8,8,8,17,18,18,18,19,8,8,8,6,17,18,18,18,18,19,28,28,0,0,0,0,20,12,12,12,12,12");
tmap.push("12,12,12,12,12,12,15,18,18,18,18,18,18,16,12,12,12,15,18,18,18,18,16,12,12,12,12,21,28,28,0,0,0,0,20,12,12,12,12,12");
tmap.push("12,12,12,12,12,12,12,12,12,12,12,12,12,12,12,12,12,12,12,12,12,12,12,12,12,12,12,21,6,6,0,0,0,0,20,12,12,12,12,12");
tmap.push("12,12,12,12,12,12,12,12,12,12,12,12,12,12,12,12,12,12,12,12,12,12,12,12,12,12,12,15,18,19,0,0,0,0,20,12,12,12,12,12");
tmap.push("12,12,12,12,12,13,23,23,23,23,23,23,23,23,23,23,23,23,23,23,23,23,23,23,14,13,23,23,23,24,0,0,0,0,20,12,12,12,12,12");
tmap.push("12,12,12,12,12,21,10,0,0,0,0,0,0,0,0,0,0,0,0,0,28,28,28,28,20,21,28,28,28,28,0,0,0,0,20,12,12,12,12,12");
tmap.push("12,12,12,12,12,21,10,0,0,0,0,0,0,0,0,0,0,0,0,0,28,28,28,28,20,21,28,28,28,28,0,0,0,0,20,12,12,12,12,12");
tmap.push("12,12,12,12,12,21,10,0,0,0,0,0,0,0,0,0,0,0,0,0,28,28,28,28,22,24,28,28,28,28,0,0,0,0,20,12,12,12,12,12");
tmap.push("12,12,12,12,12,21,10,0,0,0,0,0,0,0,0,0,0,0,0,0,28,28,28,28,28,28,28,28,28,28,0,0,0,0,20,12,12,12,12,12");
tmap.push("12,12,12,12,12,21,10,0,0,0,0,0,0,0,0,0,0,0,0,0,28,28,28,28,28,28,28,28,28,0,0,0,0,0,20,12,12,12,12,12");
tmap.push("12,12,12,12,12,21,10,0,0,0,0,0,0,0,0,0,0,0,0,0,28,28,28,28,28,28,28,28,28,0,0,0,0,0,20,12,12,12,12,12");
tmap.push("12,12,12,12,12,21,10,0,0,0,0,0,0,0,0,0,0,0,28,28,28,28,28,28,28,28,28,28,28,0,0,0,0,0,20,12,12,12,12,12");
tmap.push("12,12,12,12,12,21,10,0,0,0,0,0,0,0,0,0,0,0,28,28,28,28,28,28,28,28,28,28,28,0,0,0,0,0,20,12,12,12,12,12");
tmap.push("12,12,12,12,12,21,10,0,0,0,0,25,27,0,0,0,28,28,28,28,28,28,28,28,28,28,28,0,0,0,0,0,0,0,20,12,12,12,12,12");
tmap.push("12,12,12,12,12,21,10,0,0,0,0,0,0,0,0,0,28,28,28,28,28,28,28,28,28,28,28,0,0,0,0,0,0,0,20,12,12,12,12,12");
tmap.push("12,12,12,12,12,21,10,0,0,0,0,0,0,0,0,0,28,28,28,28,28,28,28,28,28,28,28,0,0,0,0,0,0,0,20,12,12,12,12,12");
tmap.push("12,12,12,12,12,21,10,0,0,0,0,0,0,0,0,0,28,28,28,28,28,0,0,0,0,0,0,0,0,0,0,0,0,0,20,12,12,12,12,12");
tmap.push("12,12,12,12,12,21,10,0,0,0,0,0,0,0,28,28,28,28,28,28,28,0,0,0,0,0,0,0,0,0,0,0,0,0,20,12,12,12,12,12");
tmap.push("12,12,12,12,12,21,10,0,0,0,0,0,0,0,28,28,28,28,28,28,28,0,0,0,0,0,0,0,0,0,0,0,0,0,20,12,12,12,12,12");
tmap.push("12,12,12,12,12,21,10,0,0,0,0,0,0,0,28,28,28,28,28,28,28,0,0,0,17,19,0,0,0,0,0,0,0,0,20,12,12,12,12,12");
tmap.push("12,12,12,12,12,21,10,0,0,0,0,0,0,0,28,28,28,28,28,28,28,0,0,0,20,21,0,0,0,0,0,0,0,0,20,12,12,12,12,12");
tmap.push("12,12,12,12,12,21,10,0,0,0,0,0,0,0,28,28,28,28,28,28,28,0,0,0,20,21,0,0,0,0,0,0,0,0,20,12,12,12,12,12");
tmap.push("12,12,12,12,12,15,18,18,18,18,18,18,18,18,18,18,18,18,18,18,18,18,18,18,16,21,0,0,0,0,0,0,0,0,20,12,12,12,12,12");
tmap.push("12,12,12,12,12,12,12,12,12,12,12,12,12,12,12,12,12,12,12,13,23,23,23,23,23,24,0,0,0,0,0,0,0,0,20,12,12,12,12,12");
tmap.push("12,12,12,12,12,12,12,12,12,12,12,12,12,12,12,12,12,12,13,24,28,0,0,28,0,0,0,0,0,0,0,0,0,0,20,12,12,12,12,12");
tmap.push("12,12,12,12,12,12,12,12,12,12,12,12,12,12,12,12,12,13,24,28,28,0,0,0,0,0,0,0,0,0,0,0,0,0,20,12,12,12,12,12");
tmap.push("12,12,12,12,12,12,12,12,12,12,12,12,12,12,12,12,13,24,28,28,28,28,28,0,0,0,0,0,0,0,0,0,0,0,20,12,12,12,12,12");
tmap.push("12,12,12,12,12,12,12,12,12,12,12,12,12,12,12,13,24,28,28,28,28,28,28,0,0,0,0,0,0,0,0,0,0,0,20,12,12,12,12,12");
tmap.push("12,12,12,12,12,12,12,12,12,12,12,12,12,12,13,24,28,28,28,28,28,28,28,28,28,0,0,0,0,0,0,0,0,0,20,12,12,12,12,12");
tmap.push("12,12,12,12,12,12,12,12,12,12,12,12,12,13,24,28,28,28,28,28,28,28,28,28,28,0,0,0,0,0,0,0,0,0,20,12,12,12,12,12");
tmap.push("12,12,12,12,12,12,12,12,12,12,12,12,13,24,28,28,28,28,28,28,28,17,19,28,28,28,28,0,0,0,0,0,0,0,20,12,12,12,12,12");
tmap.push("12,12,12,12,12,12,12,12,12,12,12,13,24,0,28,28,28,28,28,28,28,20,21,28,28,28,28,0,0,0,0,0,0,0,20,12,12,12,12,12");
tmap.push("12,12,12,12,12,12,12,12,12,12,13,24,0,0,28,28,28,28,28,28,17,16,21,28,28,28,28,0,0,0,0,0,0,0,20,12,12,12,12,12");
tmap.push("12,12,12,12,12,12,12,12,12,13,24,0,0,0,28,28,28,28,28,28,20,12,21,28,28,28,28,0,0,0,0,0,0,0,20,12,12,12,12,12");
tmap.push("12,12,12,12,12,12,12,12,13,24,0,0,0,0,28,28,28,28,28,17,16,12,21,28,28,28,28,0,0,0,0,0,0,0,20,12,12,12,12,12");
tmap.push("12,12,12,12,12,12,12,13,24,0,0,0,0,0,28,28,28,28,28,20,12,12,21,28,28,28,28,0,0,0,0,0,0,0,20,12,12,12,12,12");
tmap.push("12,12,12,12,12,12,13,24,0,0,0,0,0,0,28,28,28,28,17,16,12,12,21,28,28,28,28,0,0,0,0,0,0,0,20,12,12,12,12,12");
tmap.push("12,12,12,12,12,13,24,0,0,0,0,0,28,28,28,28,28,28,20,12,12,12,21,28,28,28,28,0,0,0,0,0,0,0,20,12,12,12,12,12");
tmap.push("12,12,12,12,13,24,0,0,0,0,0,0,28,28,28,28,28,17,16,12,12,12,21,28,28,28,28,0,0,0,0,0,0,0,20,12,12,12,12,12");
tmap.push("12,12,12,13,24,0,0,0,0,0,0,0,28,28,28,28,28,20,12,12,12,12,21,28,28,28,28,0,0,0,0,0,0,0,20,12,12,12,12,12");
tmap.push("12,12,13,24,0,0,0,0,0,0,0,0,28,28,28,28,17,16,12,12,12,12,21,28,28,28,28,0,0,0,0,0,0,0,20,12,12,12,12,12");
tmap.push("23,23,24,0,0,0,0,0,0,0,0,0,28,28,28,28,20,12,12,12,12,12,21,28,28,28,28,0,0,0,0,0,0,0,20,12,12,12,12,12");
tmap.push("0,0,0,0,0,0,0,0,0,0,0,0,28,28,28,17,16,12,12,12,12,12,21,28,28,28,28,0,0,0,0,0,0,0,20,12,12,12,12,12");
tmap.push("0,0,0,0,0,0,0,0,0,0,0,0,28,28,28,20,12,12,12,12,12,12,21,28,28,28,28,0,0,0,0,0,0,0,20,12,12,12,12,12");
tmap.push("0,0,0,0,0,0,0,0,0,0,0,0,28,28,17,16,12,12,12,12,12,12,21,28,28,28,28,0,0,0,0,0,0,0,20,12,12,12,12,12");
tmap.push("0,0,0,0,0,0,0,0,0,0,0,0,28,28,20,12,12,12,12,12,12,12,21,28,28,0,0,0,0,0,0,0,0,0,20,12,12,12,12,12");
tmap.push("18,18,18,18,18,18,18,18,18,18,18,18,18,18,16,12,12,12,12,12,12,12,21,28,28,0,0,0,0,0,0,0,0,0,20,12,12,12,12,12");
tmap.push("12,12,12,12,12,12,12,12,12,12,12,12,12,12,12,12,12,12,12,12,12,12,21,28,28,0,0,0,0,0,0,0,0,0,20,12,12,12,12,12");
tmap.push("12,12,12,12,12,12,12,12,12,12,12,12,12,12,12,12,12,12,12,12,12,12,21,28,28,0,0,0,0,0,0,0,0,0,20,12,12,12,12,12");
tmap.push("12,12,12,12,12,12,12,12,12,12,12,12,12,12,12,12,12,12,12,12,12,12,21,28,28,0,0,0,0,0,0,0,0,0,20,12,12,12,12,12");

obj.createentity(game, 56, 556, 11, 136);  // (horizontal gravity line)
obj.createentity(game, 184, 592, 10, 0, 50500);  // (savepoint)
obj.createentity(game, 184, 644, 11, 88);  // (horizontal gravity line)
obj.createentity(game, 56, 460, 11, 136);  // (horizontal gravity line)
obj.createentity(game, 216, 440, 10, 0, 50501);  // (savepoint)
obj.createentity(game, 104, 508, 11, 168);  // (horizontal gravity line)
obj.createentity(game, 219, 264, 12, 56);  // (vertical gravity line)
obj.createentity(game, 120, 332, 11, 96);  // (horizontal gravity line)
obj.createentity(game, 219, 344, 12, 56);  // (vertical gravity line)
obj.createentity(game, 224, 332, 11, 48);  // (horizontal gravity line)
obj.createentity(game, 56, 212, 11, 144);  // (horizontal gravity line)
obj.createentity(game, 32, 20, 11, 96);  // (horizontal gravity line)
obj.createentity(game, 72, 156, 11, 200);  // (horizontal gravity line)
