12 12 12 12 13 23 23 23 23 23 23 14 12 12 12 12 12 12 12 12 12 12 12 12 12 12 12 12 12 12 12 12 12 12 12 12 12 12 12 12 
12 12 12 12 21 7 7 9 7 7 7 20 12 12 12 12 12 12 12 12 12 12 12 12 12 12 12 12 12 12 12 12 12 12 12 12 12 12 12 12 
12 12 12 12 21 28 28 0 28 28 28 20 13 23 23 23 23 23 23 23 23 23 23 23 23 23 23 23 23 23 23 23 14 12 12 12 12 12 12 12 
12 12 12 12 21 28 28 0 28 28 28 20 21 28 28 28 28 28 28 28 28 28 28 28 28 28 28 28 28 28 28 28 20 12 12 12 12 12 12 12 
12 12 12 12 21 28 28 0 28 28 28 20 21 28 0 0 0 0 0 0 0 0 0 0 0 0 0 0 0 0 0 0 22 14 12 12 12 12 12 12 
12 12 12 12 21 28 28 0 28 28 28 20 21 28 0 28 28 28 28 28 28 28 28 28 28 28 28 28 28 28 28 28 28 20 12 12 12 12 12 12 
12 12 12 12 21 28 28 0 28 28 28 20 21 28 0 28 28 28 28 28 28 28 28 28 28 28 28 28 28 28 28 28 28 22 23 23 23 23 23 23 
23 23 23 23 24 28 28 0 28 28 28 20 21 28 0 28 28 0 0 0 0 0 0 0 0 0 0 0 0 0 0 0 0 28 28 0 28 28 28 28 
28 28 0 28 28 28 28 0 28 28 28 20 21 28 0 28 28 0 28 28 28 28 28 28 28 28 28 28 28 28 28 28 0 28 28 0 28 28 28 28 
28 28 0 28 28 28 28 0 28 28 28 20 21 28 0 28 28 0 28 28 28 28 28 28 28 28 28 28 28 28 28 28 0 28 28 0 28 28 28 28 
28 28 0 28 28 28 28 0 28 28 28 20 21 28 0 28 28 0 28 28 0 0 0 0 0 0 0 0 0 0 28 28 0 28 28 0 28 28 28 28 
28 28 0 28 28 28 28 0 28 28 28 20 21 28 0 28 28 0 28 28 0 28 28 28 28 28 28 28 28 0 28 28 0 28 28 0 28 28 28 28 
28 28 0 28 17 18 18 19 28 28 28 20 21 28 0 28 28 0 28 28 0 28 28 28 28 28 28 28 28 0 28 28 0 28 28 0 28 28 28 28 
28 28 0 28 20 12 12 21 28 28 28 20 21 28 0 28 28 0 28 28 0 28 28 0 0 0 0 28 28 0 28 28 0 28 28 17 18 18 18 18 
28 28 0 28 20 12 12 21 28 28 28 20 21 28 0 28 28 0 28 28 0 28 28 0 28 28 0 28 28 0 28 28 0 28 28 22 14 12 12 12 
28 28 0 28 20 12 12 21 28 28 28 20 21 28 0 28 28 0 28 28 0 28 28 0 28 28 0 28 28 0 28 28 0 28 28 0 20 12 12 12 
28 28 0 28 20 12 12 21 28 28 28 20 21 28 0 28 28 0 28 28 0 28 28 0 0 0 0 28 28 0 28 28 0 28 28 0 22 14 12 12 
28 28 0 28 20 12 12 21 28 28 28 20 21 28 0 28 28 0 28 28 0 28 28 28 28 28 28 28 28 0 28 28 0 28 28 0 28 20 12 12 
28 28 0 28 20 12 12 21 28 28 28 20 21 28 0 28 28 0 28 28 0 28 28 28 28 28 28 28 28 0 28 28 0 28 28 0 28 22 14 12 
28 28 0 28 20 12 12 21 28 28 28 20 21 28 0 28 28 0 28 28 0 0 0 0 0 0 0 0 0 0 28 28 0 28 28 0 28 28 20 12 
28 28 0 28 20 12 12 21 28 28 28 22 24 28 0 28 28 0 28 28 28 28 28 28 28 28 28 28 28 28 28 28 0 28 28 0 28 28 20 12 
18 18 18 18 16 12 12 21 28 28 28 0 28 28 0 28 28 0 28 28 28 28 28 28 28 28 28 28 28 28 28 28 0 28 28 0 28 28 20 12 
12 12 12 12 12 12 12 21 28 28 28 0 28 28 0 28 28 0 0 0 0 0 0 0 0 0 0 0 0 0 0 0 0 28 28 0 28 28 20 12 
12 12 12 12 12 12 12 21 28 28 28 0 28 28 0 28 28 28 28 28 28 28 28 28 28 28 28 28 28 28 28 28 28 28 28 0 28 28 20 12 
12 12 12 12 12 12 12 21 28 28 28 0 28 28 0 28 28 28 28 28 28 28 28 28 28 28 28 28 28 28 28 28 28 28 28 0 28 28 20 12 
12 12 12 12 12 12 12 21 28 28 28 0 28 28 0 0 0 0 0 0 0 0 0 0 0 0 0 0 0 0 0 0 0 0 0 0 28 28 20 12 
12 12 12 12 12 12 12 21 28 28 28 0 28 28 28 28 28 28 28 28 28 28 28 28 28 28 28 28 28 28 28 28 28 28 28 28 28 28 20 12 
12 12 12 12 12 12 12 15 18 18 18 18 18 18 18 18 18 18 18 18 18 18 18 18 18 18 18 18 18 18 18 18 18 18 18 18 18 18 16 12 
12 12 12 12 12 12 12 12 12 12 12 12 12 12 12 12 12 12 12 12 12 12 12 12 12 12 12 12 12 12 12 12 12 12 12 12 12 12 12 12 
1
5 10 10 1
