12 12 12 12 12 12 12 12 12 12 12 12 12 12 12 12 12 12 12 12 12 12 12 12 12 12 12 12 12 12 12 12 12 12 12 12 12 12 12 12 
12 12 12 12 12 12 12 12 12 12 12 12 12 12 12 12 12 12 12 12 12 12 12 12 12 12 12 12 12 12 12 12 12 12 12 12 12 12 12 12 
12 12 12 12 12 12 12 12 12 12 12 12 12 12 12 12 12 12 12 12 12 12 12 12 12 12 12 12 12 12 12 12 12 12 12 12 12 12 12 12 
12 12 12 12 12 12 12 12 12 12 12 12 12 12 12 12 12 12 12 12 12 12 12 12 12 12 12 12 12 12 12 12 12 12 12 12 12 12 12 12 
12 12 12 12 12 12 12 12 12 12 12 12 12 12 12 12 12 12 12 12 12 12 12 12 12 12 12 12 12 12 12 12 12 12 12 12 12 12 12 12 
23 23 23 23 23 23 23 23 23 23 23 23 14 12 12 12 12 12 12 12 12 12 12 12 12 12 12 12 12 12 12 12 12 12 12 12 12 12 12 12 
28 28 28 28 28 28 28 28 28 28 28 28 20 12 12 12 12 12 12 12 12 12 12 12 12 12 12 12 12 12 12 12 12 12 12 12 12 12 12 12 
28 28 28 28 28 28 28 28 28 28 28 28 20 12 12 12 12 12 12 12 12 12 12 12 12 12 12 12 12 12 12 12 12 12 12 12 12 12 12 12 
28 28 28 28 28 28 28 28 28 28 28 28 20 12 12 12 12 12 12 12 12 12 12 12 12 12 12 12 12 12 12 12 12 12 12 12 12 12 12 12 
28 28 28 28 28 28 28 28 28 28 28 28 20 12 12 12 12 12 12 12 12 12 12 12 12 12 12 12 12 12 12 12 12 12 12 12 12 12 12 12 
28 28 28 28 28 28 28 28 28 28 28 28 20 12 12 12 12 12 12 12 12 12 12 12 12 12 12 12 12 12 12 12 12 12 12 12 12 12 12 12 
28 28 28 28 28 28 28 28 28 28 28 28 20 12 12 12 12 12 12 12 12 12 12 12 12 12 12 12 12 12 12 12 12 12 12 12 12 12 12 12 
28 28 28 28 28 28 28 28 28 28 28 28 20 12 12 12 12 12 12 12 12 12 12 12 12 12 12 12 12 12 12 12 12 12 12 12 12 12 12 12 
28 28 28 28 28 28 28 28 28 28 28 28 20 12 12 12 12 12 12 12 12 12 12 12 12 12 12 12 12 12 12 12 12 12 12 12 12 12 12 12 
28 28 28 28 28 28 28 28 28 28 28 28 20 12 12 12 12 12 12 12 12 12 12 12 12 12 12 12 12 12 12 12 12 12 12 12 12 12 12 12 
28 28 28 28 28 28 28 28 28 28 28 28 20 12 12 12 12 12 12 12 12 12 12 12 12 12 12 12 12 12 12 12 12 12 12 12 12 12 12 12 
18 18 18 18 18 18 18 19 28 28 28 28 20 12 12 12 12 12 12 12 12 12 12 12 12 12 12 12 12 12 12 12 12 12 12 12 12 12 12 12 
12 12 12 12 12 12 12 21 28 28 28 28 20 12 12 12 12 12 12 12 12 12 12 12 12 12 12 12 12 12 12 12 12 12 12 12 12 12 12 12 
12 12 12 12 12 12 12 21 28 28 28 28 20 12 12 12 12 12 12 12 12 12 12 12 12 12 12 12 12 12 12 12 12 12 12 12 12 12 12 12 
12 12 12 12 12 12 12 21 28 28 28 28 22 23 23 23 23 23 23 23 23 23 23 23 23 23 23 23 23 23 23 23 23 23 23 23 23 23 23 23 
12 12 12 12 12 12 12 21 28 28 28 28 28 28 0 0 0 0 28 28 28 28 0 0 0 0 28 28 28 28 0 0 0 0 28 28 28 28 0 0 
12 12 12 12 12 12 12 21 28 28 28 28 28 28 0 0 0 0 28 28 28 28 0 0 0 0 28 28 28 28 0 0 0 0 28 28 28 28 0 0 
12 12 12 12 12 12 12 21 28 28 28 28 28 28 0 0 0 0 28 28 28 28 0 0 0 0 28 28 28 28 0 0 0 0 28 28 28 28 0 0 
12 12 12 12 12 12 12 21 28 28 28 28 28 28 0 0 0 0 28 28 28 28 0 0 0 0 28 28 28 28 0 0 0 0 28 28 28 28 0 0 
12 12 12 12 12 12 12 21 28 28 28 28 28 28 0 0 0 0 28 28 28 28 0 0 0 0 28 28 28 28 0 0 0 0 28 28 28 28 0 0 
12 12 12 12 12 12 12 21 28 28 28 28 28 28 0 0 0 0 28 28 28 28 0 0 0 0 28 28 28 28 0 0 0 0 28 28 28 28 0 0 
12 12 12 12 12 12 12 15 18 18 18 18 18 18 18 18 18 18 18 18 18 18 18 18 18 18 18 18 18 18 18 18 18 18 18 18 18 18 18 18 
12 12 12 12 12 12 12 12 12 12 12 12 12 12 12 12 12 12 12 12 12 12 12 12 12 12 12 12 12 12 12 12 12 12 12 12 12 12 12 12 
12 12 12 12 12 12 12 12 12 12 12 12 12 12 12 12 12 12 12 12 12 12 12 12 12 12 12 12 12 12 12 12 12 12 12 12 12 12 12 12 
1
2 14 10 1
