case rn(1,1):
tmap = new Array();
tmap.push("98,98,98,98,98,98,98,98,98,98,98,98,98,98,98,98,98,98,98,98,98,98,98,98,98,98,98,98,98,98,98,98,98,98,98,98,98,98,98,98");
tmap.push("98,98,98,98,98,98,98,98,98,98,98,98,98,98,98,98,98,98,98,98,98,98,98,98,98,98,98,98,98,98,98,98,98,98,98,98,98,98,98,98");
tmap.push("98,98,99,259,259,259,259,259,259,259,259,259,259,259,259,259,259,259,259,259,259,259,259,259,259,259,259,259,259,259,259,259,259,259,259,259,259,100,98,98");
tmap.push("98,98,220,0,0,0,0,0,0,0,0,0,0,0,0,0,0,0,0,0,0,0,0,0,0,0,0,0,0,0,0,0,0,0,0,0,0,218,98,98");
tmap.push("98,98,220,0,0,0,0,0,0,0,0,0,0,0,0,0,0,0,0,0,0,0,0,0,0,0,0,0,0,0,0,0,0,0,0,0,0,218,98,98");
tmap.push("98,98,220,0,0,0,0,0,0,0,0,0,0,0,0,0,0,0,0,0,0,0,0,0,0,0,0,0,0,0,0,0,0,0,0,0,0,218,98,98");
tmap.push("98,98,220,0,0,0,0,0,0,0,0,0,0,0,0,0,0,0,0,0,0,0,0,0,0,0,0,0,0,0,0,0,0,0,0,0,0,218,98,98");
tmap.push("98,98,220,0,0,0,0,0,0,0,0,0,0,0,0,0,0,0,0,0,0,0,0,0,0,0,0,0,0,0,0,0,0,0,0,0,0,218,98,98");
tmap.push("98,98,220,0,0,0,0,0,0,0,0,0,0,0,0,0,0,0,0,0,0,0,0,0,0,0,0,0,0,0,0,0,0,0,0,0,0,218,98,98");
tmap.push("98,98,220,0,0,0,0,0,0,0,0,0,0,0,0,0,0,0,0,0,0,0,0,0,0,0,0,0,0,0,0,0,0,0,0,0,0,218,98,98");
tmap.push("98,98,220,0,0,0,0,0,0,0,0,0,0,0,0,0,0,0,0,0,0,0,0,0,0,0,0,0,0,0,0,0,0,0,0,0,0,218,98,98");
tmap.push("98,98,220,0,0,0,0,0,0,0,0,0,0,0,0,0,0,0,0,0,0,0,0,0,0,0,0,0,0,0,0,0,0,0,0,0,0,218,98,98");
tmap.push("98,98,220,0,0,0,0,0,0,0,0,0,0,0,0,0,0,0,0,0,0,0,0,0,0,0,0,0,0,0,0,0,0,0,0,0,0,218,98,98");
tmap.push("98,98,220,0,0,0,0,0,0,0,0,0,0,0,0,0,0,0,0,0,0,0,0,0,0,0,0,0,0,0,0,0,0,0,0,0,0,218,98,98");
tmap.push("98,98,220,0,0,0,0,0,0,0,0,0,0,0,0,0,0,0,0,178,179,180,0,0,0,0,0,0,0,0,0,0,0,0,0,0,0,218,98,98");
tmap.push("98,98,220,0,0,0,0,0,0,0,0,0,0,0,0,0,0,0,0,258,259,260,0,0,0,0,0,0,0,0,0,0,0,0,0,0,0,218,98,98");
tmap.push("98,98,220,0,0,0,0,0,0,0,0,0,0,0,0,0,0,0,0,0,0,0,0,0,0,0,0,0,0,0,0,0,0,0,0,0,0,218,98,98");
tmap.push("98,98,220,0,0,0,0,0,0,0,0,0,0,0,0,0,0,0,0,0,0,0,0,0,0,0,0,0,0,0,0,0,0,0,0,0,0,218,98,98");
tmap.push("98,98,220,0,0,0,0,0,0,0,0,0,0,0,0,0,0,0,0,0,0,0,0,0,0,0,0,0,0,0,0,0,0,0,0,0,0,218,98,98");
tmap.push("98,98,220,0,0,0,0,0,0,0,0,0,0,0,0,0,0,0,0,0,0,0,0,0,0,0,0,0,0,0,0,0,0,0,0,0,0,218,98,98");
tmap.push("98,98,220,0,0,0,0,0,0,0,0,0,0,0,0,0,0,0,0,0,0,0,0,0,0,0,0,0,0,0,0,0,0,0,0,0,0,218,98,98");
tmap.push("98,98,220,0,0,0,0,0,0,0,0,0,0,0,0,0,0,0,0,0,0,0,0,0,0,0,0,0,0,0,0,0,0,0,0,0,0,218,98,98");
tmap.push("98,98,220,0,0,0,0,0,0,0,0,0,0,0,0,0,0,0,0,0,0,0,0,0,0,0,0,0,0,0,0,0,0,0,0,0,0,218,98,98");
tmap.push("98,98,220,0,0,0,0,0,0,0,0,0,0,0,0,0,0,0,0,0,0,0,0,0,0,0,0,0,0,0,0,0,0,0,0,0,0,218,98,98");
tmap.push("98,98,220,0,0,0,0,0,0,0,0,0,0,0,0,0,0,0,0,0,0,0,0,0,0,0,0,0,0,0,0,0,0,0,0,0,0,218,98,98");
tmap.push("98,98,220,0,0,0,0,0,0,0,0,0,0,0,0,0,0,0,0,0,0,0,0,0,0,0,0,0,0,0,0,0,0,0,0,0,0,218,98,98");
tmap.push("98,98,139,179,179,179,179,179,179,179,179,179,179,179,179,179,179,179,179,179,179,179,179,179,179,179,179,179,179,179,179,179,179,179,179,179,179,140,98,98");
tmap.push("98,98,98,98,98,98,98,98,98,98,98,98,98,98,98,98,98,98,98,98,98,98,98,98,98,98,98,98,98,98,98,98,98,98,98,98,98,98,98,98");
tmap.push("98,98,98,98,98,98,98,98,98,98,98,98,98,98,98,98,98,98,98,98,98,98,98,98,98,98,98,98,98,98,98,98,98,98,98,98,98,98,98,98");

obj.createentity(game, 48, 56, 2, 3, 1, 40, 32, 280, 200);  // Platform, bounded
obj.createentity(game, 48, 96, 2, 3, 4, 40, 32, 280, 200);  // Platform, bounded
obj.createentity(game, 48, 136, 2, 3, 3, 40, 32, 280, 200);  // Platform, bounded
obj.createentity(game, 240, 176, 2, 2, 2, 40, 32, 280, 200);  // Platform, bounded
break;
