case rn(50,50):
tmap = new Array();
tmap.push("120,120,120,120,120,120,120,120,120,120,120,120,120,200,80,202,0,0,0,0,0,0,0,0,200,80,202,120,120,120,120,120,120,120,120,120,120,120,120,120");
tmap.push("120,120,120,120,120,120,120,120,120,120,120,120,120,200,80,202,0,0,0,0,0,0,0,0,200,80,202,120,120,120,120,120,120,120,120,120,120,120,120,120");
tmap.push("120,120,120,120,120,120,120,120,120,120,120,120,120,200,80,202,0,0,0,0,0,0,0,0,200,80,202,120,120,120,120,120,120,120,120,120,120,120,120,120");
tmap.push("161,161,161,161,161,161,161,161,161,161,161,161,161,122,80,202,0,0,0,0,0,0,0,0,200,80,202,120,120,120,120,120,120,120,120,120,120,120,120,120");
tmap.push("80,80,80,80,80,80,80,80,80,80,80,80,80,80,80,202,0,0,0,0,0,0,0,0,200,80,202,120,120,120,120,120,120,120,120,120,120,120,120,120");
tmap.push("241,241,241,241,241,241,241,241,241,241,241,241,241,241,241,242,0,0,0,0,0,0,0,0,200,80,202,120,120,120,120,120,120,120,120,120,120,120,120,120");
tmap.push("0,0,0,0,0,0,0,0,0,0,0,0,0,0,0,0,0,0,0,0,0,0,0,0,200,80,202,120,120,120,120,120,120,120,120,120,120,120,120,120");
tmap.push("0,0,0,0,0,0,0,0,0,0,0,0,0,0,0,0,0,0,0,0,0,0,0,0,200,80,202,120,120,120,120,120,120,120,120,120,120,120,120,120");
tmap.push("0,0,0,0,0,0,0,0,0,0,0,0,0,0,0,0,0,0,0,0,0,0,0,0,200,80,202,120,120,120,120,120,120,120,120,120,120,120,120,120");
tmap.push("0,0,0,0,0,0,0,0,0,0,0,0,0,0,0,0,0,0,0,0,0,0,0,0,200,80,202,120,120,120,120,120,120,120,120,120,120,120,120,120");
tmap.push("0,0,0,0,0,0,0,0,0,0,0,0,0,0,0,0,0,0,0,0,0,0,0,0,200,80,202,120,120,120,120,120,120,120,120,120,120,120,120,120");
tmap.push("0,0,0,0,0,0,0,0,0,0,0,0,0,0,0,0,0,0,0,0,0,0,0,0,200,80,202,120,120,120,120,120,120,120,120,120,120,120,120,120");
tmap.push("161,161,161,161,161,161,161,161,161,161,161,161,161,161,161,162,160,161,161,161,161,161,161,162,200,80,202,120,120,120,120,120,120,120,120,120,120,120,120,120");
tmap.push("80,80,80,80,80,80,80,80,80,80,80,80,80,80,80,202,200,80,80,80,80,80,80,202,200,80,202,120,120,120,120,120,120,120,120,120,120,120,120,120");
tmap.push("241,241,241,241,241,241,241,241,241,241,241,241,241,82,80,202,200,80,80,80,80,80,80,202,200,80,121,161,161,161,161,161,161,161,161,161,161,161,161,161");
tmap.push("120,120,120,120,120,120,120,120,120,120,120,120,120,200,80,202,200,80,80,80,80,80,80,202,200,80,80,80,80,80,80,80,80,80,80,80,80,80,80,80");
tmap.push("120,120,120,120,120,120,120,120,120,120,120,120,120,200,80,202,240,241,241,241,241,241,241,242,240,241,241,241,241,241,241,241,241,241,241,241,241,241,241,241");
tmap.push("120,120,120,120,120,120,120,120,120,120,120,120,120,200,80,202,0,0,0,0,0,0,0,0,0,0,0,0,0,0,0,0,0,0,0,0,0,0,0,0");
tmap.push("120,120,120,120,120,120,120,120,120,120,120,120,120,200,80,202,0,0,0,0,0,0,0,0,0,0,0,0,0,0,0,0,0,0,0,0,0,0,0,0");
tmap.push("120,120,120,120,120,120,120,120,120,120,120,120,120,200,80,202,0,0,0,0,0,0,0,0,0,0,0,0,0,0,0,0,0,0,0,0,0,0,0,0");
tmap.push("120,120,120,120,120,120,120,120,120,120,120,120,120,200,80,202,0,0,0,0,0,0,0,0,0,0,0,0,0,0,0,0,0,0,0,0,0,0,0,0");
tmap.push("120,120,120,120,120,120,120,120,120,120,120,120,120,200,80,202,0,0,0,0,0,0,0,0,0,0,0,0,0,0,0,0,0,0,0,0,0,0,0,0");
tmap.push("120,120,120,120,120,120,120,120,120,120,120,120,120,200,80,202,0,0,0,0,0,0,0,0,0,0,0,0,0,0,0,0,0,0,0,0,0,0,0,0");
tmap.push("120,120,120,120,120,120,120,120,120,120,120,120,120,200,80,202,0,0,0,0,0,0,0,0,160,161,161,161,161,161,161,161,161,161,161,161,161,161,161,161");
tmap.push("120,120,120,120,120,120,120,120,120,120,120,120,120,200,80,202,0,0,0,0,0,0,0,0,200,80,80,80,80,80,80,80,80,80,80,80,80,80,80,80");
tmap.push("120,120,120,120,120,120,120,120,120,120,120,120,120,200,80,202,0,0,0,0,0,0,0,0,200,80,81,241,241,241,241,241,241,241,241,241,241,241,241,241");
tmap.push("120,120,120,120,120,120,120,120,120,120,120,120,120,200,80,202,0,0,0,0,0,0,0,0,200,80,202,120,120,120,120,120,120,120,120,120,120,120,120,120");
tmap.push("120,120,120,120,120,120,120,120,120,120,120,120,120,200,80,202,0,0,0,0,0,0,0,0,200,80,202,120,120,120,120,120,120,120,120,120,120,120,120,120");
tmap.push("120,120,120,120,120,120,120,120,120,120,120,120,120,200,80,202,0,0,0,0,0,0,0,0,200,80,202,120,120,120,120,120,120,120,120,120,120,120,120,120");

obj.createentity(game, 288, 168, 10, 1, 50500);  // (savepoint)
rcol=0;
break;
