case rn(55,51):
tmap = new Array();
tmap.push("83,83,83,205,0,0,0,0,203,205,0,0,0,0,203,205,0,0,0,0,203,205,0,0,0,0,203,205,0,0,0,0,203,205,0,0,0,0,203,83");
tmap.push("244,244,244,245,0,0,0,0,203,205,0,0,0,0,203,205,0,0,0,0,203,205,0,0,0,0,243,245,0,0,0,0,243,245,0,0,0,0,203,83");
tmap.push("0,0,0,0,0,0,0,0,203,205,0,0,0,0,203,205,0,0,0,0,203,205,0,0,0,0,0,0,0,0,0,0,0,0,0,0,0,0,203,83");
tmap.push("0,0,0,0,0,0,0,0,203,205,0,0,0,0,203,205,0,0,0,0,203,205,0,0,0,0,0,0,0,0,0,0,0,0,0,0,0,0,203,83");
tmap.push("0,0,0,0,0,0,0,0,203,205,0,0,0,0,203,205,0,0,0,0,203,205,0,0,0,0,0,0,0,0,0,0,0,0,0,0,0,0,203,83");
tmap.push("0,0,0,0,0,0,0,0,203,205,0,0,0,0,243,245,0,0,0,0,243,245,0,0,0,0,0,0,0,0,0,0,0,0,0,0,0,0,203,83");
tmap.push("164,164,164,165,0,0,0,0,203,205,0,0,0,0,163,164,165,163,164,164,164,164,164,164,164,164,164,164,164,164,165,163,164,165,0,0,0,0,203,83");
tmap.push("83,83,83,205,0,0,0,0,243,245,0,0,0,0,203,83,205,203,83,83,83,83,83,83,83,83,83,83,83,83,205,203,83,205,0,0,0,0,203,83");
tmap.push("83,83,83,205,0,0,0,0,0,0,0,0,0,0,243,244,245,243,244,244,244,244,244,244,244,244,244,244,244,244,245,243,244,245,0,0,0,0,203,83");
tmap.push("83,83,83,205,0,0,0,0,0,0,0,0,0,0,163,164,164,164,164,164,164,164,164,165,7,7,7,7,7,7,7,7,163,165,0,0,0,0,203,83");
tmap.push("83,83,83,205,0,0,0,0,0,0,0,0,0,0,243,244,244,244,244,244,244,244,244,245,0,0,0,0,0,0,0,0,243,245,0,0,0,0,203,83");
tmap.push("83,83,83,205,0,0,0,0,0,0,0,0,0,0,0,0,0,0,0,0,0,0,0,0,0,0,0,0,0,0,0,0,0,0,0,0,0,0,203,83");
tmap.push("83,83,83,205,0,0,0,0,0,0,0,0,0,0,0,0,0,0,0,0,0,0,0,0,0,0,0,0,0,0,0,0,0,0,0,0,0,0,203,83");
tmap.push("83,83,83,205,0,0,0,0,0,0,0,0,0,0,0,0,0,0,0,0,0,0,0,0,0,0,0,0,0,0,0,0,0,0,0,0,0,0,203,83");
tmap.push("83,83,83,205,0,0,0,0,163,165,0,0,0,0,0,0,0,0,0,0,0,0,0,0,0,0,0,0,0,0,0,0,0,0,0,0,0,0,203,83");
tmap.push("83,83,83,205,0,0,0,0,203,205,0,0,0,0,0,0,0,0,0,0,0,0,0,0,0,0,0,0,0,0,0,0,0,0,0,0,0,0,203,83");
tmap.push("83,83,83,205,0,0,0,0,203,205,0,0,0,0,0,0,0,0,0,0,0,0,0,0,0,0,0,0,0,0,0,0,0,0,0,0,0,0,203,83");
tmap.push("83,83,83,205,0,0,0,0,203,205,0,0,0,0,0,0,0,0,0,0,0,0,0,0,0,0,0,0,0,0,0,0,0,0,0,0,0,0,203,83");
tmap.push("83,83,83,205,0,0,0,0,203,205,0,0,0,0,163,165,0,0,0,0,0,0,0,0,163,164,164,164,164,164,164,164,164,165,0,0,0,0,203,83");
tmap.push("83,83,83,205,0,0,0,0,203,205,0,0,0,0,243,245,6,6,6,6,6,6,6,6,243,244,244,244,244,244,244,244,244,245,0,0,0,0,203,83");
tmap.push("83,83,83,205,0,0,0,0,203,205,0,0,0,0,163,164,165,163,164,164,164,164,164,164,164,164,164,164,164,164,165,163,164,165,0,0,0,0,203,83");
tmap.push("83,83,83,205,0,0,0,0,203,205,0,0,0,0,203,83,205,203,83,83,83,83,83,83,83,83,83,83,83,83,205,203,83,205,0,0,0,0,203,83");
tmap.push("83,83,83,205,0,0,0,0,203,205,0,0,0,0,243,244,245,243,244,244,244,244,244,244,244,244,244,244,244,244,245,243,244,245,0,0,0,0,203,83");
tmap.push("83,83,83,205,0,0,0,0,203,205,0,0,0,0,163,165,0,0,0,0,0,0,0,0,0,0,0,0,0,0,0,0,163,165,0,0,0,0,203,83");
tmap.push("83,83,83,205,0,0,0,0,203,205,0,0,0,0,203,205,0,0,0,0,0,0,0,0,0,0,0,0,0,0,0,0,203,205,0,0,0,0,203,83");
tmap.push("83,83,83,205,0,0,0,0,203,205,0,0,0,0,203,205,0,0,0,0,0,0,0,0,0,0,0,0,0,0,0,0,203,205,0,0,0,0,203,83");
tmap.push("83,83,83,205,0,0,0,0,203,205,0,0,0,0,203,205,0,0,0,0,0,0,0,0,0,0,0,0,0,0,0,0,203,205,0,0,0,0,203,83");
tmap.push("83,83,83,205,0,0,0,0,203,205,0,0,0,0,203,205,0,0,0,0,163,165,0,0,0,0,163,165,0,0,0,0,203,205,0,0,0,0,203,83");
tmap.push("83,83,83,205,0,0,0,0,203,205,0,0,0,0,203,205,0,0,0,0,203,205,0,0,0,0,203,205,0,0,0,0,203,205,0,0,0,0,203,83");

obj.createentity(game, 280, 24, 1, 2, 4, 128, 16, 304, 216);  // Enemy, bounded
obj.createentity(game, 136, 192, 1, 3, 4, 128, 16, 304, 216);  // Enemy, bounded
obj.createentity(game, 40, 8, 1, 0, 10, 24, -56, 120, 280);  // Enemy, bounded
obj.createentity(game, 88, 8, 1, 0, 10, 24, -40, 120, 272);  // Enemy, bounded
obj.createentity(game, 256, 128, 10, 1, 51550);  // (savepoint)
obj.createentity(game, 136, 32, 10, 1, 51551);  // (savepoint)
rcol=1;
break;
