tmap.push("12,12,12,12,12,12,12,12,12,12,12,12,12,12,12,12,12,12,12,12,12,12,12,12,12,12,12,12,12,12,12,12,12,12,12,12,12,12,12,12");
tmap.push("12,12,12,12,12,12,12,12,12,12,12,12,12,12,12,12,12,12,12,12,12,12,12,12,12,12,12,12,12,12,12,12,12,12,12,12,12,12,12,12");
tmap.push("12,12,12,12,12,12,12,12,12,12,12,12,12,12,12,12,12,12,12,12,12,12,12,12,12,12,12,12,12,12,12,12,12,12,12,12,12,12,12,12");
tmap.push("12,12,12,12,12,12,12,12,12,12,12,12,12,12,12,12,12,12,12,12,12,12,12,12,12,12,12,12,12,12,12,12,12,12,12,12,12,12,12,12");
tmap.push("12,12,12,12,12,12,12,12,12,12,12,12,12,12,12,12,12,12,12,12,12,12,12,12,12,12,12,12,12,12,12,12,12,12,12,12,12,12,12,12");
tmap.push("12,12,12,12,12,12,12,12,12,12,12,12,12,12,12,12,12,12,12,12,12,12,12,12,12,12,12,12,12,12,12,12,12,12,12,12,12,12,12,12");
tmap.push("12,12,12,12,12,12,12,12,12,12,12,12,12,12,12,12,12,12,12,12,12,12,12,12,12,12,12,12,12,12,12,12,12,12,12,12,12,12,12,12");
tmap.push("12,12,12,12,12,12,12,12,12,12,12,12,12,12,12,12,12,12,12,12,12,12,12,12,12,12,13,23,23,23,14,12,12,12,12,12,12,12,12,12");
tmap.push("12,12,12,12,12,12,12,12,12,12,12,12,12,12,12,12,12,12,12,12,12,12,12,12,13,23,24,28,28,28,22,14,12,12,12,12,12,12,12,12");
tmap.push("12,12,12,12,12,12,12,12,12,12,12,12,12,12,12,12,12,12,12,12,12,12,13,23,24,28,28,28,28,28,28,22,14,12,12,12,12,12,12,12");
tmap.push("12,12,12,12,12,12,12,12,12,12,12,12,12,12,12,12,12,12,12,12,13,23,24,28,28,28,28,28,28,28,28,28,22,14,12,12,12,12,12,12");
tmap.push("12,12,12,12,12,12,12,12,12,12,12,12,12,12,12,12,12,12,13,23,24,28,28,28,28,28,28,28,28,28,28,28,28,22,14,12,12,12,12,12");
tmap.push("23,23,23,23,23,23,23,23,23,23,23,23,23,23,23,23,23,23,24,28,28,28,28,28,28,28,28,28,28,28,28,28,28,28,20,12,12,12,12,12");
tmap.push("28,28,28,28,28,28,28,28,28,28,28,28,28,28,28,28,28,28,28,28,28,28,28,28,28,28,28,28,28,28,28,28,28,28,20,12,12,12,12,12");
tmap.push("28,28,28,28,28,28,28,28,28,28,28,28,28,28,28,28,28,28,28,28,28,28,28,28,28,28,28,28,28,28,28,28,28,28,20,12,12,12,12,12");
tmap.push("28,28,28,28,28,28,28,28,28,28,28,28,28,28,28,28,28,28,28,28,28,28,28,28,28,28,28,28,28,28,28,28,28,28,20,12,12,12,12,12");
tmap.push("28,28,28,28,28,28,28,28,28,28,28,28,28,28,28,28,28,28,28,28,28,28,28,28,28,28,28,28,28,28,28,28,28,28,20,12,12,12,12,12");
tmap.push("28,28,28,28,28,28,28,28,28,28,28,28,28,28,28,28,28,28,28,28,28,28,28,28,28,28,28,28,28,28,28,28,28,28,20,12,12,12,12,12");
tmap.push("28,28,28,28,28,28,28,28,28,28,28,28,28,28,28,28,28,28,28,28,28,28,28,28,28,28,28,28,28,28,28,28,28,28,20,12,12,12,12,12");
tmap.push("28,28,28,28,28,28,28,28,28,28,28,28,28,28,28,28,28,28,28,28,28,28,28,28,28,28,28,28,28,28,28,28,28,28,20,12,12,12,12,12");
tmap.push("6,6,6,6,6,6,6,6,28,28,28,28,28,28,28,28,28,28,28,28,6,6,6,6,6,28,28,28,28,28,28,28,28,28,20,12,12,12,12,12");
tmap.push("18,18,18,18,18,18,18,19,28,28,28,28,28,28,28,28,28,28,28,28,17,18,18,18,19,28,28,28,28,28,28,28,28,28,20,12,12,12,12,12");
tmap.push("12,12,12,12,12,12,12,15,19,28,28,28,28,28,28,28,28,28,17,18,16,12,12,12,15,19,28,28,28,28,28,28,28,28,20,12,12,12,12,12");
tmap.push("12,12,12,12,12,12,12,12,15,19,28,28,28,28,28,28,17,18,16,12,12,12,12,12,12,15,19,28,28,28,28,28,28,28,20,12,12,12,12,12");
tmap.push("12,12,12,12,12,12,12,12,12,15,19,28,28,28,17,18,16,12,12,12,12,12,12,12,12,12,15,19,28,28,28,28,28,28,20,12,12,12,12,12");
tmap.push("12,12,12,12,12,12,12,12,12,12,15,18,18,18,16,12,12,12,12,12,12,12,12,12,12,12,12,15,19,28,28,28,28,28,20,12,12,12,12,12");
tmap.push("12,12,12,12,12,12,12,12,12,12,12,12,12,12,12,12,12,12,12,12,12,12,12,12,12,12,12,12,15,19,28,28,28,28,20,12,12,12,12,12");
tmap.push("12,12,12,12,12,12,12,12,12,12,12,12,12,12,12,12,12,12,12,12,12,12,12,12,12,12,12,12,12,21,28,28,28,28,20,12,12,12,12,12");
tmap.push("12,12,12,12,12,12,12,12,12,12,12,12,12,12,12,12,12,12,12,12,12,12,12,12,12,12,12,12,12,21,28,28,28,28,22,14,12,12,12,12");
tmap.push("12,12,12,12,12,12,12,12,12,12,12,12,12,12,12,12,12,12,12,12,12,12,12,12,12,12,12,13,23,24,28,28,28,28,28,22,14,12,12,12");
tmap.push("12,12,13,23,23,23,23,23,23,23,23,14,12,12,12,12,12,12,12,12,12,12,12,12,12,13,23,24,7,7,28,28,28,28,28,28,20,12,12,12");
tmap.push("12,12,21,28,28,28,28,28,28,28,28,20,12,12,12,12,12,12,12,12,12,12,12,13,23,24,7,7,28,28,28,28,28,28,28,28,20,12,12,12");
tmap.push("12,12,21,28,28,28,28,28,28,28,28,20,12,12,12,12,12,12,12,12,12,13,23,24,7,7,28,28,28,28,28,28,28,28,28,28,20,12,12,12");
tmap.push("12,12,21,28,28,28,28,28,28,28,28,20,12,12,12,12,12,12,12,13,23,24,7,7,28,28,28,28,28,28,28,28,28,28,28,28,20,12,12,12");
tmap.push("12,12,21,28,28,28,28,28,28,28,28,20,12,12,12,12,12,13,23,24,7,7,28,28,28,28,28,28,28,28,28,28,28,28,28,28,20,12,12,12");
tmap.push("12,12,21,28,28,28,28,28,28,28,28,20,12,12,12,13,23,24,7,7,28,28,28,28,28,28,28,28,28,28,28,28,28,28,17,18,16,12,12,12");
tmap.push("12,12,21,28,28,28,17,19,28,28,28,22,23,23,23,24,7,7,28,28,28,28,28,28,28,28,28,28,28,28,28,28,17,18,16,12,12,12,12,12");
tmap.push("12,12,21,28,28,28,20,21,28,28,28,7,7,7,7,7,28,28,28,28,28,28,28,28,28,28,28,28,28,28,17,18,16,12,12,12,12,12,12,12");
tmap.push("12,12,21,28,28,28,20,21,28,28,28,28,28,28,28,28,28,28,28,28,28,28,28,28,28,28,28,28,17,18,16,12,12,12,12,12,12,12,12,12");
tmap.push("12,12,21,28,28,28,20,21,28,28,28,28,28,28,28,28,28,28,28,28,28,28,28,28,28,28,17,18,16,12,12,12,12,12,12,12,12,12,12,12");
tmap.push("12,12,21,28,28,28,20,21,28,28,28,28,28,28,28,28,28,28,28,28,28,28,28,28,17,18,16,12,12,12,12,12,12,12,12,12,12,12,12,12");
tmap.push("12,12,21,28,28,28,20,21,28,28,28,28,28,28,28,28,28,28,28,28,28,28,17,18,16,12,12,12,12,13,23,23,23,23,14,12,12,12,12,12");
tmap.push("12,12,21,28,28,28,20,21,28,28,28,28,28,28,28,28,28,28,28,28,17,18,16,12,12,12,12,13,23,24,7,7,7,7,20,12,12,12,12,12");
tmap.push("12,12,21,28,28,28,20,15,18,18,18,18,18,18,18,18,18,18,18,18,16,12,12,12,12,13,23,24,28,28,28,28,28,28,20,12,12,12,12,12");
tmap.push("12,12,21,28,28,28,20,12,12,12,12,12,12,12,12,12,12,12,12,12,12,12,12,13,23,24,28,28,28,28,28,28,28,28,20,12,12,12,12,12");
tmap.push("12,12,21,28,28,28,20,12,12,12,12,12,12,12,12,12,12,12,12,12,12,13,23,24,28,28,28,28,28,28,28,28,28,28,20,12,12,12,12,12");
tmap.push("12,12,21,28,28,28,22,23,23,23,23,23,23,23,23,23,23,23,23,23,23,24,28,28,28,28,28,28,28,28,28,28,28,28,20,12,12,12,12,12");
tmap.push("12,12,21,28,28,28,28,28,28,28,28,28,28,28,28,28,28,28,28,28,28,28,28,28,28,28,28,28,28,28,28,28,28,28,20,12,12,12,12,12");
tmap.push("12,12,21,28,28,28,28,28,28,28,28,28,28,28,28,28,28,28,28,28,28,28,28,28,28,28,28,28,28,28,28,28,28,28,20,12,12,12,12,12");
tmap.push("12,12,21,28,28,28,28,28,28,28,28,28,28,28,28,28,28,28,28,28,28,28,28,28,28,28,28,28,17,19,28,28,28,28,20,12,12,12,12,12");
tmap.push("12,12,21,28,28,28,28,28,28,28,28,28,28,28,28,28,28,28,28,28,28,28,28,28,28,28,17,18,16,21,28,28,28,28,20,12,12,12,12,12");
tmap.push("12,12,21,28,28,28,28,28,28,28,28,28,28,28,28,28,28,28,28,28,28,28,28,28,17,18,16,12,12,21,28,28,28,28,20,12,12,12,12,12");
tmap.push("12,12,15,18,18,18,18,18,18,18,18,18,18,18,18,18,18,18,18,18,18,18,18,18,16,12,12,13,23,24,28,28,28,28,20,12,12,12,12,12");
tmap.push("12,12,12,12,12,12,12,12,12,12,12,12,12,12,12,12,12,12,12,12,12,12,12,12,12,13,23,24,28,28,28,28,28,28,20,12,12,12,12,12");
tmap.push("12,12,12,12,12,12,12,12,12,12,12,12,12,12,12,12,12,12,12,12,12,12,12,13,23,24,28,28,28,28,28,28,28,28,20,12,12,12,12,12");
tmap.push("12,12,12,12,12,12,12,12,12,12,12,12,12,12,12,12,12,12,12,12,12,13,23,24,28,28,28,28,28,28,28,28,28,28,20,12,12,12,12,12");
tmap.push("12,12,12,12,12,12,12,12,12,12,12,12,12,12,12,12,12,12,12,13,23,24,28,28,28,28,28,28,28,28,28,28,28,28,20,12,12,12,12,12");
tmap.push("12,12,12,12,12,12,12,12,13,23,23,23,23,23,23,23,23,23,23,24,28,28,28,28,28,28,28,28,28,28,28,28,28,28,20,12,12,12,12,12");
tmap.push("12,12,12,12,12,12,12,12,21,28,28,28,28,28,28,28,28,28,28,28,28,28,28,28,28,28,28,28,28,17,18,18,18,18,16,12,12,12,12,12");
tmap.push("12,12,12,12,12,12,12,12,21,28,28,28,28,28,28,28,28,28,28,28,28,28,28,28,28,28,28,28,28,20,12,12,12,12,12,12,12,12,12,12");
tmap.push("12,12,12,12,12,12,12,12,21,28,28,28,28,28,28,28,28,28,28,28,28,28,28,28,28,28,28,28,28,22,23,14,12,12,12,12,12,12,12,12");
tmap.push("12,12,12,12,12,12,12,12,21,28,28,28,28,28,28,28,28,28,28,28,28,28,28,28,28,28,28,28,28,28,28,20,12,12,12,12,12,12,12,12");
tmap.push("12,12,12,12,12,12,12,12,21,28,28,28,28,28,28,28,28,28,28,28,28,28,28,28,28,28,28,28,28,28,28,20,12,12,12,12,12,12,12,12");
tmap.push("12,12,12,12,12,12,12,12,21,28,28,28,28,28,28,28,28,28,28,28,28,28,28,28,28,28,28,28,28,28,28,20,12,12,12,12,12,12,12,12");
tmap.push("12,12,12,12,12,12,12,12,21,28,28,28,28,28,28,28,28,28,28,28,28,28,28,28,28,28,28,28,28,28,28,20,12,12,12,12,12,12,12,12");
tmap.push("12,12,12,12,12,12,12,12,21,28,28,28,28,28,28,28,28,28,28,28,28,28,28,28,28,28,28,28,28,28,28,20,12,12,12,12,12,12,12,12");
tmap.push("12,12,12,12,12,12,12,12,21,28,28,28,28,28,28,28,28,28,28,28,28,28,28,28,28,28,28,28,28,28,28,20,12,12,12,12,12,12,12,12");
tmap.push("12,12,12,12,12,12,12,12,21,28,28,28,28,28,28,28,28,28,28,28,28,28,28,28,28,28,28,28,28,28,28,20,12,12,12,12,12,12,12,12");
tmap.push("12,12,12,12,12,12,12,12,21,28,28,28,28,28,28,28,28,28,28,28,17,19,28,28,28,28,28,28,28,28,28,20,12,12,12,12,12,12,12,12");
tmap.push("12,12,12,12,12,12,12,12,21,28,28,28,28,28,28,28,28,28,28,28,22,24,28,28,28,28,28,28,28,28,28,20,12,12,12,12,12,12,12,12");
tmap.push("12,12,12,12,12,12,12,12,21,28,28,28,28,28,28,28,28,28,28,28,28,28,28,28,28,28,28,28,28,28,28,20,12,12,12,12,12,12,12,12");
tmap.push("12,12,12,12,12,12,12,12,21,28,28,28,28,28,28,28,28,28,28,28,28,28,28,28,28,28,28,28,28,28,28,20,12,12,12,12,12,12,12,12");
tmap.push("12,12,12,12,12,12,12,12,21,28,28,28,28,28,28,28,28,28,28,28,28,28,28,28,28,28,28,28,28,28,28,20,12,12,12,12,12,12,12,12");
tmap.push("12,12,12,12,12,12,12,12,21,28,28,28,28,28,28,28,28,28,28,28,28,28,28,28,28,28,28,28,28,28,28,20,12,12,12,12,12,12,12,12");
tmap.push("12,12,12,12,12,12,12,12,21,28,28,28,28,28,28,28,28,28,28,28,28,28,28,28,28,28,28,28,28,28,28,22,23,23,23,23,23,23,23,23");
tmap.push("12,12,12,12,12,12,12,12,21,28,28,28,28,28,28,28,28,28,28,28,28,28,28,28,28,28,28,28,28,28,28,28,28,28,28,28,28,28,28,28");
tmap.push("12,12,12,12,12,12,12,12,21,28,28,28,28,28,28,28,28,28,28,28,28,28,28,28,28,28,28,28,28,28,28,28,28,28,28,28,28,28,28,28");
tmap.push("12,12,12,12,12,12,12,12,21,28,28,28,28,28,28,28,28,28,28,28,28,28,28,28,28,28,28,28,28,28,28,28,28,28,28,28,28,28,28,28");
tmap.push("12,12,12,12,12,12,12,12,21,28,28,28,28,28,28,28,28,28,28,28,28,28,28,28,28,28,28,28,28,28,28,28,28,28,28,28,28,28,28,28");
tmap.push("12,12,12,12,12,12,12,12,21,28,28,28,28,28,28,28,28,28,28,28,28,28,28,28,28,28,28,28,28,28,28,28,28,28,6,6,6,6,6,6");
tmap.push("12,12,12,12,12,12,12,12,21,28,28,28,28,28,28,28,28,28,28,28,28,28,28,28,28,28,28,28,28,28,28,28,28,28,17,18,18,18,18,18");
tmap.push("12,12,12,12,12,12,12,12,21,28,28,28,28,28,28,28,28,28,28,28,28,28,28,28,28,28,28,28,28,28,28,28,28,28,20,12,12,12,12,12");
tmap.push("12,12,12,12,12,12,12,12,21,28,28,28,28,17,19,28,28,28,28,28,0,0,28,28,28,28,28,28,28,28,28,28,28,28,20,12,12,12,12,12");
tmap.push("12,12,12,12,12,12,12,12,21,28,28,28,28,22,24,28,28,28,28,28,0,0,28,28,28,28,28,28,28,28,28,0,0,0,20,13,23,23,23,23");
tmap.push("12,12,12,12,12,12,12,12,21,28,28,28,28,28,28,28,28,28,0,0,0,0,28,28,28,28,28,28,28,28,28,0,0,0,20,21,28,28,28,28");
tmap.push("12,12,12,12,12,12,12,12,21,28,28,28,28,28,28,28,28,28,0,0,0,0,0,0,0,0,28,28,28,28,28,0,0,0,20,21,28,28,28,28");
tmap.push("12,12,12,12,12,12,12,12,21,28,28,28,28,28,28,28,28,28,0,0,0,0,0,0,0,0,28,28,28,28,28,0,0,0,20,21,28,28,28,28");
tmap.push("12,12,12,12,12,12,12,12,21,28,28,28,28,28,28,28,28,28,0,0,0,0,0,0,0,0,0,0,0,28,28,0,0,0,20,21,28,28,28,28");
tmap.push("12,12,12,12,12,12,12,12,21,28,28,28,28,28,28,28,28,28,0,0,0,0,0,0,0,0,0,0,0,28,28,0,0,0,20,21,28,28,28,28");
tmap.push("12,12,12,12,12,12,12,12,21,0,0,28,28,28,28,28,28,28,0,0,0,0,0,0,0,0,0,0,0,28,28,0,0,0,20,21,28,28,17,18");
tmap.push("12,12,12,12,12,12,12,12,21,0,0,28,28,28,28,28,28,28,0,0,0,0,0,0,0,0,0,0,0,28,28,0,0,0,20,21,28,28,20,12");
tmap.push("12,12,12,12,12,12,12,12,21,0,0,0,0,28,28,28,0,0,0,0,0,0,0,0,0,0,0,0,0,17,19,0,0,0,20,21,28,28,22,23");
tmap.push("12,12,12,12,12,12,12,12,21,0,0,0,0,28,28,28,0,0,0,0,0,0,0,0,0,0,0,0,0,22,24,0,0,0,20,21,28,28,28,28");
tmap.push("12,12,12,12,12,12,12,12,21,0,0,0,0,0,0,0,0,0,0,0,0,0,0,0,0,0,0,0,0,0,0,0,0,0,20,21,28,28,28,28");
tmap.push("12,12,12,12,12,12,12,12,21,0,0,0,0,0,0,0,0,0,0,0,0,0,0,0,0,0,0,0,0,0,0,0,0,0,20,21,28,28,28,28");
tmap.push("12,12,12,12,12,12,12,12,21,0,0,0,0,0,0,0,0,0,0,0,0,0,0,0,0,0,0,0,0,0,0,0,0,0,20,21,28,28,28,28");
tmap.push("12,12,12,12,12,12,12,12,21,0,0,0,0,0,0,0,0,0,0,0,0,0,0,0,0,0,0,0,0,0,0,0,0,0,20,21,28,28,28,28");
tmap.push("12,12,12,12,12,12,12,12,21,0,0,0,0,0,0,0,0,0,0,0,0,0,0,0,0,0,0,0,0,0,0,0,0,0,20,15,18,18,18,18");
tmap.push("12,12,12,12,12,12,12,12,21,0,0,0,0,0,0,0,0,0,0,0,0,0,0,0,0,0,0,0,0,0,0,0,0,0,20,12,12,12,12,12");
tmap.push("12,12,12,12,12,12,12,12,21,0,0,0,0,0,0,0,0,0,0,0,0,0,0,0,0,0,0,0,0,0,0,0,0,0,20,12,12,12,12,12");
