107 107 107 107 107 107 229 689 689 689 689 227 107 107 229 689 689 689 689 689 227 107 107 107 107 107 107 107 107 107 107 108 268 268 268 268 268 268 268 268 
107 107 107 107 107 107 229 689 689 689 689 227 107 107 229 689 689 689 689 689 227 107 107 107 107 107 107 107 107 107 107 229 0 0 0 0 0 0 0 0 
107 107 107 107 107 107 229 850 850 691 689 227 107 107 229 689 689 689 689 689 227 107 107 107 107 107 107 107 107 107 107 229 689 811 0 0 0 0 0 0 
107 107 107 107 107 107 229 0 0 809 689 227 107 107 229 689 689 689 689 689 227 107 107 107 107 107 107 107 107 107 107 229 689 811 0 0 0 0 0 0 
107 107 107 107 107 107 229 0 0 809 689 227 107 107 229 689 689 689 689 689 227 107 107 107 107 107 107 107 107 107 107 229 689 811 0 0 0 0 0 0 
107 107 107 107 107 107 229 0 0 809 689 227 107 107 229 689 689 689 689 689 227 107 107 107 107 107 107 107 107 107 107 229 689 811 0 0 0 0 0 0 
107 107 107 107 107 107 229 0 0 809 689 227 107 107 229 689 689 689 689 689 227 107 107 107 107 107 107 107 107 107 107 229 689 811 0 0 0 0 0 0 
107 107 107 107 107 107 229 0 0 849 850 227 107 107 229 850 850 850 850 850 227 107 107 107 107 107 107 107 107 107 107 229 850 851 0 0 8 8 8 8 
107 107 107 107 107 107 229 0 0 0 0 227 107 107 229 0 0 0 0 0 227 107 107 107 107 107 107 107 107 107 107 229 0 0 0 0 187 188 188 188 
107 107 107 107 107 107 229 0 0 0 0 227 107 107 229 0 0 0 0 0 267 268 268 268 268 268 268 268 268 268 268 269 0 0 0 0 227 107 107 107 
107 107 107 107 107 107 229 0 0 0 0 227 107 107 229 0 0 0 0 0 9 9 9 9 9 9 9 9 9 9 9 9 0 0 0 0 227 107 107 107 
107 107 107 107 107 107 229 0 0 0 0 227 107 107 229 0 0 0 0 0 0 0 0 0 0 0 0 0 0 0 0 0 0 0 0 0 227 107 107 107 
107 107 107 107 107 107 229 0 0 0 0 227 107 107 229 0 0 0 0 0 0 0 0 0 0 0 0 0 0 0 0 0 0 0 0 0 227 107 107 107 
107 107 107 107 107 107 229 0 0 0 0 227 107 107 229 0 0 0 0 0 0 0 0 0 0 0 0 0 0 0 0 0 0 0 0 0 227 107 107 107 
107 107 107 107 107 107 229 770 771 0 0 227 107 107 229 0 0 0 0 0 0 0 0 0 0 0 0 0 0 0 0 0 0 0 0 0 227 107 107 107 
107 107 107 107 107 107 229 689 811 0 0 227 107 107 229 0 0 0 0 0 0 0 0 0 0 0 0 0 0 0 0 0 0 0 0 0 227 107 107 107 
107 107 107 107 107 107 229 689 811 0 0 227 107 107 229 0 0 0 0 0 0 0 0 0 0 0 0 0 0 0 0 0 0 0 0 0 227 107 107 107 
107 107 107 107 107 107 229 689 811 0 0 227 107 107 229 0 0 0 0 0 0 0 0 0 0 0 0 0 0 0 0 0 0 0 0 0 227 107 107 107 
107 107 107 107 107 107 229 689 811 0 0 227 107 107 229 0 0 0 0 0 0 0 0 0 0 0 0 0 0 0 0 0 0 0 0 0 227 107 107 107 
107 107 107 107 107 107 229 689 730 770 770 227 107 107 229 0 0 0 0 0 0 0 0 0 0 0 0 0 0 0 0 0 0 0 0 0 227 107 107 107 
107 107 107 107 107 107 229 689 689 689 689 227 107 107 229 0 0 0 0 0 0 0 0 0 0 0 0 0 0 0 0 0 0 0 0 0 227 107 107 107 
107 107 107 107 107 107 229 689 689 689 689 227 107 107 229 0 0 0 0 0 0 0 0 0 0 0 0 0 0 0 0 0 0 0 0 0 227 107 107 107 
107 107 107 107 107 107 229 689 689 689 689 227 107 107 229 0 0 0 0 0 0 0 0 0 0 0 0 0 0 0 0 0 0 0 0 0 227 107 107 107 
107 107 107 107 107 107 229 689 689 689 689 227 107 107 229 0 0 0 0 0 0 0 0 0 0 0 0 0 0 0 0 0 0 0 0 0 227 107 107 107 
107 107 107 107 107 107 229 689 689 689 689 227 107 107 148 188 188 188 188 189 0 0 0 0 0 0 0 0 0 0 0 0 0 0 0 0 227 107 107 107 
107 107 107 107 107 107 229 689 689 689 689 227 107 107 107 107 107 107 107 229 0 0 0 0 0 0 0 0 0 0 0 0 0 0 0 0 227 107 107 107 
107 107 107 107 107 107 229 689 689 689 689 227 107 107 107 107 107 107 107 229 8 8 8 8 8 8 8 8 8 8 8 8 8 8 8 8 227 107 107 107 
107 107 107 107 107 107 229 689 689 689 689 227 107 107 107 107 107 107 107 148 188 188 188 188 188 188 188 188 188 188 188 188 188 188 188 188 149 107 107 107 
107 107 107 107 107 107 229 689 689 689 689 227 107 107 107 107 107 107 107 107 107 107 107 107 107 107 107 107 107 107 107 107 107 107 107 107 107 107 107 107 
8
16 22 10 1
20 24 2 4 0 0 0 320 240
24 24 2 4 0 0 0 320 240
28 24 2 4 0 0 0 320 240
32 24 2 4 0 0 0 320 240
27 21 1 0 4 160 88 256 192
23 12 1 1 4 160 88 256 192
32 1 2 7 4 0 0 320 240
