295 295 295 295 295 295 295 295 295 295 295 295 295 295 295 295 295 417 0 0 0 0 0 415 295 295 295 295 295 295 295 295 295 295 295 295 295 295 295 295 
295 295 295 295 295 295 295 295 295 295 295 295 295 295 295 295 295 417 0 0 0 0 0 415 295 295 295 295 295 295 295 295 295 295 295 295 295 295 295 295 
295 295 295 295 295 295 295 295 295 295 295 295 295 295 295 295 295 417 0 0 0 0 0 415 295 295 295 295 295 295 295 295 295 295 295 295 295 295 295 295 
295 295 295 295 295 295 296 456 456 456 456 456 297 295 295 295 295 417 0 0 0 0 0 415 295 295 295 295 295 295 295 295 295 295 295 295 295 295 295 295 
295 295 295 295 295 295 417 0 0 0 0 0 415 295 295 295 295 417 0 0 0 0 0 415 295 295 295 295 295 295 295 295 295 295 295 295 295 295 295 295 
295 295 295 295 295 295 417 0 0 0 0 0 415 295 295 295 295 417 0 0 0 0 0 415 295 295 295 295 295 295 295 295 295 295 295 295 295 295 295 295 
295 295 295 295 295 295 417 0 0 0 0 0 415 295 295 295 295 417 0 0 0 0 0 415 295 295 295 295 295 295 295 295 295 295 295 295 295 295 295 295 
295 295 295 295 295 295 417 0 0 0 0 0 415 295 295 295 295 417 0 0 0 0 0 415 295 295 295 295 295 295 295 295 295 295 295 295 295 295 295 295 
295 295 295 295 295 295 336 376 376 376 376 376 337 295 295 295 295 417 0 0 0 0 0 415 295 295 295 295 295 295 296 456 456 456 456 456 456 297 295 295 
295 295 295 295 295 295 295 295 295 295 295 295 295 295 295 295 295 417 0 0 0 0 0 415 295 295 295 295 295 295 417 0 0 0 0 0 0 415 295 295 
295 295 295 295 295 295 295 295 295 295 295 295 295 295 295 295 295 417 0 0 0 0 0 415 295 295 295 295 295 295 417 0 0 0 0 0 0 415 295 295 
295 295 295 295 295 295 295 295 295 295 295 295 295 295 295 295 295 417 0 0 0 0 0 415 295 295 295 295 295 295 417 0 0 0 0 0 0 415 295 295 
456 456 456 456 456 456 456 456 456 456 456 456 456 456 456 456 456 457 0 0 0 0 0 415 295 295 295 295 295 295 417 0 0 0 0 0 0 415 295 295 
0 0 0 0 0 0 0 0 0 0 0 0 0 0 0 0 0 0 0 0 0 0 0 415 295 295 295 295 295 295 417 0 0 0 0 0 0 415 295 295 
0 0 0 0 0 0 0 0 0 0 0 0 0 0 0 0 0 0 0 0 0 0 0 415 295 295 295 295 295 295 417 0 0 0 0 0 0 415 295 295 
0 0 0 0 0 0 0 0 0 0 0 0 0 0 0 0 0 0 0 0 0 0 0 415 295 295 295 295 295 295 417 0 0 0 0 0 0 415 295 295 
0 0 0 0 0 0 0 0 0 0 0 0 0 0 0 0 0 0 0 0 0 0 0 415 295 295 295 295 295 295 336 376 376 376 376 376 376 337 295 295 
0 0 0 0 0 0 0 0 0 0 0 0 0 0 0 0 0 0 0 0 0 0 0 415 295 295 295 295 295 295 295 295 295 295 295 295 295 295 295 295 
376 376 376 376 376 376 376 376 376 376 376 376 376 376 376 376 376 376 376 376 376 376 376 337 295 295 295 295 295 295 295 295 295 295 295 295 295 295 295 295 
295 295 295 295 295 295 295 295 295 295 295 295 295 295 295 295 295 295 295 295 295 295 295 295 295 295 295 295 295 295 295 295 295 295 295 295 295 295 295 295 
295 295 295 295 295 295 295 295 295 295 296 456 456 456 297 295 295 295 295 295 295 295 295 295 295 295 295 296 456 456 456 456 456 456 456 456 297 295 295 295 
295 295 295 295 295 295 295 295 295 295 417 0 0 0 415 295 295 295 295 295 295 295 295 295 295 295 295 417 0 0 0 0 0 0 0 0 415 295 295 295 
295 295 295 295 295 295 295 295 295 295 417 0 0 0 415 295 295 295 295 295 295 295 295 295 295 295 295 417 0 0 0 0 0 0 0 0 415 295 295 295 
295 295 295 295 295 295 295 295 295 295 417 0 0 0 415 295 295 295 295 295 295 295 295 295 295 295 295 417 0 0 0 0 0 0 0 0 415 295 295 295 
295 295 295 295 295 295 295 295 295 295 417 0 0 0 415 295 295 295 295 295 295 295 295 295 295 295 295 417 0 0 0 0 0 0 0 0 415 295 295 295 
295 295 295 295 295 295 295 295 295 295 417 0 0 0 415 295 295 295 295 295 295 295 295 295 295 295 295 417 0 0 0 0 0 0 0 0 415 295 295 295 
295 295 295 295 295 295 295 295 295 295 417 0 0 0 415 295 295 295 295 295 295 295 295 295 295 295 295 336 376 376 376 376 376 376 376 376 337 295 295 295 
295 295 295 295 295 295 295 295 295 295 336 376 376 376 337 295 295 295 295 295 295 295 295 295 295 295 295 295 295 295 295 295 295 295 295 295 295 295 295 295 
295 295 295 295 295 295 295 295 295 295 295 295 295 295 295 295 295 295 295 295 295 295 295 295 295 295 295 295 295 295 295 295 295 295 295 295 295 295 295 295 
1
14 16 10 1
