95 95 95 95 95 95 95 95 95 95 95 95 95 95 95 95 95 95 95 95 95 95 95 95 95 95 95 95 95 95 95 95 95 95 95 95 95 95 95 95 
95 95 96 256 256 256 256 256 256 256 256 256 97 95 95 95 95 95 95 95 95 95 95 95 95 95 95 95 95 95 95 95 95 95 95 95 95 95 95 95 
95 95 217 0 0 0 0 0 0 0 0 0 215 95 95 95 95 95 95 95 95 95 95 95 95 95 95 95 95 95 95 95 95 95 95 95 95 95 95 95 
95 95 217 0 0 0 0 0 0 0 0 0 215 95 95 95 95 95 95 95 95 95 95 95 95 95 95 95 95 95 95 95 95 95 95 95 95 95 95 95 
95 95 217 0 0 0 0 0 0 0 0 0 215 95 95 95 95 95 95 95 95 95 95 95 95 95 95 95 95 95 95 95 95 95 95 95 95 95 95 95 
95 95 217 0 0 0 0 0 0 0 0 0 215 95 95 95 95 95 95 95 95 95 95 95 95 95 95 95 95 95 95 95 95 96 256 256 256 256 256 256 
95 95 217 0 0 0 175 176 177 0 0 0 215 95 95 95 95 95 95 95 95 95 95 95 95 95 95 95 95 95 95 95 95 217 0 0 0 0 0 0 
95 95 217 0 0 0 215 95 217 0 0 0 215 95 95 95 95 95 95 95 95 95 95 95 95 95 95 95 95 95 95 95 95 217 0 0 0 0 0 0 
95 95 217 0 0 0 215 95 217 770 771 0 215 95 95 95 95 95 95 95 95 95 95 95 95 95 95 95 95 95 95 95 95 217 0 0 0 0 0 0 
95 95 217 0 0 0 215 95 217 689 811 0 255 256 256 256 256 256 256 256 256 256 256 256 256 256 256 256 256 256 256 97 95 217 0 0 0 0 0 0 
95 95 217 0 0 0 215 95 217 689 811 0 0 0 0 0 0 0 809 689 689 811 0 0 0 0 0 0 0 809 689 215 95 217 0 0 0 0 0 0 
95 95 217 0 0 0 215 95 217 689 811 0 0 0 0 0 0 0 809 689 689 811 0 0 0 0 0 0 0 809 689 215 95 217 0 0 0 0 0 0 
95 95 217 0 0 0 215 95 217 689 811 0 0 0 0 0 0 0 809 689 689 811 0 0 0 0 0 0 0 809 689 215 95 217 0 0 0 0 0 0 
256 256 257 0 0 0 215 95 217 689 811 0 0 0 0 0 0 0 809 689 689 811 0 0 0 0 0 0 0 809 689 215 95 217 0 0 0 0 0 0 
0 0 0 0 0 0 215 95 217 689 811 0 0 0 0 0 0 0 809 689 689 811 0 0 0 0 0 0 0 809 689 215 95 217 0 0 0 0 0 0 
0 0 0 0 0 0 215 95 217 689 811 0 0 0 0 0 0 0 809 689 689 811 0 0 0 0 0 0 0 809 689 215 95 217 0 0 0 175 176 176 
0 0 0 0 0 0 215 95 217 689 811 0 0 0 0 0 0 0 809 689 689 811 0 0 0 0 0 0 0 809 689 215 95 217 0 0 0 215 95 95 
0 0 0 0 0 0 215 95 217 689 811 0 0 0 0 0 0 0 809 689 689 811 0 0 0 0 0 0 0 809 689 215 95 217 0 0 0 215 95 95 
0 0 0 0 0 0 215 95 217 689 811 0 0 0 0 0 0 0 809 689 689 811 0 0 0 0 0 0 0 809 689 215 95 217 0 0 0 215 95 95 
0 0 0 0 0 0 215 95 136 176 176 176 176 176 176 176 176 176 176 176 176 176 176 176 176 176 176 177 0 809 689 215 95 217 0 0 0 215 95 95 
0 0 0 0 0 0 215 95 95 95 95 95 95 95 95 95 95 95 95 95 95 95 95 95 95 95 95 217 0 849 850 215 95 217 0 0 0 215 95 95 
0 0 0 0 0 0 215 95 95 95 95 95 95 95 95 95 95 95 95 95 95 95 95 95 95 95 95 217 0 0 0 215 95 217 0 0 0 215 95 95 
0 0 0 0 0 0 215 95 95 95 95 95 95 95 95 95 95 95 95 95 95 95 95 95 95 95 95 217 0 0 0 255 256 257 0 0 0 215 95 95 
176 176 176 176 176 176 137 95 95 95 95 95 95 95 95 95 95 95 95 95 95 95 95 95 95 95 95 217 0 0 0 0 0 0 0 0 0 215 95 95 
95 95 95 95 95 95 95 95 95 95 95 95 95 95 95 95 95 95 95 95 95 95 95 95 95 95 95 217 0 0 0 0 0 0 0 0 0 215 95 95 
95 95 95 95 95 95 95 95 95 95 95 95 95 95 95 95 95 95 95 95 95 95 95 95 95 95 95 217 0 0 0 0 0 0 0 0 0 215 95 95 
95 95 95 95 95 95 95 95 95 95 95 95 95 95 95 95 95 95 95 95 95 95 95 95 95 95 95 217 0 0 0 0 0 0 0 0 0 215 95 95 
95 95 95 95 95 95 95 95 95 95 95 95 95 95 95 95 95 95 95 95 95 95 95 95 95 95 95 136 176 176 176 176 176 176 176 176 176 137 95 95 
95 95 95 95 95 95 95 95 95 95 95 95 95 95 95 95 95 95 95 95 95 95 95 95 95 95 95 95 95 95 95 95 95 95 95 95 95 95 95 95 
5
3 21 10 1
35 6 10 0
10 11 1 3 5 0 0 320 240
28 16 1 2 5 0 0 320 240
32 25 10 1
