case rn(100,111):
tmap = new Array();
tmap.push("480,480,480,480,480,480,480,480,480,480,480,480,480,480,480,480,480,480,480,480,480,480,480,480,480,480,480,480,480,480,480,480,480,480,480,480,480,480,480,480");
tmap.push("480,480,480,480,480,480,480,480,480,480,480,480,480,480,480,480,480,480,480,480,480,480,480,480,480,480,480,480,480,480,480,480,480,480,480,480,480,480,480,480");
tmap.push("641,641,641,641,641,641,641,641,641,641,482,480,480,480,480,480,480,480,480,480,480,480,480,480,480,480,480,480,480,480,480,480,480,480,480,480,480,480,480,480");
tmap.push("0,0,0,0,0,0,0,0,0,0,600,480,480,480,480,480,480,480,480,480,480,481,641,641,641,641,641,641,641,641,641,641,641,482,480,480,480,480,480,480");
tmap.push("0,0,0,0,0,0,0,0,0,0,600,480,480,480,480,480,480,480,480,480,480,602,0,680,0,0,0,0,0,0,0,0,0,600,480,480,480,480,480,480");
tmap.push("0,0,0,0,0,0,0,0,0,0,600,480,480,480,480,480,480,480,481,641,641,642,0,680,0,0,0,0,0,0,0,0,0,600,480,480,480,480,480,480");
tmap.push("0,0,0,0,0,0,0,0,0,0,600,480,480,480,480,480,480,480,602,0,0,0,0,680,0,0,0,0,0,0,0,0,0,600,480,480,480,480,480,480");
tmap.push("561,561,561,561,561,561,561,561,561,561,522,480,480,480,480,481,641,641,642,0,0,0,0,680,0,0,0,0,0,0,0,0,0,600,480,480,480,480,480,480");
tmap.push("480,480,480,480,480,480,480,480,480,480,480,480,480,480,480,602,0,0,0,0,0,0,0,680,0,0,0,0,0,0,0,0,0,600,480,480,480,480,480,480");
tmap.push("480,480,480,480,480,480,480,480,480,480,480,480,481,641,641,642,0,0,0,0,0,0,0,680,0,560,561,561,562,0,0,0,0,600,480,480,480,480,480,480");
tmap.push("480,480,480,480,480,480,480,480,480,480,480,480,602,0,680,0,0,0,0,0,0,0,0,680,0,600,480,480,602,681,681,681,681,600,480,480,480,480,480,480");
tmap.push("480,480,480,480,480,480,480,480,480,481,641,641,642,0,680,0,0,0,0,0,0,0,560,561,561,522,480,480,602,0,0,0,0,600,480,480,480,480,480,480");
tmap.push("480,480,480,480,480,480,480,480,480,602,0,0,0,0,680,0,0,0,0,0,0,0,600,480,480,480,480,480,602,0,0,0,0,600,480,480,480,480,480,480");
tmap.push("480,480,480,480,480,480,481,641,641,642,0,0,0,0,680,0,0,0,0,560,561,561,522,480,480,480,480,480,602,0,0,0,0,600,480,480,480,480,480,480");
tmap.push("480,480,480,480,480,480,602,0,0,0,0,0,0,0,680,0,0,0,0,600,480,480,480,480,480,480,480,480,602,0,0,0,0,600,480,480,480,480,480,480");
tmap.push("480,480,480,481,641,641,642,0,0,0,0,0,0,0,680,0,560,561,561,522,480,480,480,480,480,480,480,480,602,681,681,681,681,600,480,480,480,480,480,480");
tmap.push("480,480,480,602,0,680,0,0,0,0,0,0,0,0,680,0,600,480,480,480,480,480,480,480,480,480,480,480,602,0,0,0,0,600,480,480,480,480,480,480");
tmap.push("641,641,641,642,0,680,0,0,0,0,0,0,0,560,561,561,522,480,480,480,480,480,480,480,480,480,480,480,602,0,0,0,0,600,480,480,480,480,480,480");
tmap.push("0,0,0,0,0,680,0,0,0,0,0,0,0,600,480,480,480,480,480,480,480,480,480,480,480,480,480,480,602,0,0,0,0,600,480,480,480,480,480,480");
tmap.push("0,0,0,0,0,680,0,0,0,0,560,561,561,522,480,480,480,480,480,480,480,480,480,480,480,480,480,480,602,0,0,0,0,600,480,480,480,480,480,480");
tmap.push("0,0,0,0,0,680,0,0,0,0,600,480,480,480,480,480,480,480,480,480,480,480,480,480,480,480,480,480,602,681,681,681,681,600,480,480,480,480,480,480");
tmap.push("0,0,0,0,0,680,0,560,561,561,522,480,480,480,480,480,480,480,480,480,480,480,480,480,480,480,480,480,602,0,0,0,0,600,480,480,480,480,480,480");
tmap.push("0,0,0,0,0,680,0,600,480,480,480,480,480,480,480,480,480,480,480,480,480,480,480,480,480,480,480,480,602,0,0,0,0,640,641,641,641,641,641,641");
tmap.push("0,0,0,0,560,561,561,522,480,480,480,480,480,480,480,480,480,480,480,480,480,480,480,480,480,480,480,480,602,0,0,0,0,0,0,0,0,0,0,0");
tmap.push("0,0,0,0,600,480,480,480,480,480,480,480,480,480,480,480,480,480,480,480,480,480,480,480,480,480,480,480,602,0,0,0,0,0,0,0,0,0,0,0");
tmap.push("561,561,561,561,522,480,480,480,480,480,480,480,480,480,480,480,480,480,480,480,480,480,480,480,480,480,480,480,602,0,0,0,0,0,0,0,0,0,0,0");
tmap.push("480,480,480,480,480,480,480,480,480,480,480,480,480,480,480,480,480,480,480,480,480,480,480,480,480,480,480,480,602,0,0,0,0,0,0,0,0,0,0,0");
tmap.push("480,480,480,480,480,480,480,480,480,480,480,480,480,480,480,480,480,480,480,480,480,480,480,480,480,480,480,480,521,561,561,561,561,561,561,561,561,561,561,561");
tmap.push("480,480,480,480,480,480,480,480,480,480,480,480,480,480,480,480,480,480,480,480,480,480,480,480,480,480,480,480,480,480,480,480,480,480,480,480,480,480,480,480");
tmap.push("480,480,480,480,480,480,480,480,480,480,480,480,480,480,480,480,480,480,480,480,480,480,480,480,480,480,480,480,480,480,480,480,480,480,480,480,480,480,480,480");

obj.createentity(game, 56, 32, 9, 0);  // (shiny trinket)
obj.createentity(game, 48, 24, 14); //Teleporter!
break;
