case rn(101,111):
tmap = new Array();
tmap.push("492,492,492,492,492,492,492,492,492,492,492,492,492,492,492,492,492,492,492,492,492,492,492,492,492,492,492,492,492,492,492,492,492,492,492,492,492,492,492,492");
tmap.push("492,492,493,653,653,653,653,653,653,653,653,653,653,653,653,653,653,653,653,653,653,653,653,653,653,653,653,653,653,653,494,492,493,653,653,653,653,494,492,492");
tmap.push("492,492,614,0,0,0,0,0,0,0,0,692,0,0,0,0,692,0,0,0,0,692,0,0,0,0,692,0,0,0,612,492,614,0,0,0,0,612,492,492");
tmap.push("492,492,614,0,0,0,0,0,0,0,0,692,0,0,0,0,692,0,0,0,0,692,0,0,0,0,692,0,0,0,612,492,614,0,0,0,0,612,492,492");
tmap.push("492,492,614,0,0,0,0,0,0,0,0,692,0,0,0,0,692,0,0,0,0,692,0,0,0,0,692,0,0,0,612,492,614,0,0,0,0,612,492,492");
tmap.push("492,492,614,0,0,0,0,0,0,0,0,692,0,0,0,0,692,0,0,0,0,692,0,0,0,0,692,0,0,0,612,492,614,0,0,0,0,612,492,492");
tmap.push("492,492,614,0,0,0,0,572,573,573,573,573,573,573,573,573,573,573,573,573,573,573,573,573,573,573,573,573,573,573,534,492,614,0,0,0,0,612,492,492");
tmap.push("492,492,614,693,693,693,693,612,492,492,492,492,492,492,492,492,492,492,492,492,492,492,492,492,492,492,492,492,492,492,492,492,614,693,693,693,693,612,492,492");
tmap.push("492,492,614,0,0,0,0,612,492,492,493,653,653,653,653,653,653,653,653,653,653,653,653,653,653,653,653,653,653,653,653,653,654,0,0,0,0,612,492,492");
tmap.push("492,492,614,0,0,0,0,612,492,492,614,0,0,0,0,692,0,0,0,0,692,0,0,0,0,692,0,0,0,0,692,0,0,0,0,0,0,612,492,492");
tmap.push("492,492,614,0,0,0,0,612,492,492,614,0,0,0,0,692,0,0,0,0,692,0,0,0,0,692,0,0,0,0,692,0,0,0,0,0,0,612,492,492");
tmap.push("492,492,614,0,0,0,0,612,492,492,614,0,0,0,0,692,0,0,0,0,692,0,0,0,0,692,0,0,0,0,692,0,0,0,0,0,0,612,492,492");
tmap.push("492,492,614,0,0,0,0,612,492,492,614,0,0,0,0,692,0,0,0,0,692,0,0,0,0,692,0,0,0,0,692,0,0,0,0,0,0,612,492,492");
tmap.push("492,492,614,0,0,0,0,612,492,492,533,573,573,573,573,573,573,573,573,573,573,573,573,573,573,573,573,573,573,573,573,573,573,573,573,573,573,534,492,492");
tmap.push("492,492,614,693,693,693,693,612,492,492,492,492,492,492,492,492,492,492,492,492,492,492,492,492,492,492,492,492,492,492,492,492,492,492,492,492,492,492,492,492");
tmap.push("492,492,614,0,0,0,0,652,653,653,653,653,653,653,653,653,653,653,653,653,653,653,653,653,494,492,493,653,653,653,653,653,653,653,653,653,653,494,492,492");
tmap.push("492,492,614,0,0,0,0,0,0,692,0,0,0,0,692,0,0,0,0,692,0,0,0,0,612,492,614,0,0,0,0,692,0,0,0,0,0,612,492,492");
tmap.push("492,492,614,0,0,0,0,0,0,692,0,0,0,0,692,0,0,0,0,692,0,0,0,0,612,492,614,0,0,0,0,692,0,0,0,0,0,612,492,492");
tmap.push("492,492,614,0,0,0,0,0,0,692,0,0,0,0,692,0,0,0,0,692,0,0,0,0,612,492,614,0,0,0,0,692,0,0,0,0,0,612,492,492");
tmap.push("492,492,614,0,0,0,0,0,0,692,0,0,0,0,692,0,0,0,0,692,0,0,0,0,612,492,614,0,0,0,0,692,0,0,0,0,0,612,492,492");
tmap.push("492,492,533,573,573,573,573,573,573,573,573,573,573,573,573,573,573,573,573,573,573,573,573,573,534,492,533,573,573,573,573,573,574,0,0,0,0,612,492,492");
tmap.push("492,492,492,492,492,492,492,492,492,492,492,492,492,492,492,492,492,492,492,492,492,492,492,492,492,492,492,492,492,492,492,492,614,693,693,693,693,612,492,492");
tmap.push("653,653,653,653,653,653,653,653,494,492,493,653,653,653,653,653,653,653,653,653,653,653,653,653,653,653,653,653,653,653,653,653,654,0,0,0,0,612,492,492");
tmap.push("0,0,0,692,0,0,0,0,612,492,614,0,0,0,0,0,0,692,0,0,0,0,0,692,0,0,0,0,0,692,0,0,0,0,0,0,0,612,492,492");
tmap.push("0,0,0,692,0,0,0,0,612,492,614,0,0,0,0,0,0,692,0,0,0,0,0,692,0,0,0,0,0,692,0,0,0,0,0,0,0,612,492,492");
tmap.push("0,0,0,692,0,0,0,0,612,492,614,0,0,0,0,0,0,692,0,0,0,0,0,692,0,0,0,0,0,692,0,0,0,0,0,0,0,612,492,492");
tmap.push("0,0,0,692,0,0,0,0,612,492,614,0,0,0,0,0,0,692,0,0,0,0,0,692,0,0,0,0,0,692,0,0,0,0,0,0,0,612,492,492");
tmap.push("573,573,573,573,573,573,573,573,534,492,533,573,573,573,573,573,573,573,573,573,573,573,573,573,573,573,573,573,573,573,573,573,573,573,573,573,573,534,492,492");
tmap.push("492,492,492,492,492,492,492,492,492,492,492,492,492,492,492,492,492,492,492,492,492,492,492,492,492,492,492,492,492,492,492,492,492,492,492,492,492,492,492,492");
tmap.push("492,492,492,492,492,492,492,492,492,492,492,492,492,492,492,492,492,492,492,492,492,492,492,492,492,492,492,492,492,492,492,492,492,492,492,492,492,492,492,492");

obj.createentity(game, 40, 192, 9, 0);  // (shiny trinket)
obj.createentity(game, 168, 136, 9, 1);  // (shiny trinket)
obj.createentity(game, 224, 136, 9, 2);  // (shiny trinket)
obj.createentity(game, 160, 128, 14); //Teleporter!
obj.createentity(game, 216, 128, 14); //Teleporter!
obj.createentity(game, 32, 184, 14); //Teleporter!
obj.createentity(game, 96, 80, 9, 3);  // (shiny trinket)
obj.createentity(game, 88, 72, 14); //Teleporter!
break;
