case rn(101,110):
tmap = new Array();
tmap.push("492,492,492,492,492,492,492,492,492,492,492,492,492,492,492,492,492,492,492,492,492,492,492,492,492,492,492,492,492,492,492,492,492,492,492,492,492,492,492,492");
tmap.push("492,492,492,492,492,492,492,492,492,492,492,492,492,492,492,492,492,492,492,492,492,492,492,492,492,492,492,492,492,492,492,492,492,492,492,492,492,492,492,492");
tmap.push("492,492,492,492,492,492,492,492,492,492,492,492,492,492,492,492,492,492,492,492,492,492,492,492,492,492,492,492,492,492,492,492,492,492,492,492,492,492,492,492");
tmap.push("492,492,492,492,492,492,492,492,492,492,492,492,492,492,492,492,492,492,492,492,492,492,492,492,492,492,492,492,492,492,492,492,492,492,492,492,492,492,492,492");
tmap.push("492,492,492,492,492,492,492,492,492,492,492,492,492,492,492,492,492,492,492,492,492,492,492,492,492,492,492,492,492,492,492,492,492,492,492,492,492,492,492,492");
tmap.push("492,492,492,492,492,492,492,492,492,492,492,492,492,492,492,492,492,492,492,492,492,492,492,492,492,492,492,492,492,492,492,492,492,492,492,492,492,492,492,492");
tmap.push("492,492,492,492,492,492,492,492,492,492,492,492,492,492,492,492,492,492,492,492,492,492,492,492,492,492,492,492,492,492,492,492,492,492,492,492,492,492,492,492");
tmap.push("653,653,653,653,653,653,653,494,492,492,492,492,492,492,492,492,492,492,492,492,492,492,492,492,492,492,492,492,492,492,492,492,492,492,492,492,492,492,492,492");
tmap.push("7,7,7,7,7,7,7,612,492,492,492,492,492,492,492,492,492,492,492,492,492,492,492,492,492,492,492,492,492,492,492,492,492,492,492,492,492,492,492,492");
tmap.push("0,0,0,0,0,0,0,652,653,653,653,653,653,494,492,492,492,492,492,492,492,492,492,492,492,492,492,492,492,492,492,492,492,492,492,492,492,492,492,492");
tmap.push("0,0,0,0,0,0,0,0,692,0,0,0,0,612,492,492,492,492,492,492,492,492,492,492,492,492,492,492,492,492,492,492,492,492,492,492,492,492,492,492");
tmap.push("0,0,0,0,0,0,0,0,692,0,0,0,0,652,653,653,653,494,492,492,492,492,492,492,492,492,492,492,492,492,492,492,492,492,492,492,492,492,492,492");
tmap.push("0,0,0,0,0,0,0,0,692,0,0,0,0,0,692,0,0,612,492,492,492,492,492,492,492,492,492,492,492,492,492,492,492,492,492,492,492,492,492,492");
tmap.push("0,0,0,0,0,0,0,0,692,0,0,0,0,0,692,0,0,652,653,653,653,653,653,653,653,653,653,653,653,653,494,492,492,492,492,492,492,492,492,492");
tmap.push("0,0,0,0,0,0,0,0,692,0,0,0,0,0,692,0,0,0,0,0,692,0,0,0,692,0,0,0,0,0,612,492,492,492,492,492,492,492,492,492");
tmap.push("0,0,0,0,0,0,0,0,692,0,0,0,0,0,692,0,0,0,0,0,692,0,0,0,692,0,0,0,0,0,612,492,492,492,492,492,492,492,492,492");
tmap.push("0,0,0,0,0,0,0,0,692,0,0,0,0,0,692,0,0,0,0,0,692,0,0,0,692,0,0,0,0,0,612,492,492,492,492,492,492,492,492,492");
tmap.push("0,0,0,0,0,0,0,0,692,0,0,0,0,0,692,0,0,0,0,0,692,0,0,0,692,0,0,0,0,0,612,492,492,492,492,492,492,492,492,492");
tmap.push("0,0,0,0,0,0,0,0,692,0,0,0,0,0,692,0,0,0,0,0,692,0,0,0,572,573,573,573,573,573,534,492,492,492,492,492,492,492,492,492");
tmap.push("0,0,0,0,0,0,0,0,692,0,0,0,0,0,692,0,0,0,0,0,692,0,0,0,612,492,492,492,492,492,492,492,492,492,492,492,492,492,492,492");
tmap.push("0,0,0,0,0,0,0,0,692,0,0,0,0,0,692,0,572,573,573,573,573,573,573,573,534,492,492,492,492,492,492,492,492,492,492,492,492,492,492,492");
tmap.push("0,0,0,0,0,0,0,0,692,0,0,0,0,0,692,0,612,492,492,492,492,492,492,492,492,492,492,492,492,492,492,492,492,492,492,492,492,492,492,492");
tmap.push("0,0,0,0,0,0,0,0,692,0,0,0,0,0,572,573,534,492,492,492,492,492,492,492,492,492,492,492,492,492,492,492,492,492,492,492,492,492,492,492");
tmap.push("0,0,0,0,0,0,0,0,692,0,0,0,0,0,612,492,492,492,492,492,492,492,492,492,492,492,492,492,492,492,492,492,492,492,492,492,492,492,492,492");
tmap.push("573,573,573,573,573,573,573,573,573,573,573,573,573,573,534,492,492,492,492,492,492,492,492,492,492,492,492,492,492,492,492,492,492,492,492,492,492,492,492,492");
tmap.push("492,492,492,492,492,492,492,492,492,492,492,492,492,492,492,492,492,492,492,492,492,492,492,492,492,492,492,492,492,492,492,492,492,492,492,492,492,492,492,492");
tmap.push("492,492,492,492,492,492,492,492,492,492,492,492,492,492,492,492,492,492,492,492,492,492,492,492,492,492,492,492,492,492,492,492,492,492,492,492,492,492,492,492");
tmap.push("492,492,492,492,492,492,492,492,492,492,492,492,492,492,492,492,492,492,492,492,492,492,492,492,492,492,492,492,492,492,492,492,492,492,492,492,492,492,492,492");
tmap.push("492,492,492,492,492,492,492,492,492,492,492,492,492,492,492,492,492,492,492,492,492,492,492,492,492,492,492,492,492,492,492,492,492,492,492,492,492,492,492,492");
tmap.push("492,492,492,492,492,492,492,492,492,492,492,492,492,492,492,492,492,492,492,492,492,492,492,492,492,492,492,492,492,492,492,492,492,492,492,492,492,492,492,492");

obj.createentity(game, 208, 120, 9, 0);  // (shiny trinket)
break;
