case rn(102,115):
tmap = new Array();
tmap.push("489,489,489,489,489,489,489,489,489,489,489,489,489,489,489,489,611,0,0,0,609,489,489,489,489,489,489,489,489,489,489,489,489,489,489,489,489,489,489,489");
tmap.push("489,489,489,489,489,489,489,489,489,489,489,489,489,489,489,489,611,0,0,0,609,489,489,489,489,489,489,489,489,489,489,489,489,489,489,489,489,489,489,489");
tmap.push("489,489,489,489,489,489,489,489,489,489,489,489,489,489,489,489,611,0,0,0,609,489,489,489,489,489,489,489,489,489,489,489,489,489,489,489,489,489,489,489");
tmap.push("489,489,489,489,489,489,489,489,489,489,489,489,489,489,489,489,611,0,0,0,609,489,489,489,489,489,489,489,489,489,489,489,489,489,489,489,489,489,489,489");
tmap.push("489,489,489,489,489,489,489,489,489,489,489,489,489,489,489,489,611,0,0,0,609,489,489,489,489,489,489,489,489,489,489,489,489,489,489,489,489,489,489,489");
tmap.push("489,489,489,489,489,489,489,489,489,489,489,489,489,489,489,489,611,0,0,0,649,491,489,489,489,489,489,489,489,489,489,489,489,489,489,489,489,489,489,489");
tmap.push("489,489,489,489,489,489,489,489,489,489,489,489,489,489,489,489,611,0,0,0,0,609,489,489,489,489,489,489,489,489,489,489,489,489,489,489,489,489,489,489");
tmap.push("489,489,489,489,489,489,489,489,489,489,489,489,489,489,489,489,611,0,0,0,0,649,491,489,489,489,489,489,489,489,489,489,489,489,489,489,489,489,489,489");
tmap.push("489,489,489,489,489,489,489,489,489,489,489,489,489,489,489,489,611,0,0,0,0,0,649,650,491,489,489,489,489,489,489,489,489,489,489,489,489,489,489,489");
tmap.push("489,489,489,489,489,489,489,489,489,489,489,489,489,489,489,489,611,0,0,0,0,0,0,0,649,650,491,489,489,489,489,489,489,489,489,489,489,489,489,489");
tmap.push("489,489,489,489,489,489,489,489,489,489,489,489,489,489,489,489,530,571,0,0,0,0,0,0,0,0,649,650,491,489,489,489,489,489,489,489,489,489,489,489");
tmap.push("489,489,489,489,489,489,489,489,489,489,489,489,489,489,489,489,489,611,0,0,0,0,0,0,0,0,0,0,649,650,650,650,650,650,650,650,650,650,650,650");
tmap.push("489,489,489,489,489,489,489,489,489,489,489,489,489,489,489,489,489,530,570,571,0,0,0,0,0,0,0,0,0,0,0,0,0,0,0,0,0,0,0,0");
tmap.push("489,489,489,489,489,489,489,489,489,489,489,489,489,489,489,489,489,489,489,530,571,0,0,0,0,0,0,0,0,0,0,0,0,0,0,0,0,0,0,0");
tmap.push("489,489,489,489,489,489,489,489,489,489,489,489,489,489,489,489,489,489,489,489,530,570,571,0,0,0,0,0,0,0,0,0,0,0,0,0,0,0,0,0");
tmap.push("489,489,489,489,489,489,489,489,489,489,489,489,489,489,489,489,489,489,489,489,489,489,530,570,571,0,0,0,0,0,0,0,0,0,0,0,0,0,0,0");
tmap.push("489,489,489,489,489,489,489,489,489,489,489,489,489,489,489,489,489,489,489,489,489,489,489,489,530,570,571,0,0,0,0,0,0,0,0,0,0,0,0,0");
tmap.push("489,489,489,489,489,489,489,489,489,489,489,489,489,489,489,489,489,489,489,489,489,489,489,489,489,489,530,570,570,570,570,570,570,571,6,6,6,6,6,6");
tmap.push("489,489,489,489,489,489,489,489,489,489,489,489,489,489,489,489,489,489,489,489,489,489,489,489,489,489,489,489,489,489,489,489,489,530,570,570,570,570,570,570");
tmap.push("489,489,489,489,489,489,489,489,489,489,489,489,489,489,489,489,489,489,489,489,489,489,489,489,489,489,489,489,489,489,489,489,489,489,489,489,489,489,489,489");
tmap.push("489,489,489,489,489,489,489,489,489,489,489,489,489,489,489,489,489,489,489,489,489,489,489,489,489,489,489,489,489,489,489,489,489,489,489,489,489,489,489,489");
tmap.push("489,489,489,489,489,489,489,489,489,489,489,489,489,489,489,489,489,489,489,489,489,489,489,489,489,489,489,489,489,489,489,489,489,489,489,489,489,489,489,489");
tmap.push("489,489,489,489,489,489,489,489,489,489,489,489,489,489,489,489,489,489,489,489,489,489,489,489,489,489,489,489,489,489,489,489,489,489,489,489,489,489,489,489");
tmap.push("489,489,489,489,489,489,489,489,489,489,489,489,489,489,489,489,489,489,489,489,489,489,489,489,489,489,489,489,489,489,489,489,489,489,489,489,489,489,489,489");
tmap.push("489,489,489,489,489,489,489,489,489,489,489,489,489,489,489,489,489,489,489,489,489,489,489,489,489,489,489,489,489,489,489,489,489,489,489,489,489,489,489,489");
tmap.push("489,489,489,489,489,489,489,489,489,489,489,489,489,489,489,489,489,489,489,489,489,489,489,489,489,489,489,489,489,489,489,489,489,489,489,489,489,489,489,489");
tmap.push("489,489,489,489,489,489,489,489,489,489,489,489,489,489,489,489,489,489,489,489,489,489,489,489,489,489,489,489,489,489,489,489,489,489,489,489,489,489,489,489");
tmap.push("489,489,489,489,489,489,489,489,489,489,489,489,489,489,489,489,489,489,489,489,489,489,489,489,489,489,489,489,489,489,489,489,489,489,489,489,489,489,489,489");
tmap.push("489,489,489,489,489,489,489,489,489,489,489,489,489,489,489,489,489,489,489,489,489,489,489,489,489,489,489,489,489,489,489,489,489,489,489,489,489,489,489,489");
tmap.push("489,489,489,489,489,489,489,489,489,489,489,489,489,489,489,489,489,489,489,489,489,489,489,489,489,489,489,489,489,489,489,489,489,489,489,489,489,489,489,489");

obj.createentity(game, 240, 96, 10, 0, 116020);  // (savepoint)
break;
