case rn(102,102):
tmap = new Array();
tmap.push("483,483,483,483,483,483,483,483,483,483,483,483,483,483,483,483,483,483,483,483,483,483,483,483,483,483,483,483,483,483,483,483,483,483,483,483,483,483,483,483");
tmap.push("644,644,644,644,644,644,644,644,644,644,644,644,644,644,644,644,644,644,644,644,644,644,644,644,485,483,483,483,483,483,483,483,483,483,483,483,483,483,483,483");
tmap.push("0,0,0,0,683,0,0,0,0,0,0,0,683,0,0,0,0,0,0,0,0,0,0,50,603,483,483,483,483,483,483,483,483,483,483,483,483,483,483,483");
tmap.push("0,0,0,0,683,0,0,0,0,0,0,0,683,0,0,0,0,0,0,0,0,0,0,50,603,483,483,483,483,483,483,483,483,483,483,483,483,483,483,483");
tmap.push("0,0,0,0,683,0,0,0,0,0,0,0,683,0,0,0,0,0,0,0,0,0,0,50,603,483,483,483,483,483,483,483,483,483,483,483,483,483,483,483");
tmap.push("0,0,0,0,683,0,0,0,0,0,0,0,683,0,0,0,0,0,0,0,0,0,0,50,603,483,483,483,483,483,483,483,483,483,483,483,483,483,483,483");
tmap.push("564,564,564,564,564,564,564,564,564,564,564,564,564,564,564,564,565,0,0,0,0,0,0,50,603,483,483,483,483,483,483,483,483,483,483,483,483,483,483,483");
tmap.push("483,483,483,483,483,483,483,483,483,483,483,483,483,483,483,483,605,0,0,0,0,0,0,50,603,483,483,483,483,483,483,483,483,483,483,483,483,483,483,483");
tmap.push("483,483,483,483,483,483,483,483,483,483,483,483,483,483,484,644,645,0,0,0,0,0,0,50,603,483,483,483,483,483,483,483,483,483,483,483,483,483,483,483");
tmap.push("483,483,483,483,483,483,483,483,483,483,483,483,483,483,605,49,0,0,0,0,0,0,50,563,525,483,483,483,483,483,483,483,483,483,483,483,483,483,483,483");
tmap.push("483,483,483,483,483,483,483,483,483,483,483,483,483,483,605,49,0,0,0,0,0,0,50,603,483,483,483,483,483,483,483,483,483,483,483,483,483,483,483,483");
tmap.push("483,483,483,483,483,483,483,483,483,483,483,483,483,484,645,49,0,0,0,0,0,0,50,603,483,483,483,483,483,483,483,483,483,483,483,483,483,483,483,483");
tmap.push("483,483,483,483,483,483,483,483,483,483,483,483,483,605,49,0,0,0,0,0,0,50,563,525,483,483,483,483,483,483,483,483,483,483,483,483,483,483,483,483");
tmap.push("483,483,483,483,483,483,483,483,483,483,483,483,483,605,49,0,0,0,0,0,0,50,603,483,483,483,483,483,483,483,483,483,483,483,483,483,483,483,483,483");
tmap.push("483,483,483,483,483,483,483,483,483,483,483,483,484,645,49,0,0,0,0,0,0,50,603,483,483,483,483,483,483,483,483,483,483,483,483,483,483,483,483,483");
tmap.push("483,483,483,483,483,483,483,483,483,483,483,483,605,49,0,0,0,0,0,0,50,563,525,483,483,483,483,483,483,483,483,483,483,483,483,483,483,483,483,483");
tmap.push("483,483,483,483,483,483,483,483,483,483,483,483,605,49,0,0,0,0,0,0,50,603,483,483,483,483,483,483,483,483,483,483,483,483,483,483,483,483,483,483");
tmap.push("483,483,483,483,483,483,483,483,483,483,483,484,645,49,0,0,0,0,0,0,50,603,483,483,483,483,483,483,483,483,483,483,483,483,483,483,483,483,483,483");
tmap.push("483,483,483,483,483,483,483,483,483,483,483,605,49,0,0,0,0,0,0,50,563,525,483,483,483,483,483,483,483,483,483,483,483,483,483,483,483,483,483,483");
tmap.push("483,483,483,483,483,483,483,483,483,483,483,605,49,0,0,0,0,0,0,50,603,483,483,483,483,483,483,483,483,483,483,483,483,483,483,483,483,483,483,483");
tmap.push("483,483,483,483,483,483,483,483,483,483,484,645,49,0,0,0,0,0,0,50,603,483,483,483,483,483,483,483,483,483,483,483,483,483,483,483,483,483,483,483");
tmap.push("483,483,483,483,483,483,483,483,483,483,605,49,0,0,0,0,0,0,50,563,525,483,483,483,483,483,483,483,483,483,483,483,483,483,483,483,483,483,483,483");
tmap.push("483,483,483,483,483,483,483,483,483,483,605,49,0,0,0,0,0,0,50,603,483,483,483,483,483,483,483,483,483,483,483,483,483,483,483,483,483,483,483,483");
tmap.push("483,483,483,483,483,483,483,483,483,484,645,49,0,0,0,0,0,0,50,603,483,483,483,483,483,483,483,483,483,483,483,483,483,483,483,483,483,483,483,483");
tmap.push("483,483,483,483,483,483,483,483,483,605,49,0,0,0,0,0,0,50,563,525,483,483,483,483,483,483,483,483,483,483,483,483,483,483,483,483,483,483,483,483");
tmap.push("483,483,483,483,483,483,483,483,483,605,49,0,0,0,0,0,0,50,603,483,483,483,483,483,483,483,483,483,483,483,483,483,483,483,483,483,483,483,483,483");
tmap.push("483,483,483,483,483,483,483,483,483,605,49,0,0,0,0,0,0,50,603,483,483,483,483,483,483,483,483,483,483,483,483,483,483,483,483,483,483,483,483,483");
tmap.push("483,483,483,483,483,483,483,483,483,605,49,0,0,0,0,0,0,50,603,483,483,483,483,483,483,483,483,483,483,483,483,483,483,483,483,483,483,483,483,483");
tmap.push("483,483,483,483,483,483,483,483,483,605,49,0,0,0,0,0,0,50,603,483,483,483,483,483,483,483,483,483,483,483,483,483,483,483,483,483,483,483,483,483");
tmap.push("483,483,483,483,483,483,483,483,483,605,49,0,0,0,0,0,0,50,603,483,483,483,483,483,483,483,483,483,483,483,483,483,483,483,483,483,483,483,483,483");

obj.createentity(game, 56, 32, 10, 1, 103020);  // (savepoint)
break;
