case rn(103,110):
tmap = new Array();
tmap.push("101,101,101,101,101,101,101,101,101,101,101,101,101,101,101,101,101,101,101,101,101,101,101,101,101,101,101,101,101,101,101,101,101,101,101,101,101,101,101,101");
tmap.push("101,101,101,101,101,101,101,101,101,101,101,101,101,101,101,101,101,101,101,101,101,101,101,101,101,101,101,101,101,101,101,101,101,101,101,101,101,101,101,101");
tmap.push("101,101,101,101,101,101,101,101,101,101,101,101,101,101,101,101,101,101,101,101,101,101,101,101,101,101,101,101,101,101,101,101,101,101,101,101,101,101,101,101");
tmap.push("101,101,101,101,101,101,101,101,101,101,101,101,101,101,101,101,101,101,101,101,101,101,101,101,101,101,101,101,101,101,101,101,101,101,101,101,101,101,101,101");
tmap.push("262,262,262,262,262,262,262,262,262,262,262,262,262,262,262,262,262,262,262,262,262,262,262,262,262,262,262,262,262,262,262,262,262,262,262,262,262,262,262,262");
tmap.push("741,741,741,741,741,741,741,863,0,0,0,0,0,0,0,861,741,741,741,741,741,741,741,741,863,0,0,0,0,0,0,0,861,741,741,741,741,741,741,741");
tmap.push("741,741,741,741,741,741,741,863,0,0,0,0,0,0,0,861,741,742,902,902,902,902,743,741,863,0,0,0,0,0,0,0,861,741,741,741,741,741,741,741");
tmap.push("741,741,741,741,741,741,741,863,0,0,0,0,0,0,0,861,741,863,0,0,0,0,861,741,863,0,0,0,0,0,0,0,861,741,741,741,741,741,741,741");
tmap.push("741,741,741,741,741,741,741,863,0,0,0,0,0,0,0,861,741,863,0,0,0,0,861,741,863,0,0,0,0,0,0,0,861,741,741,741,741,741,741,741");
tmap.push("741,741,741,741,741,741,741,863,0,0,0,0,0,0,0,861,741,863,0,0,0,0,861,741,863,0,0,0,0,0,0,0,861,741,741,741,741,741,741,741");
tmap.push("741,741,741,741,741,741,741,863,0,0,0,0,0,0,0,861,741,782,822,822,822,822,783,741,863,0,0,0,0,0,0,0,861,741,741,741,741,741,741,741");
tmap.push("741,741,741,741,741,741,741,863,0,0,0,0,0,0,0,861,741,741,741,741,741,741,741,741,863,0,0,0,0,0,0,0,861,741,741,741,741,741,741,741");
tmap.push("741,741,741,741,741,741,741,181,182,182,182,182,182,182,182,182,182,182,182,182,182,182,182,182,182,182,182,182,182,182,182,182,183,741,741,741,741,741,741,741");
tmap.push("741,741,741,741,741,741,741,221,101,101,101,101,101,101,101,101,101,101,101,101,101,101,101,101,101,101,101,101,101,101,101,101,223,741,741,741,741,741,741,741");
tmap.push("741,741,741,741,741,741,741,221,101,101,101,101,101,101,101,101,101,101,101,101,101,101,101,101,101,101,101,101,101,101,101,101,223,741,741,741,741,741,741,741");
tmap.push("741,741,741,741,741,741,741,261,262,262,262,262,262,262,262,262,262,262,262,262,262,262,262,262,262,262,262,262,262,262,262,262,263,741,741,741,741,741,741,741");
tmap.push("741,741,741,741,741,741,741,741,741,741,741,741,741,741,741,741,741,741,741,741,741,741,741,741,741,741,741,741,741,741,741,741,741,741,741,741,741,741,741,741");
tmap.push("741,741,741,741,741,741,741,741,741,741,741,741,741,741,741,741,742,902,902,902,902,902,902,743,741,741,741,741,741,741,741,741,741,741,741,741,741,741,741,741");
tmap.push("741,741,741,742,902,902,902,902,902,902,902,902,902,743,741,741,863,0,0,0,0,0,0,861,741,741,742,902,902,902,902,902,902,902,902,902,743,741,741,741");
tmap.push("741,741,741,863,0,0,0,0,0,0,0,0,0,861,741,741,863,0,0,0,0,0,0,861,741,741,863,0,0,0,0,0,0,0,0,0,861,741,741,741");
tmap.push("741,741,741,863,0,0,0,0,0,0,0,0,0,861,741,741,863,0,0,0,0,0,0,861,741,741,863,0,0,0,0,0,0,0,0,0,861,741,741,741");
tmap.push("741,741,741,863,0,0,0,0,0,0,0,0,0,861,741,741,863,0,0,0,0,0,0,861,741,741,863,0,0,0,0,0,0,0,0,0,861,741,741,741");
tmap.push("741,741,741,782,822,822,822,822,822,822,822,822,822,783,741,741,863,0,0,0,0,0,0,861,741,741,782,822,822,822,822,822,822,822,822,822,783,741,741,741");
tmap.push("741,741,741,741,741,741,741,741,741,741,741,741,741,741,741,741,782,822,822,822,822,822,822,783,741,741,741,741,741,741,741,741,741,741,741,741,741,741,741,741");
tmap.push("741,741,741,741,741,741,741,741,741,741,741,741,741,741,741,741,741,741,741,741,741,741,741,741,741,741,741,741,741,741,741,741,741,741,741,741,741,741,741,741");
tmap.push("182,182,182,182,182,182,182,182,182,182,182,182,182,182,182,182,183,741,741,741,741,741,741,181,182,182,182,182,182,182,182,182,182,182,182,182,182,182,182,182");
tmap.push("101,101,101,101,101,101,101,101,101,101,101,101,101,101,101,101,223,741,741,741,741,741,741,221,101,101,101,101,101,101,101,101,101,101,101,101,101,101,101,101");
tmap.push("101,101,101,101,101,101,101,101,101,101,101,101,101,101,101,101,223,741,741,741,741,741,741,221,101,101,101,101,101,101,101,101,101,101,101,101,101,101,101,101");
tmap.push("101,101,101,101,101,101,101,101,101,101,101,101,101,101,101,101,223,741,741,741,741,741,741,221,101,101,101,101,101,101,101,101,101,101,101,101,101,101,101,101");
tmap.push("101,101,101,101,101,101,101,101,101,101,101,101,101,101,101,101,223,741,741,741,741,741,741,221,101,101,101,101,101,101,101,101,101,101,101,101,101,101,101,101");

obj.createentity(game, 216, 80, 10, 1, 111030);  // (savepoint)
obj.createentity(game, 176, 80, 10, 1, 111031);  // (savepoint)
obj.createentity(game, 88, 80, 10, 1, 111032);  // (savepoint)
obj.createentity(game, 128, 80, 10, 1, 111033);  // (savepoint)
obj.createentity(game, 88, 128, 10, 0, 111034);  // (savepoint)
obj.createentity(game, 128, 128, 10, 0, 111035);  // (savepoint)
obj.createentity(game, 176, 128, 10, 0, 111036);  // (savepoint)
obj.createentity(game, 216, 128, 10, 0, 111037);  // (savepoint)
obj.createentity(game, 152, 40, 10, 0, 111038);  // (savepoint)
obj.createentity(game, 40, 40, 10, 0, 111039);  // (savepoint)
obj.createentity(game, 264, 40, 10, 0, 111040);  // (savepoint)
break;
