case rn(104,110):
tmap = new Array();
tmap.push("110,110,110,110,110,110,110,110,110,110,110,110,110,110,110,110,110,110,110,110,110,110,110,110,110,110,110,110,110,110,110,110,110,110,110,110,110,110,110,110");
tmap.push("110,110,110,110,110,110,110,110,110,110,110,110,110,110,110,110,110,110,110,110,110,110,110,110,110,110,110,110,110,110,110,110,110,110,110,110,110,110,110,110");
tmap.push("110,110,110,110,110,110,110,110,110,110,110,110,110,110,110,110,110,110,110,110,110,110,110,110,110,110,110,110,110,110,110,110,110,110,110,110,110,110,110,110");
tmap.push("110,110,110,110,110,110,110,110,110,110,110,110,110,110,110,110,110,110,110,110,110,110,110,110,110,110,110,110,110,110,110,110,110,110,110,110,110,110,110,110");
tmap.push("271,271,271,271,271,271,271,271,112,110,110,110,110,110,110,110,110,110,110,110,110,110,110,110,110,110,110,110,110,110,110,110,110,110,110,110,110,110,110,110");
tmap.push("750,750,750,750,750,750,750,750,270,271,271,112,110,110,110,110,110,110,110,110,110,110,110,110,110,110,110,110,110,110,110,110,110,110,110,110,110,110,110,110");
tmap.push("750,750,750,750,750,750,750,750,750,750,750,270,271,271,112,110,110,110,110,110,110,110,110,110,110,110,110,110,110,110,110,110,110,110,110,110,110,110,110,110");
tmap.push("750,751,911,911,911,911,911,911,752,750,750,750,750,750,270,271,271,271,271,271,271,271,271,271,271,271,271,271,112,110,110,110,110,110,110,110,110,110,110,110");
tmap.push("750,872,0,0,0,0,0,0,870,750,750,750,750,750,750,750,750,750,750,750,750,750,750,750,750,750,750,750,270,271,271,271,271,112,110,110,110,110,110,110");
tmap.push("750,872,0,0,0,0,0,0,870,750,750,750,750,750,750,750,750,750,750,750,750,751,911,911,752,750,750,750,750,872,0,0,0,270,271,112,110,110,110,110");
tmap.push("750,872,0,0,0,0,0,0,870,750,750,750,750,750,750,750,750,751,911,911,752,872,0,0,870,750,750,750,750,872,0,0,0,0,0,230,110,110,110,110");
tmap.push("750,791,831,831,831,831,831,831,792,750,750,750,750,751,911,911,752,872,0,0,870,872,0,0,870,750,750,750,750,872,0,0,0,0,0,230,110,110,110,110");
tmap.push("750,750,750,750,750,750,750,750,750,751,911,911,752,872,0,0,870,872,0,0,870,872,0,0,870,750,750,750,750,872,0,0,0,0,0,230,110,110,110,110");
tmap.push("750,750,750,750,750,751,911,911,752,872,0,0,870,872,0,0,870,872,0,0,870,872,0,0,870,750,750,750,750,872,0,0,0,0,0,230,110,110,110,110");
tmap.push("750,751,911,911,752,872,0,0,870,872,0,0,870,872,0,0,870,872,0,0,870,872,0,0,870,750,750,750,750,872,0,0,0,0,0,230,110,110,110,110");
tmap.push("750,872,0,0,870,872,0,0,870,872,0,0,870,872,0,0,870,872,0,0,870,872,0,0,870,750,750,750,750,872,0,0,0,0,0,230,110,110,110,110");
tmap.push("750,872,0,0,870,872,0,0,870,872,0,0,870,872,0,0,870,872,0,0,870,872,0,0,870,750,750,750,750,872,0,0,0,0,0,230,110,110,110,110");
tmap.push("750,872,0,0,870,872,0,0,870,872,0,0,870,872,0,0,870,872,0,0,870,872,0,0,870,750,750,750,190,191,191,191,191,191,191,152,110,110,110,110");
tmap.push("750,872,0,0,870,872,0,0,870,872,0,0,870,872,0,0,870,872,0,0,870,872,0,0,870,750,750,190,152,110,110,110,110,110,110,110,110,110,110,110");
tmap.push("750,872,0,0,870,872,0,0,870,872,0,0,870,872,0,0,870,872,0,0,870,872,0,0,870,750,190,152,110,110,110,110,110,110,110,110,110,110,110,110");
tmap.push("750,872,0,0,870,872,0,0,870,872,0,0,870,872,0,0,870,872,0,0,870,872,0,0,870,750,270,271,271,271,271,271,271,271,271,112,110,110,110,110");
tmap.push("750,872,0,0,870,872,0,0,870,872,0,0,870,872,0,0,870,872,0,0,870,872,0,0,870,750,750,750,750,872,0,0,0,0,0,230,110,110,110,110");
tmap.push("750,872,0,0,870,872,0,0,870,872,0,0,870,872,0,0,870,872,0,0,870,872,0,0,870,750,750,750,750,872,0,0,0,0,0,230,110,110,110,110");
tmap.push("750,791,831,831,792,791,831,831,792,791,831,831,792,791,831,831,792,791,831,831,792,791,831,831,792,750,750,750,750,872,0,0,0,0,0,230,110,110,110,110");
tmap.push("750,750,750,750,750,750,750,750,750,750,750,750,750,750,750,750,750,750,750,750,750,750,750,750,750,750,750,750,750,872,0,0,0,0,0,230,110,110,110,110");
tmap.push("191,191,191,191,191,191,191,191,191,191,191,191,191,191,191,191,191,191,191,191,191,191,191,191,191,191,191,191,191,191,191,191,191,191,191,152,110,110,110,110");
tmap.push("110,110,110,110,110,110,110,110,110,110,110,110,110,110,110,110,110,110,110,110,110,110,110,110,110,110,110,110,110,110,110,110,110,110,110,110,110,110,110,110");
tmap.push("110,110,110,110,110,110,110,110,110,110,110,110,110,110,110,110,110,110,110,110,110,110,110,110,110,110,110,110,110,110,110,110,110,110,110,110,110,110,110,110");
tmap.push("110,110,110,110,110,110,110,110,110,110,110,110,110,110,110,110,110,110,110,110,110,110,110,110,110,110,110,110,110,110,110,110,110,110,110,110,110,110,110,110");
tmap.push("110,110,110,110,110,110,110,110,110,110,110,110,110,110,110,110,110,110,110,110,110,110,110,110,110,110,110,110,110,110,110,110,110,110,110,110,110,110,110,110");

obj.createentity(game, 256, 120, 10, 1, 111040);  // (savepoint)
obj.createentity(game, 256, 184, 10, 1, 111041);  // (savepoint)
obj.createentity(game, 232, 184, 10, 1, 111042);  // (savepoint)
obj.createentity(game, 208, 184, 10, 1, 111043);  // (savepoint)
break;
