case rn(105,118):
tmap = new Array();
tmap.push("489,489,489,489,489,489,489,489,489,489,489,489,489,489,489,489,489,489,489,489,489,489,489,489,489,489,489,489,489,489,489,489,489,489,489,489,489,489,489,489");
tmap.push("489,489,489,489,489,489,489,489,489,489,489,489,489,489,489,489,489,489,489,489,489,489,489,489,489,489,489,489,489,489,489,489,489,489,489,489,489,489,489,489");
tmap.push("489,489,490,650,650,650,650,650,650,650,650,650,650,650,650,650,650,650,650,650,650,650,650,650,650,650,650,650,650,650,650,650,650,650,650,650,650,650,650,650");
tmap.push("489,489,611,0,0,0,0,0,689,0,0,0,0,0,0,0,0,0,689,0,0,0,0,0,0,0,0,0,0,0,0,0,0,0,689,0,0,0,0,0");
tmap.push("489,489,611,0,0,0,0,0,689,0,0,0,0,0,0,0,0,0,689,0,0,0,0,0,0,0,0,0,0,0,0,0,0,0,689,0,0,0,0,0");
tmap.push("489,489,611,0,0,0,0,0,689,0,0,0,0,0,0,0,0,0,689,0,0,0,0,0,0,0,0,0,0,0,0,0,0,0,689,0,0,0,0,0");
tmap.push("489,489,611,0,0,0,0,0,689,0,0,0,0,0,0,0,0,0,689,0,0,0,0,0,0,0,0,0,0,0,0,0,0,0,689,0,0,0,0,0");
tmap.push("489,489,611,0,0,0,0,569,570,570,570,570,570,570,570,570,570,570,570,570,570,570,570,570,570,570,570,570,570,570,570,570,570,570,570,570,570,570,570,570");
tmap.push("489,489,611,690,690,690,690,609,489,489,489,489,489,489,489,489,489,489,489,489,489,489,489,489,489,489,489,489,489,489,489,489,489,489,489,489,489,489,489,489");
tmap.push("489,489,611,0,0,0,0,609,489,489,489,489,489,489,489,489,489,489,489,489,489,489,489,489,489,489,489,489,489,489,489,489,489,489,489,489,489,489,489,489");
tmap.push("489,489,611,0,0,0,0,609,489,489,490,650,650,650,650,650,650,650,650,650,650,650,650,650,650,650,650,650,650,650,650,650,650,650,650,650,650,650,650,650");
tmap.push("489,489,611,0,0,0,0,609,489,489,611,0,0,0,0,0,689,0,0,0,0,0,0,0,0,0,0,0,0,689,0,0,0,0,0,0,0,0,0,0");
tmap.push("489,489,611,0,0,0,0,609,489,489,611,0,0,0,0,0,689,0,0,0,0,0,0,0,0,0,0,0,0,689,0,0,0,0,0,0,0,0,0,0");
tmap.push("489,489,611,0,0,0,0,609,489,489,611,0,0,0,0,0,689,0,0,0,0,0,0,0,0,0,0,0,0,689,0,0,0,0,0,0,0,0,0,0");
tmap.push("489,489,611,0,0,0,0,609,489,489,611,0,0,0,0,0,689,0,0,0,0,0,0,0,0,0,0,0,0,689,0,0,0,0,0,0,0,0,0,0");
tmap.push("489,489,611,0,0,0,0,609,489,489,611,0,0,0,0,569,570,570,570,570,570,570,570,570,570,570,570,570,570,570,570,570,570,570,570,570,570,570,570,570");
tmap.push("489,489,611,0,0,0,0,609,489,489,611,690,690,690,690,609,489,489,489,489,489,489,489,489,489,489,489,489,489,489,489,489,489,489,489,489,489,489,489,489");
tmap.push("489,489,611,0,0,0,0,609,489,489,611,0,0,0,0,609,489,489,489,489,489,489,489,489,489,489,489,489,489,489,489,489,489,489,489,489,489,489,489,489");
tmap.push("489,489,611,0,0,0,0,609,489,489,611,0,0,0,0,609,489,489,490,650,650,650,650,650,650,650,650,650,650,650,650,650,650,650,650,650,650,650,650,650");
tmap.push("489,489,611,0,0,0,0,609,489,489,611,0,0,0,0,609,489,489,611,0,0,0,0,0,689,0,0,0,0,0,0,0,0,0,0,0,0,0,0,0");
tmap.push("489,489,611,0,0,0,0,609,489,489,611,0,0,0,0,609,489,489,611,0,0,0,0,0,689,0,0,0,0,0,0,0,0,0,0,0,0,0,0,0");
tmap.push("489,489,611,0,0,0,0,609,489,489,611,0,0,0,0,609,489,489,611,0,0,0,0,0,689,0,0,0,0,0,0,0,0,0,0,0,0,0,0,0");
tmap.push("489,489,611,690,690,690,690,609,489,489,611,0,0,0,0,609,489,489,611,0,0,0,0,0,689,0,0,0,0,0,0,0,0,0,0,0,0,0,0,0");
tmap.push("489,489,611,0,0,0,0,609,489,489,611,0,0,0,0,609,489,489,611,0,0,0,0,569,570,570,570,570,570,570,570,570,570,570,570,570,570,570,570,570");
tmap.push("489,489,611,0,0,0,0,609,489,489,611,0,0,0,0,609,489,489,611,690,690,690,690,609,489,489,489,489,489,489,489,489,489,489,489,489,489,489,489,489");
tmap.push("489,489,611,0,0,0,0,609,489,489,611,0,0,0,0,609,489,489,611,0,0,0,0,609,489,489,489,489,489,489,489,489,489,489,489,489,489,489,489,489");
tmap.push("489,489,611,0,0,0,0,609,489,489,611,0,0,0,0,609,489,489,611,0,0,0,0,609,489,489,489,489,489,489,489,489,489,489,489,489,489,489,489,489");
tmap.push("489,489,611,0,0,0,0,609,489,489,611,0,0,0,0,609,489,489,611,0,0,0,0,609,489,489,489,489,489,489,489,489,489,489,489,489,489,489,489,489");
tmap.push("489,489,611,0,0,0,0,609,489,489,611,0,0,0,0,609,489,489,611,0,0,0,0,609,489,489,489,489,489,489,489,489,489,489,489,489,489,489,489,489");
tmap.push("489,489,611,0,0,0,0,609,489,489,611,0,0,0,0,609,489,489,611,0,0,0,0,609,489,489,489,489,489,489,489,489,489,489,489,489,489,489,489,489");

obj.createentity(game, 224, 160, 9, 0);  // (shiny trinket)
obj.createentity(game, 216, 152, 14); //Teleporter!
break;
