case rn(105,115):
tmap = new Array();
tmap.push("486,486,486,486,486,486,486,487,647,647,647,647,488,486,486,486,486,487,647,647,647,647,647,647,647,647,647,647,647,488,486,486,486,486,486,486,486,486,486,486");
tmap.push("486,486,486,486,486,486,486,608,0,0,0,0,606,486,486,486,486,608,0,0,0,0,0,0,0,0,0,0,0,646,488,486,486,486,486,486,486,486,486,486");
tmap.push("486,486,486,486,487,647,647,648,0,0,0,0,606,486,486,487,647,648,0,0,0,0,0,0,0,0,0,0,0,0,646,647,647,647,488,486,486,486,486,486");
tmap.push("486,487,647,647,648,686,0,0,0,0,0,0,606,486,487,648,0,0,0,0,0,0,0,0,0,0,0,0,0,0,0,0,0,0,606,486,486,486,486,486");
tmap.push("486,608,0,0,0,686,0,0,0,0,0,0,606,486,608,0,0,0,0,0,0,0,0,0,0,0,0,0,0,566,567,568,0,566,528,487,647,647,647,647");
tmap.push("486,608,0,0,0,686,0,0,0,0,0,0,606,486,608,687,687,687,687,687,566,567,567,567,567,567,568,687,687,606,486,608,0,606,486,608,0,0,686,0");
tmap.push("486,608,0,0,0,686,0,0,0,0,0,0,646,488,608,0,0,0,0,0,606,486,486,486,487,647,648,0,0,646,647,648,0,606,486,608,0,0,566,567");
tmap.push("486,608,0,0,0,686,0,0,0,566,568,0,0,646,648,0,0,0,0,566,528,486,486,486,608,0,0,0,0,0,686,0,0,606,486,608,0,0,606,486");
tmap.push("486,608,0,0,0,566,568,0,0,606,527,568,0,0,686,0,0,0,0,646,647,647,488,486,527,568,0,0,0,0,686,0,0,606,486,608,0,0,646,647");
tmap.push("486,608,687,687,687,606,527,567,567,528,486,608,0,0,686,0,0,0,0,0,0,0,646,647,488,527,568,0,0,0,686,0,0,606,486,608,0,0,0,0");
tmap.push("486,608,0,0,0,646,488,486,486,486,487,648,0,0,686,0,0,0,0,0,0,0,686,0,606,487,648,0,0,0,686,0,566,528,486,608,0,0,0,0");
tmap.push("486,608,0,0,0,0,646,488,486,486,608,0,0,0,686,0,0,0,0,0,0,0,686,0,646,648,0,0,0,0,686,0,606,486,487,648,0,0,0,0");
tmap.push("486,608,0,0,0,0,0,646,647,647,648,0,566,567,567,567,568,0,0,0,566,567,568,0,0,0,0,0,0,566,567,567,528,486,608,0,0,0,0,0");
tmap.push("486,608,0,0,0,0,0,686,0,0,0,566,528,486,486,486,608,0,0,566,528,486,608,687,687,687,687,687,687,606,486,487,647,647,648,0,0,0,0,0");
tmap.push("486,608,0,0,0,0,0,686,0,0,566,528,486,486,487,647,648,0,0,606,486,487,648,0,0,0,0,0,0,606,486,608,0,0,686,0,0,0,0,0");
tmap.push("486,608,0,0,0,0,0,686,0,0,606,486,486,487,648,0,0,0,0,646,647,648,0,0,0,0,0,0,566,528,486,608,0,0,686,0,0,0,0,0");
tmap.push("486,608,0,0,0,0,0,686,0,0,646,488,486,608,0,0,0,0,0,0,686,0,0,0,0,566,567,567,528,487,647,648,0,0,686,0,0,0,0,0");
tmap.push("486,608,0,0,0,566,567,568,0,0,0,646,488,608,0,0,0,0,0,0,686,0,0,0,0,606,486,487,647,648,0,0,0,0,686,0,0,0,0,0");
tmap.push("486,527,567,568,0,606,486,608,0,0,0,0,606,527,568,0,0,0,0,566,568,0,0,0,0,646,488,608,0,0,0,0,0,0,566,567,568,0,0,0");
tmap.push("486,486,486,608,0,646,647,648,0,0,0,0,606,486,608,0,0,566,567,528,608,0,0,0,0,0,646,648,0,0,0,0,0,0,606,486,608,0,0,0");
tmap.push("486,486,486,527,568,0,0,686,0,0,0,0,606,487,648,687,687,606,486,486,608,0,0,0,0,0,0,686,0,0,0,0,0,0,606,487,648,0,0,0");
tmap.push("486,486,486,486,608,0,0,686,0,0,0,0,606,608,0,0,0,606,486,486,608,0,0,0,0,0,0,566,567,567,568,0,0,566,528,608,0,0,0,0");
tmap.push("486,486,486,486,608,0,0,566,567,568,0,0,606,608,0,0,0,606,486,486,527,567,567,568,687,687,687,606,486,486,608,0,0,606,486,608,0,0,0,0");
tmap.push("486,486,486,486,608,0,566,528,486,608,0,0,606,608,0,0,0,606,486,486,486,486,486,608,0,0,0,646,647,647,648,0,0,646,647,648,0,0,0,0");
tmap.push("486,486,486,486,608,0,606,486,487,648,0,0,646,648,0,0,0,606,486,486,486,486,486,608,0,0,0,0,0,0,0,0,0,0,686,0,0,0,0,0");
tmap.push("486,486,486,486,608,0,606,486,608,0,0,0,0,686,0,0,566,528,486,486,486,486,486,527,568,0,0,0,0,0,0,0,0,566,567,568,0,0,0,0");
tmap.push("486,486,486,486,527,567,528,486,608,0,0,0,0,686,0,0,606,486,486,486,486,486,486,486,608,0,0,0,0,0,0,0,0,606,486,608,0,0,0,0");
tmap.push("486,486,486,486,486,486,486,486,608,0,0,0,0,686,0,0,606,486,486,486,486,486,486,486,608,0,0,0,0,0,0,0,0,606,486,527,567,567,567,567");
tmap.push("486,486,486,486,486,486,486,486,527,567,568,0,0,686,0,0,606,486,486,486,486,486,486,486,527,568,0,0,0,0,0,566,567,528,486,486,486,486,486,486");
tmap.push("486,486,486,486,486,486,486,486,486,486,527,567,567,567,567,567,528,486,486,486,486,486,486,486,486,527,567,567,567,567,567,528,486,486,486,486,486,486,486,486");

obj.createentity(game, 72, 16, 9, 0);  // (shiny trinket)
break;
