case rn(105,103):
tmap = new Array();
tmap.push("492,492,492,492,492,492,492,492,492,492,492,492,492,492,492,492,492,492,614,0,0,0,0,0,0,0,0,0,0,0,0,0,0,0,0,0,0,0,0,0");
tmap.push("492,492,492,492,492,492,492,492,492,492,492,492,492,492,492,492,492,492,614,0,0,0,0,0,0,0,0,0,0,0,0,0,0,0,0,0,0,0,0,0");
tmap.push("492,492,492,492,492,492,492,492,492,492,492,492,492,492,492,492,492,492,614,0,0,0,0,0,0,0,0,0,0,0,0,0,0,0,0,0,0,0,0,0");
tmap.push("492,492,492,492,492,492,492,492,492,492,492,492,492,492,492,492,492,492,614,0,0,0,0,0,0,0,0,0,0,0,0,0,0,0,0,0,0,0,0,0");
tmap.push("492,492,492,492,492,492,492,492,492,492,492,492,492,492,492,492,492,492,614,0,0,0,0,0,0,0,0,0,0,0,0,0,0,0,0,0,0,0,0,0");
tmap.push("492,492,492,492,492,492,492,492,492,492,492,492,492,492,492,492,492,492,614,0,0,0,0,0,0,0,0,0,0,0,0,0,0,0,0,0,0,0,0,0");
tmap.push("492,492,492,492,492,492,492,492,492,492,492,492,492,492,492,492,492,492,614,0,0,0,0,0,0,0,0,572,573,574,0,0,0,0,0,0,0,0,0,0");
tmap.push("492,492,492,492,492,492,492,492,492,492,492,492,492,492,492,492,492,492,614,693,693,693,693,693,693,693,693,612,492,614,0,0,0,0,0,0,0,0,0,0");
tmap.push("492,492,492,492,492,492,492,492,492,492,492,492,492,492,492,492,492,492,614,0,0,0,0,0,0,0,0,652,653,654,0,0,0,0,0,0,0,0,0,0");
tmap.push("492,492,492,492,492,492,492,492,492,492,492,492,492,492,492,492,492,492,614,0,0,0,0,0,0,0,0,0,692,0,0,0,0,0,0,0,0,0,0,0");
tmap.push("492,492,492,492,492,492,492,492,492,492,492,492,492,492,492,492,492,492,614,0,0,0,0,0,0,0,0,0,692,0,0,0,0,0,0,0,0,0,0,0");
tmap.push("492,492,492,492,492,492,492,492,492,492,492,492,492,492,492,492,492,492,614,0,0,0,0,0,0,0,0,0,692,0,0,0,0,0,0,0,0,0,0,0");
tmap.push("492,492,492,492,492,492,492,492,492,492,492,492,492,492,492,492,492,492,614,0,0,0,0,0,0,0,0,0,692,0,0,0,0,0,0,0,0,0,0,0");
tmap.push("492,492,492,492,492,492,492,492,492,492,492,492,492,492,492,492,492,492,614,0,0,0,0,0,692,0,0,0,692,0,0,692,0,572,573,573,574,0,0,0");
tmap.push("492,492,492,492,492,492,492,492,492,492,492,492,492,492,492,492,492,492,614,0,0,0,0,693,694,693,693,693,694,693,693,694,693,612,492,492,614,0,0,0");
tmap.push("492,492,492,492,492,492,492,492,492,492,492,492,492,492,492,492,492,492,614,0,0,0,0,0,692,0,0,0,692,0,0,692,0,652,653,653,654,0,0,0");
tmap.push("492,492,492,492,492,492,492,492,492,492,492,492,492,492,492,492,492,492,614,0,0,0,0,0,692,0,0,0,692,0,0,692,0,0,0,0,0,0,0,0");
tmap.push("492,492,492,492,492,492,492,492,492,492,492,492,492,492,492,492,492,492,614,0,0,0,0,0,692,0,0,0,0,0,0,692,0,0,0,0,0,0,0,0");
tmap.push("492,492,492,492,492,492,492,492,492,492,492,492,492,492,492,492,492,492,614,0,0,0,0,572,573,574,0,0,0,0,0,692,0,0,0,0,0,0,0,0");
tmap.push("492,492,492,492,492,492,492,492,492,492,492,492,492,492,492,492,492,492,614,0,0,0,0,612,492,614,0,0,0,0,0,692,0,0,0,0,0,0,0,0");
tmap.push("492,492,492,492,492,492,492,492,492,492,492,492,492,492,492,492,492,492,614,0,0,0,0,652,653,654,0,0,0,0,0,692,0,0,0,0,0,0,0,0");
tmap.push("492,492,492,492,492,492,492,492,492,492,492,492,492,492,492,492,492,492,614,0,0,0,0,0,0,0,0,0,0,0,0,692,0,0,0,0,0,0,0,0");
tmap.push("492,492,492,492,492,492,492,492,492,492,492,492,492,492,492,492,492,492,614,0,0,0,0,0,0,0,0,0,0,0,572,573,574,0,0,0,0,0,0,0");
tmap.push("492,492,492,492,492,492,492,492,492,492,492,492,492,492,492,492,492,492,614,693,693,693,693,693,693,693,693,693,693,693,612,492,614,0,0,0,0,0,0,0");
tmap.push("492,492,492,492,492,492,492,492,492,492,492,492,492,492,492,492,492,492,614,0,0,0,0,0,0,0,0,0,0,0,652,653,654,0,0,0,0,0,0,0");
tmap.push("492,492,492,492,492,492,492,492,492,492,492,492,492,492,492,492,492,492,614,0,0,0,0,0,0,0,0,0,0,0,0,0,0,0,0,0,0,0,0,0");
tmap.push("492,492,492,492,492,492,492,492,492,492,492,492,492,492,492,492,492,492,614,0,0,0,0,0,0,0,0,0,0,0,0,0,0,0,0,0,0,0,0,0");
tmap.push("492,492,492,492,492,492,492,492,492,492,492,492,492,492,492,492,492,492,614,0,0,0,0,0,0,0,0,0,0,0,0,0,0,0,0,0,0,0,0,0");
tmap.push("492,492,492,492,492,492,492,492,492,492,492,492,492,492,492,492,492,492,614,0,0,0,0,0,0,0,0,0,0,0,0,0,0,0,0,0,0,0,0,0");
tmap.push("492,492,492,492,492,492,492,492,492,492,492,492,492,492,492,492,492,492,614,0,0,0,0,0,0,0,0,0,0,0,0,0,0,0,0,0,0,0,0,0");

obj.createentity(game, 272, 128, 10, 0, 104050);  // (savepoint)
break;
