case rn(108,111):
tmap = new Array();
tmap.push("483,483,483,483,483,483,605,0,0,0,0,603,483,483,483,483,483,483,483,483,605,0,0,0,0,0,0,0,0,0,0,0,0,0,0,603,483,483,483,483");
tmap.push("483,483,483,483,483,483,605,0,0,0,0,603,483,483,483,483,483,483,483,483,605,0,0,0,0,0,0,0,0,0,0,0,0,0,0,603,483,483,483,483");
tmap.push("483,483,483,483,483,483,605,684,684,684,684,603,483,483,483,483,483,483,483,483,605,0,0,0,0,0,0,0,0,0,0,0,0,0,0,603,483,483,483,483");
tmap.push("483,483,483,483,483,483,605,0,0,0,0,643,644,644,644,644,644,644,485,483,605,0,0,0,0,0,0,0,0,0,0,0,0,0,0,603,483,483,483,483");
tmap.push("483,483,483,483,483,483,605,0,0,0,0,0,683,0,0,0,0,0,603,483,605,0,0,0,0,0,0,0,0,0,0,0,0,0,0,603,483,483,483,483");
tmap.push("483,483,483,483,483,483,605,0,0,0,0,0,683,0,0,0,0,0,603,483,605,0,0,0,0,0,0,0,0,0,0,0,0,0,0,603,483,483,483,483");
tmap.push("483,483,483,483,483,483,605,0,0,0,0,0,683,0,0,0,0,0,603,483,605,0,0,0,0,0,0,0,0,0,0,0,0,0,0,603,483,483,483,483");
tmap.push("483,483,483,483,483,483,605,0,0,0,0,0,683,0,0,0,0,0,603,483,605,0,0,0,0,0,0,0,0,0,0,0,0,0,0,603,483,483,483,483");
tmap.push("483,483,483,483,483,483,524,564,564,564,564,564,564,565,0,0,0,0,603,483,605,0,0,0,0,0,0,0,0,0,0,0,0,0,0,603,483,483,483,483");
tmap.push("483,483,483,483,483,483,483,483,483,483,483,483,483,605,684,684,684,684,603,483,605,0,0,0,0,0,0,0,0,0,0,0,0,0,0,603,483,483,483,483");
tmap.push("483,483,483,483,483,483,483,483,483,483,483,483,483,605,0,0,0,0,603,483,605,0,0,0,0,0,0,0,0,0,0,0,0,0,0,603,483,483,483,483");
tmap.push("483,483,483,483,483,483,483,483,483,483,483,483,483,605,0,0,0,0,603,483,605,0,0,0,0,0,0,0,0,0,0,0,0,0,0,603,483,483,483,483");
tmap.push("483,483,483,483,483,483,483,483,483,483,483,483,483,605,684,684,684,684,603,483,605,0,0,0,0,0,0,0,0,0,0,0,0,0,0,603,483,483,483,483");
tmap.push("483,483,483,483,483,483,483,483,483,484,644,644,644,645,0,0,0,0,603,483,605,0,0,0,0,0,0,0,0,0,0,0,0,0,0,603,483,483,483,483");
tmap.push("483,483,483,483,483,483,483,484,644,645,0,0,0,0,0,0,0,0,603,483,605,0,0,0,0,0,0,0,0,0,0,0,0,0,0,603,483,483,483,483");
tmap.push("483,483,483,483,483,484,644,645,0,0,0,0,0,0,0,0,0,0,603,483,605,0,0,0,0,0,0,0,0,0,0,0,0,0,0,603,483,483,483,483");
tmap.push("483,483,483,484,644,645,0,0,0,0,0,0,0,0,0,0,0,0,603,483,605,0,0,0,0,0,0,0,0,0,0,0,0,0,0,603,483,483,483,483");
tmap.push("644,644,644,645,0,0,0,0,0,0,0,0,0,0,0,0,0,0,603,483,605,0,0,0,0,0,0,0,0,0,0,0,0,0,0,603,483,483,483,483");
tmap.push("0,0,0,0,0,0,0,0,0,0,0,0,0,563,564,564,564,564,525,483,524,564,564,564,564,564,564,564,564,564,564,564,564,564,564,525,483,483,483,483");
tmap.push("0,0,0,0,0,0,0,0,0,0,0,0,0,643,644,644,644,644,485,483,483,483,483,483,483,483,483,483,483,483,483,483,483,483,483,483,483,483,483,483");
tmap.push("0,0,0,0,0,0,0,0,0,0,0,0,0,0,0,0,0,0,643,644,485,483,483,483,483,483,483,483,483,483,483,483,483,483,483,483,483,483,483,483");
tmap.push("0,0,0,0,0,0,0,0,0,0,0,0,0,0,0,0,0,0,0,0,643,644,485,483,483,483,483,483,483,483,483,483,483,483,483,483,483,483,483,483");
tmap.push("0,0,0,0,0,0,0,0,0,0,0,0,0,0,0,0,0,0,0,0,0,0,643,644,644,644,644,644,644,644,644,644,644,644,644,485,483,483,483,483");
tmap.push("0,0,0,0,0,0,0,0,0,0,0,0,0,0,0,0,0,0,0,0,0,0,0,0,0,0,0,0,0,0,0,0,0,0,0,603,483,483,483,483");
tmap.push("0,0,0,0,0,0,0,0,0,0,0,0,0,0,0,0,0,0,0,0,0,0,0,0,0,0,0,0,0,0,0,0,0,0,0,603,483,483,483,483");
tmap.push("0,0,0,0,0,0,0,0,0,0,0,0,0,0,0,0,0,0,0,0,0,0,0,0,0,0,0,0,0,0,0,0,0,0,0,603,483,483,483,483");
tmap.push("0,0,0,0,0,0,0,0,0,0,0,0,0,0,0,0,0,0,0,0,0,0,0,0,0,0,0,0,0,0,0,0,0,0,0,603,483,483,483,483");
tmap.push("0,0,0,0,0,0,0,0,0,0,0,0,0,0,0,0,0,0,0,0,0,0,0,0,0,0,0,0,0,0,0,0,0,0,0,603,483,483,483,483");
tmap.push("0,0,0,0,0,0,0,0,0,0,0,0,0,0,0,0,0,0,0,0,0,0,0,0,0,0,0,0,0,0,0,0,0,0,0,603,483,483,483,483");
tmap.push("0,0,0,0,0,0,0,0,0,0,0,0,0,0,0,0,0,0,0,0,0,0,0,0,0,0,0,0,0,0,0,0,0,0,0,603,483,483,483,483");

obj.createentity(game, 176, 40, 14); //Teleporter!
obj.createentity(game, 120, 128, 10, 1, 112080);  // (savepoint)
break;
