case rn(110,111):
tmap = new Array();
tmap.push("116,116,116,116,116,116,116,116,116,116,116,116,116,116,116,116,116,116,116,116,116,116,116,238,0,0,0,0,0,612,492,492,492,492,492,492,492,492,492,492");
tmap.push("116,116,116,116,116,116,116,116,116,116,116,116,116,116,116,116,116,116,116,116,116,116,116,238,0,0,0,0,0,612,492,492,492,492,492,492,492,492,492,492");
tmap.push("116,116,116,116,116,116,116,116,116,116,116,116,116,116,116,116,116,116,116,116,116,116,116,238,0,0,0,0,0,612,492,492,492,492,492,492,492,492,492,492");
tmap.push("116,116,116,116,116,116,116,116,116,116,116,116,116,116,116,116,116,116,116,116,116,116,116,238,0,0,0,0,0,612,492,492,492,492,492,492,492,492,492,492");
tmap.push("116,116,116,116,116,116,116,116,116,116,116,116,116,116,116,116,116,116,116,116,116,116,117,278,0,0,0,0,0,612,492,492,492,492,492,492,492,492,492,492");
tmap.push("116,116,116,116,116,116,116,116,116,116,116,116,116,116,116,116,116,116,116,116,116,116,238,0,0,0,0,0,0,612,492,492,492,492,492,492,492,492,492,492");
tmap.push("116,116,116,116,116,116,116,116,116,116,116,116,116,116,116,116,116,116,116,116,116,116,238,0,0,0,0,0,0,612,492,492,492,492,492,492,492,492,492,492");
tmap.push("116,116,116,116,116,116,116,116,116,116,116,116,116,116,116,116,116,116,116,116,116,117,278,0,0,0,0,0,0,612,492,492,492,492,492,492,492,492,492,492");
tmap.push("116,116,116,116,116,116,116,116,116,116,116,116,116,116,116,116,116,116,116,116,116,238,0,0,0,0,0,0,0,652,653,494,492,492,492,492,492,492,492,492");
tmap.push("116,116,116,116,116,116,116,116,116,116,116,116,116,116,116,116,116,116,116,116,116,238,0,0,0,0,0,0,0,0,0,652,494,492,492,492,492,492,492,492");
tmap.push("116,116,116,116,116,116,116,116,116,116,116,116,116,116,116,116,116,116,116,116,116,238,0,0,0,0,0,0,0,0,0,0,612,492,492,492,492,492,492,492");
tmap.push("116,116,116,116,116,116,116,116,116,116,116,116,116,116,116,116,116,116,116,116,117,278,0,0,0,0,0,0,0,0,0,0,612,492,492,492,492,492,492,492");
tmap.push("116,116,116,116,116,116,116,116,116,116,116,116,116,116,116,116,116,116,116,116,238,0,0,0,0,0,0,0,0,0,0,0,612,492,492,492,492,492,492,492");
tmap.push("116,116,116,116,116,116,116,116,116,116,116,116,116,116,116,116,116,116,116,117,278,0,0,0,0,0,0,0,0,0,0,0,612,492,492,492,492,492,492,492");
tmap.push("116,116,116,116,116,116,116,116,116,116,116,116,116,116,116,116,116,116,116,238,0,0,0,0,0,0,0,0,0,0,0,0,612,492,492,492,492,492,492,492");
tmap.push("116,116,116,116,116,116,116,116,116,116,116,116,116,116,116,116,116,116,117,278,0,0,0,0,0,0,0,0,0,0,572,573,534,492,492,492,492,492,492,492");
tmap.push("116,116,116,116,116,116,116,116,116,116,116,116,116,116,116,116,116,116,238,0,0,0,0,0,0,0,0,0,0,572,534,492,492,492,492,492,492,492,492,492");
tmap.push("116,116,116,116,116,116,116,116,116,116,116,116,116,116,116,116,116,116,238,0,0,0,0,0,0,0,0,0,0,612,492,492,492,492,492,492,492,492,492,492");
tmap.push("116,116,116,116,116,116,116,116,116,116,116,116,116,116,116,116,116,116,157,198,0,0,0,0,0,0,0,0,0,612,492,492,492,492,492,492,492,492,492,492");
tmap.push("116,116,116,116,116,116,116,116,116,116,116,116,116,116,116,116,116,116,116,157,198,0,0,0,0,0,0,0,0,652,653,494,492,492,492,492,492,492,492,492");
tmap.push("116,116,116,116,116,116,116,116,116,116,116,116,116,116,116,116,116,116,116,116,238,0,0,0,0,0,0,0,0,0,0,612,492,492,492,492,492,492,492,492");
tmap.push("116,116,116,116,116,116,116,116,116,116,116,116,116,116,116,116,116,116,116,116,238,0,0,0,0,0,0,0,0,0,0,652,494,492,492,492,492,492,492,492");
tmap.push("116,116,116,116,116,116,116,116,116,116,116,116,116,116,116,116,116,116,116,116,157,197,197,198,0,0,0,0,0,0,0,0,612,492,492,492,492,492,492,492");
tmap.push("116,116,116,116,116,116,116,116,116,116,116,116,116,116,116,116,116,116,116,116,116,116,116,157,197,198,0,0,0,0,0,0,612,492,492,492,492,492,492,492");
tmap.push("116,116,116,116,116,116,116,116,116,116,116,116,116,116,116,116,116,116,116,116,116,116,116,116,116,238,0,0,0,572,573,573,534,492,492,492,492,492,492,492");
tmap.push("116,116,116,116,116,116,116,116,116,116,116,116,116,116,116,116,116,116,116,116,116,116,116,116,116,238,0,0,0,612,492,492,492,492,492,492,492,492,492,492");
tmap.push("116,116,116,116,116,116,116,116,116,116,116,116,116,116,116,116,116,116,116,116,116,116,116,116,116,238,0,0,0,612,492,492,492,492,492,492,492,492,492,492");
tmap.push("116,116,116,116,116,116,116,116,116,116,116,116,116,116,116,116,116,116,116,116,116,116,116,116,116,238,0,0,0,612,492,492,492,492,492,492,492,492,492,492");
tmap.push("116,116,116,116,116,116,116,116,116,116,116,116,116,116,116,116,116,116,116,116,116,116,116,116,116,238,0,0,0,612,492,492,492,492,492,492,492,492,492,492");
tmap.push("116,116,116,116,116,116,116,116,116,116,116,116,116,116,116,116,116,116,116,116,116,116,116,116,116,238,0,0,0,612,492,492,492,492,492,492,492,492,492,492");

obj.createentity(game, 0, 0, 10, 0, 112100);  // (savepoint)
break;
