case rn(110,112):
tmap = new Array();
tmap.push("516,516,516,516,516,516,516,516,516,516,516,516,516,516,516,516,516,516,516,516,516,516,516,516,516,638,0,0,0,630,510,510,510,510,510,510,510,510,510,510");
tmap.push("516,516,516,516,516,516,516,516,516,516,516,516,516,516,516,516,516,516,516,516,516,516,516,516,516,638,0,0,0,630,510,510,510,510,510,510,510,510,510,510");
tmap.push("516,516,516,516,516,516,516,516,516,516,516,516,516,516,516,516,516,516,516,516,516,516,516,516,516,638,0,0,0,630,510,510,510,510,510,510,510,510,510,510");
tmap.push("516,516,516,516,516,516,516,516,516,516,516,516,516,516,516,516,516,516,516,516,516,516,516,516,516,638,0,0,0,630,510,510,510,510,510,510,510,510,510,510");
tmap.push("516,516,516,516,516,516,516,516,516,516,516,516,516,516,516,516,516,516,516,516,516,516,516,516,516,638,0,0,0,630,510,510,510,510,510,510,510,510,510,510");
tmap.push("516,516,516,516,516,516,516,516,516,516,516,516,516,516,516,516,516,516,516,516,516,516,516,516,516,638,0,0,0,630,510,510,510,510,510,510,510,510,510,510");
tmap.push("516,516,516,516,516,516,516,516,516,516,516,516,516,516,516,516,516,516,516,516,516,516,516,516,516,638,0,0,0,630,510,510,510,510,510,510,510,510,510,510");
tmap.push("516,516,516,516,516,516,516,516,516,516,516,516,516,516,516,516,516,516,516,516,516,516,516,516,516,638,0,0,0,630,510,510,510,510,510,510,510,510,510,510");
tmap.push("516,516,516,516,516,516,516,516,516,516,516,516,516,516,516,516,516,516,516,516,516,516,516,516,516,638,0,0,0,630,510,510,510,510,510,510,510,510,510,510");
tmap.push("516,516,517,677,677,677,677,677,677,677,677,677,677,677,677,677,677,677,677,677,677,677,518,516,516,638,0,0,0,630,510,510,510,510,510,510,510,510,510,510");
tmap.push("516,516,638,0,0,0,0,0,0,0,0,0,0,0,0,0,0,0,0,0,0,0,636,516,516,638,0,0,0,630,510,510,510,510,510,510,510,510,510,510");
tmap.push("516,516,638,0,0,0,0,0,0,0,0,0,0,0,0,0,0,0,0,0,0,0,636,516,516,638,0,0,0,630,510,510,510,510,510,510,510,510,510,510");
tmap.push("516,516,638,0,0,0,0,0,0,0,0,0,0,0,0,0,0,0,0,0,0,0,636,516,516,638,0,0,0,630,510,510,510,510,510,510,510,510,510,510");
tmap.push("516,516,638,0,0,0,0,0,0,0,0,0,0,0,0,0,0,0,0,0,0,0,636,516,516,638,0,0,0,630,510,510,510,510,510,510,510,510,510,510");
tmap.push("516,516,638,0,0,0,590,591,591,591,591,591,591,591,591,591,591,591,592,0,0,0,636,516,516,638,0,0,0,630,510,510,510,510,510,510,510,510,510,510");
tmap.push("516,516,638,0,0,0,670,671,671,671,671,671,671,671,671,671,512,510,632,0,0,0,636,516,516,638,0,0,0,630,510,510,510,510,510,510,510,510,510,510");
tmap.push("516,516,638,0,0,0,0,0,0,0,0,0,0,0,0,0,630,510,632,0,0,0,636,516,516,638,0,0,0,630,510,510,510,510,510,510,510,510,510,510");
tmap.push("516,516,638,0,0,0,0,0,0,0,0,0,0,0,0,0,630,510,632,0,0,0,636,516,516,638,0,0,0,630,510,510,510,510,510,510,510,510,510,510");
tmap.push("516,516,638,0,0,0,0,0,0,0,0,0,0,0,0,0,630,510,632,0,0,0,636,516,516,638,0,0,0,630,510,510,510,510,510,510,510,510,510,510");
tmap.push("516,516,638,0,0,0,0,0,0,0,0,0,0,0,0,0,630,510,632,0,0,0,676,677,677,678,0,0,0,630,510,510,510,510,510,510,510,510,510,510");
tmap.push("516,516,557,597,597,597,597,597,597,597,597,598,0,0,0,0,630,510,632,0,0,0,0,0,0,0,0,0,0,630,510,510,510,510,510,510,510,510,510,510");
tmap.push("516,516,516,516,516,516,516,516,516,516,516,638,0,0,0,0,630,510,632,0,0,0,0,0,0,0,0,0,0,630,510,510,510,510,510,510,510,510,510,510");
tmap.push("516,516,517,677,677,677,677,677,677,677,677,678,0,0,0,0,630,510,632,0,0,0,0,0,0,0,0,0,0,630,510,510,510,510,510,510,510,510,510,510");
tmap.push("516,516,638,0,0,0,0,0,0,0,0,0,0,0,0,0,630,510,632,0,0,0,0,0,0,0,0,0,0,630,510,510,510,510,510,510,510,510,510,510");
tmap.push("516,516,638,0,0,0,0,0,0,0,0,0,0,0,0,0,630,510,551,591,591,591,591,591,591,591,591,591,591,552,510,510,510,510,510,510,510,510,510,510");
tmap.push("516,516,638,0,0,0,0,0,0,0,0,0,0,0,0,0,630,510,510,510,510,510,510,510,510,510,510,510,510,510,510,510,510,510,510,510,510,510,510,510");
tmap.push("516,516,638,0,0,0,0,0,0,0,0,0,0,0,0,0,630,510,510,510,510,510,510,510,510,510,510,510,510,510,510,510,510,510,510,510,510,510,510,510");
tmap.push("516,516,638,0,0,0,590,591,591,591,591,591,591,591,591,591,552,510,510,510,510,510,510,510,510,510,510,510,510,510,510,510,510,510,510,510,510,510,510,510");
tmap.push("516,516,638,0,0,0,630,510,510,510,510,510,510,510,510,510,510,510,510,510,510,510,510,510,510,510,510,510,510,510,510,510,510,510,510,510,510,510,510,510");
tmap.push("516,516,638,0,0,0,630,510,510,510,510,510,510,510,510,510,510,510,510,510,510,510,510,510,510,510,510,510,510,510,510,510,510,510,510,510,510,510,510,510");

obj.createentity(game, 184, 176, 10, 1, 113100);  // (savepoint)
obj.createentity(game, 0, 0, 10, 0, 113101);  // (savepoint)
break;
