case rn(116,114):
tmap = new Array();
tmap.push("107,107,107,107,107,107,107,107,107,107,107,107,107,107,107,107,107,107,107,107,107,107,107,107,107,107,107,107,107,107,107,107,107,107,107,107,107,107,107,107");
tmap.push("107,107,107,107,107,107,107,107,107,107,107,107,107,107,107,107,107,107,107,107,107,107,107,107,107,107,107,107,107,107,107,107,107,107,107,107,107,107,107,107");
tmap.push("107,107,107,107,107,107,107,107,107,107,107,107,107,107,107,107,107,107,107,107,107,107,107,107,107,107,107,107,107,107,107,107,107,107,107,107,107,107,107,107");
tmap.push("107,107,107,107,107,107,107,107,107,107,107,107,107,107,107,107,107,107,107,107,107,107,107,107,107,107,107,107,107,107,107,107,107,107,107,107,107,107,107,107");
tmap.push("107,107,107,107,107,107,107,107,107,107,107,107,107,107,107,107,107,107,107,107,107,107,107,107,107,107,107,107,107,107,107,107,107,107,107,107,107,107,107,107");
tmap.push("107,107,107,107,107,107,107,107,107,107,107,107,107,107,107,107,107,107,107,107,107,107,107,107,107,107,107,107,107,107,107,107,107,107,107,107,107,107,107,107");
tmap.push("107,107,107,107,107,107,107,107,107,107,107,107,107,107,107,107,107,107,107,107,107,107,107,107,107,107,107,107,107,107,107,107,107,107,107,107,107,107,107,107");
tmap.push("107,107,107,107,107,107,107,107,107,107,107,107,107,107,107,107,107,107,107,107,107,107,107,107,107,107,107,107,107,107,107,107,107,107,107,107,107,107,107,107");
tmap.push("268,268,268,268,268,268,268,268,268,268,268,268,268,268,268,109,107,107,107,107,107,107,107,107,107,107,107,107,107,107,107,107,107,107,107,107,107,107,107,107");
tmap.push("689,689,689,689,689,689,689,689,689,689,689,689,689,689,689,267,268,268,109,107,107,107,107,107,107,107,107,107,107,107,107,107,107,107,107,107,107,107,107,107");
tmap.push("689,689,689,689,689,689,689,689,689,689,689,689,689,689,689,689,689,689,267,268,268,109,107,107,107,107,107,107,107,107,107,107,107,107,107,107,107,107,107,107");
tmap.push("689,690,850,850,691,689,690,850,850,691,689,690,850,850,691,689,689,689,689,689,689,267,268,268,109,107,107,107,107,107,107,107,107,107,107,107,107,107,107,107");
tmap.push("689,811,0,0,809,689,811,0,0,809,689,811,0,0,809,689,689,689,689,689,689,689,689,689,267,268,268,109,107,107,107,107,107,107,107,107,107,107,107,107");
tmap.push("689,811,0,0,809,689,811,0,0,809,689,811,0,0,809,689,689,689,689,689,689,689,689,689,689,689,689,267,268,268,109,107,107,107,107,107,107,107,107,107");
tmap.push("689,811,0,0,809,689,811,0,0,809,689,811,0,0,809,689,689,689,689,689,689,689,689,689,689,689,689,689,689,689,267,268,268,268,268,268,268,268,268,268");
tmap.push("689,811,0,0,809,689,811,0,0,809,689,811,0,0,809,689,689,689,689,689,689,689,689,689,689,689,689,689,689,689,689,689,689,689,689,689,811,0,0,0");
tmap.push("689,811,0,0,809,689,811,0,0,809,689,811,0,0,809,689,689,689,689,689,689,689,689,689,689,689,689,689,689,689,689,689,689,689,689,689,811,0,0,0");
tmap.push("689,811,0,0,809,689,811,0,0,809,689,811,0,0,809,689,689,689,689,689,689,689,689,689,689,689,689,689,689,689,689,689,689,689,689,689,811,0,0,0");
tmap.push("689,730,770,770,731,689,730,770,770,731,689,730,770,770,731,689,689,689,689,689,689,689,689,689,689,689,689,689,689,689,689,689,689,689,689,689,811,0,0,0");
tmap.push("689,689,689,689,689,689,689,689,689,689,689,689,689,689,689,689,689,689,689,689,689,689,689,689,689,689,689,689,689,689,689,689,187,188,189,689,811,0,0,0");
tmap.push("689,689,689,689,689,689,689,689,689,689,689,689,689,689,689,689,689,689,689,689,689,689,689,689,689,689,689,689,689,689,689,689,227,107,229,689,811,0,0,0");
tmap.push("188,188,188,188,188,188,188,188,188,188,188,188,188,188,188,188,188,188,188,188,188,188,188,188,188,188,188,188,188,188,188,188,149,107,229,850,851,0,0,0");
tmap.push("107,107,107,107,107,107,107,107,107,107,107,107,107,107,107,107,107,107,107,107,107,107,107,107,107,107,107,107,107,107,107,107,107,107,229,0,0,0,0,0");
tmap.push("268,268,268,268,268,268,268,268,268,268,268,268,268,268,268,268,268,268,268,268,268,268,268,268,268,268,268,268,268,268,268,268,268,268,269,0,0,0,0,0");
tmap.push("0,0,0,0,0,0,0,0,0,0,0,0,0,0,0,0,0,0,0,0,0,0,0,0,0,0,0,0,0,0,0,0,0,0,0,0,0,0,0,0");
tmap.push("0,0,0,0,0,0,0,0,0,0,0,0,0,0,0,0,0,0,0,0,0,0,0,0,0,0,0,0,0,0,0,0,0,0,0,0,0,0,0,0");
tmap.push("0,0,0,0,0,0,0,0,0,0,0,0,0,0,0,0,0,0,0,0,0,0,0,0,0,0,0,0,0,0,0,0,0,0,0,0,0,0,0,0");
tmap.push("0,0,0,0,0,0,0,0,0,0,0,0,0,0,0,0,0,0,0,0,0,0,0,0,0,0,0,0,0,0,0,0,0,0,0,0,0,0,0,0");
tmap.push("0,0,0,0,0,0,0,0,0,0,0,0,0,0,0,0,0,0,0,0,0,0,0,0,0,0,0,0,0,0,0,0,0,0,0,0,0,0,0,0");
tmap.push("0,0,0,0,0,0,0,0,0,0,0,0,0,0,0,0,0,0,0,0,0,0,0,0,0,0,0,0,0,0,0,0,0,0,0,0,0,0,0,0");

obj.createentity(game, 0, 0, 10, 0, 115160);  // (savepoint)
obj.createentity(game, 176, 152, 10, 1, 115161);  // (savepoint)
break;
