case rn(116,104):
tmap = new Array();
tmap.push("483,483,483,483,483,483,483,483,483,483,483,483,483,483,483,483,483,483,483,483,483,483,483,483,483,483,483,483,483,483,483,483,483,483,483,483,483,483,483,483");
tmap.push("483,483,483,483,483,483,483,483,483,483,483,483,483,483,483,483,483,483,483,483,483,483,483,483,483,483,483,483,483,483,483,483,483,483,483,483,483,483,483,483");
tmap.push("483,483,483,483,483,483,483,483,483,483,483,483,483,483,483,483,483,483,483,483,483,483,483,483,483,483,483,483,483,483,483,483,483,483,483,483,483,483,483,483");
tmap.push("483,483,483,483,483,483,483,483,483,483,483,483,483,483,483,483,483,483,483,483,483,483,483,483,483,483,483,483,483,483,483,483,483,483,483,483,483,483,483,483");
tmap.push("483,483,483,483,483,483,483,483,483,483,483,483,483,483,483,483,483,483,483,483,483,483,483,483,483,483,483,483,483,483,483,483,483,483,483,483,483,483,483,483");
tmap.push("483,483,483,483,483,483,483,483,483,483,483,483,483,483,483,483,483,483,483,483,483,483,483,483,483,483,483,483,483,483,483,483,483,483,483,483,483,483,483,483");
tmap.push("483,483,483,483,483,483,483,483,483,483,483,483,483,483,483,483,483,483,483,483,483,483,483,483,483,483,483,483,483,483,483,483,483,483,483,483,483,483,483,483");
tmap.push("483,484,644,644,644,485,483,483,483,483,483,483,483,483,484,644,644,644,485,483,483,483,483,483,483,483,483,483,483,483,483,483,483,483,483,483,483,483,483,483");
tmap.push("483,605,163,164,165,643,644,644,644,644,644,644,644,644,645,163,164,165,603,483,483,483,484,644,644,644,644,644,644,644,644,644,644,644,644,644,644,644,644,644");
tmap.push("483,605,203,83,205,163,164,164,164,164,164,164,164,164,165,203,83,205,603,483,484,644,645,0,0,0,0,0,0,0,0,0,0,0,0,0,0,0,0,0");
tmap.push("483,605,243,244,245,243,244,244,244,244,244,244,244,244,245,243,244,245,603,483,605,0,0,0,0,0,0,0,0,0,0,0,0,0,0,0,0,0,0,0");
tmap.push("483,524,565,163,165,0,0,0,0,0,0,0,0,0,0,163,165,563,525,483,605,0,0,0,0,0,0,0,0,0,0,0,0,0,0,0,0,0,0,0");
tmap.push("483,483,605,203,205,0,0,0,0,0,0,0,0,0,0,243,245,643,644,644,645,0,0,0,0,0,0,0,0,0,0,0,0,0,0,0,0,0,0,0");
tmap.push("483,483,605,203,205,0,0,0,0,0,0,0,0,0,0,0,0,0,0,0,0,0,0,0,0,0,0,0,0,0,0,0,0,0,0,0,0,0,0,0");
tmap.push("483,483,605,203,205,0,0,0,0,0,0,0,0,0,0,0,0,0,0,0,0,0,0,0,0,0,0,0,0,0,0,0,0,0,0,0,0,0,0,0");
tmap.push("483,483,605,203,205,0,0,0,0,0,0,0,0,0,0,0,0,0,0,0,0,0,0,0,0,0,0,0,0,0,0,0,0,0,0,0,0,0,0,0");
tmap.push("483,483,605,203,205,0,0,0,0,0,0,0,0,0,0,0,0,0,0,0,0,0,0,0,0,0,0,0,0,0,0,0,0,0,0,0,0,0,0,0");
tmap.push("483,483,605,203,205,0,0,0,0,0,0,0,0,0,0,0,0,0,0,0,0,0,0,0,0,0,0,0,0,0,0,0,0,0,0,0,0,0,0,0");
tmap.push("483,483,605,203,205,0,0,0,0,0,0,0,0,0,0,0,0,0,0,0,0,0,0,0,0,0,0,0,0,0,0,0,0,0,0,0,0,0,0,0");
tmap.push("483,483,605,203,205,0,0,0,0,0,0,0,0,0,0,163,165,563,564,564,564,564,564,564,564,564,564,565,0,0,0,0,0,0,0,0,0,0,0,0");
tmap.push("483,484,645,243,245,0,0,0,0,0,0,0,0,0,0,243,245,643,485,483,483,483,483,483,483,483,483,605,0,0,0,0,0,0,0,0,0,0,0,0");
tmap.push("483,605,163,164,165,163,164,164,164,164,164,164,164,164,165,163,164,165,603,483,483,483,483,483,483,483,483,524,564,565,0,0,0,0,0,0,0,0,0,0");
tmap.push("483,605,203,83,205,243,244,244,244,244,244,244,244,244,245,203,83,205,603,483,483,483,483,483,483,483,483,483,483,524,565,0,0,0,0,0,0,0,0,0");
tmap.push("483,605,243,244,245,563,564,564,564,564,564,564,564,564,565,243,244,245,603,483,483,483,483,483,483,483,483,483,483,483,605,0,0,0,0,0,0,0,0,0");
tmap.push("483,524,564,564,564,525,483,483,483,483,483,483,483,483,524,564,564,564,525,483,483,483,483,483,483,483,483,483,483,483,524,564,564,564,564,564,564,564,564,564");
tmap.push("483,483,483,483,483,483,483,483,483,483,483,483,483,483,483,483,483,483,483,483,483,483,483,483,483,483,483,483,483,483,483,483,483,483,483,483,483,483,483,483");
tmap.push("483,483,483,483,483,483,483,483,483,483,483,483,483,483,483,483,483,483,483,483,483,483,483,483,483,483,483,483,483,483,483,483,483,483,483,483,483,483,483,483");
tmap.push("483,483,483,483,483,483,483,483,483,483,483,483,483,483,483,483,483,483,483,483,483,483,483,483,483,483,483,483,483,483,483,483,483,483,483,483,483,483,483,483");
tmap.push("483,483,483,483,483,483,483,483,483,483,483,483,483,483,483,483,483,483,483,483,483,483,483,483,483,483,483,483,483,483,483,483,483,483,483,483,483,483,483,483");
tmap.push("483,483,483,483,483,483,483,483,483,483,483,483,483,483,483,483,483,483,483,483,483,483,483,483,483,483,483,483,483,483,483,483,483,483,483,483,483,483,483,483");

obj.createentity(game, 72, 120, 9, 0);  // (shiny trinket)
obj.createentity(game, 64, 112, 14); //Teleporter!
break;
