case rn(117,105):
tmap = new Array();
tmap.push("295,295,295,295,295,295,295,295,295,295,295,295,295,295,295,295,295,295,295,295,295,295,295,295,295,295,295,295,295,295,295,295,295,295,295,295,295,295,295,295");
tmap.push("295,295,295,295,295,295,295,295,295,295,295,295,295,295,295,295,295,295,295,295,295,295,295,295,295,295,295,295,295,295,295,295,295,295,295,295,295,295,295,295");
tmap.push("295,295,295,295,295,295,295,295,295,295,295,295,295,295,295,295,295,295,295,295,295,295,295,295,295,295,295,295,295,295,295,295,295,295,295,295,295,295,295,295");
tmap.push("456,456,456,456,456,456,456,456,456,456,456,456,456,456,456,456,456,456,456,456,456,456,456,456,456,456,456,456,456,456,456,456,456,456,456,297,295,295,295,295");
tmap.push("0,0,0,0,0,0,0,0,0,0,0,0,0,0,0,0,0,0,0,0,0,0,0,0,0,0,0,0,0,0,0,0,0,0,0,415,295,295,295,295");
tmap.push("0,0,0,0,0,0,0,0,0,0,0,0,0,0,0,0,0,0,0,0,0,0,0,0,0,0,0,0,0,0,0,0,0,0,0,415,295,295,295,295");
tmap.push("0,0,0,0,0,0,0,0,0,0,0,0,0,0,0,0,0,0,0,0,0,0,0,0,0,0,0,0,0,0,0,0,0,0,0,415,295,295,295,295");
tmap.push("0,0,0,0,0,0,0,0,0,0,0,0,0,0,0,0,0,0,0,0,0,0,0,0,0,0,0,0,0,0,0,0,0,0,0,415,295,295,295,295");
tmap.push("376,376,376,376,377,0,0,0,0,0,0,375,376,376,376,376,376,376,376,376,376,376,376,376,376,376,376,376,376,376,376,376,376,376,376,337,295,295,295,295");
tmap.push("295,295,295,295,417,0,0,0,0,0,0,415,295,295,295,295,295,295,295,295,295,295,295,295,295,295,295,295,295,295,295,295,295,295,295,295,295,295,295,295");
tmap.push("295,295,295,295,417,0,0,0,0,0,0,455,456,456,456,456,456,456,456,456,456,456,456,456,456,456,456,456,456,456,456,456,456,456,456,297,295,295,295,295");
tmap.push("295,295,295,295,417,0,0,0,0,0,0,0,0,0,0,0,0,0,0,0,0,0,0,0,0,0,0,0,0,0,0,0,0,0,0,415,295,295,295,295");
tmap.push("295,295,295,295,417,0,0,0,0,0,0,0,0,0,0,0,0,0,0,0,0,0,0,0,0,0,0,0,0,0,0,0,0,0,0,415,295,295,295,295");
tmap.push("295,295,295,295,417,0,0,0,0,0,0,0,0,0,0,0,0,0,0,0,0,0,0,0,0,0,0,0,0,0,0,0,0,0,0,415,295,295,295,295");
tmap.push("295,295,295,295,417,0,0,0,0,0,0,0,0,0,0,0,0,0,0,0,0,0,0,0,0,0,0,0,0,0,0,0,0,0,0,415,295,295,295,295");
tmap.push("295,295,295,295,417,0,0,0,0,0,0,0,0,0,0,0,0,0,0,0,0,0,0,0,0,0,0,0,0,0,0,0,0,0,0,415,295,295,295,295");
tmap.push("295,295,295,295,417,0,0,0,0,0,0,0,0,0,0,0,0,0,0,0,0,0,0,0,0,0,0,0,0,0,0,0,0,0,0,415,295,295,295,295");
tmap.push("295,295,295,295,417,0,0,0,0,0,0,0,0,0,0,0,0,0,0,0,0,0,0,0,0,0,0,0,0,0,0,0,0,0,0,415,295,295,295,295");
tmap.push("295,295,295,295,417,0,0,0,0,0,0,375,376,376,377,0,0,0,0,375,376,376,376,376,376,376,376,376,376,376,376,376,376,376,376,337,295,295,295,295");
tmap.push("295,295,295,295,417,0,0,0,0,0,0,415,295,295,417,0,0,0,0,415,295,295,295,295,295,295,295,295,295,295,295,295,295,295,295,295,295,295,295,295");
tmap.push("295,295,295,295,417,0,0,0,0,0,0,455,456,456,457,0,0,0,0,455,456,456,456,456,456,456,456,456,456,456,456,456,456,456,456,456,456,456,456,456");
tmap.push("295,295,295,295,417,0,0,0,0,0,0,0,0,0,0,0,0,0,0,0,0,0,0,0,0,0,0,0,0,0,0,0,0,0,0,0,0,0,0,0");
tmap.push("295,295,295,295,417,0,0,0,0,0,0,0,0,0,0,0,0,0,0,0,0,0,0,0,0,0,0,0,0,0,0,0,0,0,0,0,0,0,0,0");
tmap.push("295,295,295,295,417,0,0,0,0,0,0,0,0,0,0,0,0,0,0,0,0,0,0,0,0,0,0,0,0,0,0,0,0,0,0,0,0,0,0,0");
tmap.push("295,295,295,295,417,0,0,0,0,0,0,0,0,0,0,0,0,0,0,0,0,0,0,0,0,0,0,0,0,0,0,0,0,0,0,0,0,0,0,0");
tmap.push("295,295,295,295,417,0,0,0,0,0,0,0,0,0,0,0,0,0,0,0,0,0,0,0,0,0,0,0,0,0,0,0,0,0,0,0,0,0,0,0");
tmap.push("295,295,295,295,336,376,376,376,376,376,376,376,376,376,376,376,376,376,376,376,376,376,376,376,376,376,376,376,376,376,376,376,376,376,376,376,376,376,376,376");
tmap.push("295,295,295,295,295,295,295,295,295,295,295,295,295,295,295,295,295,295,295,295,295,295,295,295,295,295,295,295,295,295,295,295,295,295,295,295,295,295,295,295");
tmap.push("295,295,295,295,295,295,295,295,295,295,295,295,295,295,295,295,295,295,295,295,295,295,295,295,295,295,295,295,295,295,295,295,295,295,295,295,295,295,295,295");
tmap.push("295,295,295,295,295,295,295,295,295,295,295,295,295,295,295,295,295,295,295,295,295,295,295,295,295,295,295,295,295,295,295,295,295,295,295,295,295,295,295,295");

obj.createentity(game, 256, 48, 10, 1, 106170);  // (savepoint)
obj.createentity(game, 224, 48, 10, 1, 106171);  // (savepoint)
obj.createentity(game, 192, 48, 10, 1, 106172);  // (savepoint)
obj.createentity(game, 160, 48, 10, 1, 106173);  // (savepoint)
obj.createentity(game, 128, 48, 10, 1, 106174);  // (savepoint)
obj.createentity(game, 96, 48, 10, 1, 106175);  // (savepoint)
obj.createentity(game, 96, 128, 10, 1, 106176);  // (savepoint)
obj.createentity(game, 96, 168, 10, 0, 106177);  // (savepoint)
obj.createentity(game, 160, 128, 10, 1, 106178);  // (savepoint)
obj.createentity(game, 192, 128, 10, 1, 106179);  // (savepoint)
obj.createentity(game, 224, 128, 10, 1, 106180);  // (savepoint)
obj.createentity(game, 256, 128, 10, 1, 106181);  // (savepoint)
obj.createentity(game, 256, 88, 10, 0, 106182);  // (savepoint)
obj.createentity(game, 224, 88, 10, 0, 106183);  // (savepoint)
obj.createentity(game, 192, 88, 10, 0, 106184);  // (savepoint)
obj.createentity(game, 160, 88, 10, 0, 106185);  // (savepoint)
obj.createentity(game, 128, 88, 10, 0, 106186);  // (savepoint)
obj.createentity(game, 96, 88, 10, 0, 106187);  // (savepoint)
break;
