case rn(117,119):
tmap = new Array();
tmap.push("0,0,0,0,0,0,0,0,0,0,0,0,0,0,0,0,0,0,0,0,0,0,0,0,0,0,0,0,0,0,0,0,0,0,0,0,0,0,0,0");
tmap.push("0,0,0,0,0,0,0,0,0,0,0,0,0,0,0,0,0,0,0,0,0,0,0,0,0,0,0,0,0,0,0,0,0,0,0,0,0,0,0,0");
tmap.push("0,0,0,0,0,0,0,0,0,0,0,0,0,0,0,0,0,0,0,0,0,0,0,0,0,0,0,0,0,0,0,0,0,0,0,0,0,0,0,0");
tmap.push("0,0,0,0,0,0,0,0,0,0,0,0,0,0,0,0,0,0,0,0,0,0,0,0,0,0,0,0,0,0,0,0,0,0,0,0,0,0,0,0");
tmap.push("0,0,0,0,0,0,0,0,0,0,0,0,566,567,568,0,0,0,0,0,0,0,0,0,0,566,567,568,0,0,0,0,0,0,0,0,0,0,0,0");
tmap.push("0,0,0,0,0,0,0,0,0,0,0,0,606,486,608,0,0,0,0,0,0,0,0,0,0,606,486,608,0,0,0,0,0,0,0,0,0,0,0,0");
tmap.push("0,0,0,0,0,0,0,0,0,0,0,0,646,488,527,568,0,0,0,0,0,0,0,0,566,528,487,648,0,0,0,0,0,0,0,0,0,0,0,0");
tmap.push("0,0,0,0,0,0,0,0,0,0,0,0,0,606,486,608,0,0,0,0,0,0,0,0,606,486,608,0,0,0,0,0,0,0,0,0,0,0,0,0");
tmap.push("0,0,0,0,0,0,0,0,0,0,0,0,0,646,488,527,568,0,0,0,0,0,0,566,528,487,648,0,0,0,0,0,0,0,0,0,0,0,0,0");
tmap.push("0,0,0,0,0,0,0,0,0,0,0,0,0,0,606,486,608,0,0,0,0,0,0,606,486,608,0,0,0,0,0,0,0,0,0,0,0,0,0,0");
tmap.push("0,0,0,0,0,0,0,0,0,0,0,0,0,0,646,488,527,568,0,0,0,0,566,528,487,648,0,0,0,0,0,0,0,0,0,0,0,0,0,0");
tmap.push("0,0,0,0,0,0,0,0,0,0,0,0,0,0,0,606,486,608,0,0,0,0,606,486,608,0,0,0,0,0,0,0,0,0,0,0,0,0,0,0");
tmap.push("0,0,0,0,0,0,0,0,0,0,0,0,0,0,0,646,488,527,568,0,0,566,528,487,648,0,0,0,0,0,0,0,0,0,0,0,0,0,0,0");
tmap.push("0,0,0,0,0,0,0,0,0,0,0,0,0,0,0,0,606,486,608,0,0,606,486,608,0,0,0,0,0,0,0,0,0,0,0,0,0,0,0,0");
tmap.push("0,0,0,0,0,0,0,0,0,0,0,0,0,0,0,0,646,488,527,567,567,528,487,648,0,0,0,0,0,0,0,0,0,0,0,0,0,0,0,0");
tmap.push("0,0,0,0,0,0,0,0,0,0,0,0,0,0,0,0,0,606,486,486,486,486,608,0,0,0,0,0,0,0,0,0,0,0,0,0,0,0,0,0");
tmap.push("0,0,0,0,0,0,0,0,0,0,0,0,0,0,0,0,0,646,488,486,486,487,648,0,0,0,0,0,0,0,0,0,0,0,0,0,0,0,0,0");
tmap.push("567,567,567,567,567,567,567,567,567,568,687,687,687,687,687,687,687,687,606,486,486,608,687,687,687,687,687,687,687,687,566,567,567,567,567,567,567,567,567,567");
tmap.push("486,486,486,486,486,486,486,486,486,608,0,0,0,0,0,0,0,0,646,647,647,648,0,0,0,0,0,0,0,0,606,486,486,486,486,486,486,486,486,486");
tmap.push("486,486,486,486,486,486,486,486,486,527,568,0,0,0,0,0,0,0,0,0,0,0,0,0,0,0,0,0,0,566,528,486,486,486,486,486,486,486,486,486");
tmap.push("486,486,486,486,486,486,486,486,486,486,608,0,0,0,0,0,0,0,0,0,0,0,0,0,0,0,0,0,0,606,486,486,486,486,486,486,486,486,486,486");
tmap.push("486,486,486,486,486,486,486,486,486,486,527,568,0,0,0,0,0,0,0,0,0,0,0,0,0,0,0,0,566,528,486,486,486,486,486,486,486,486,486,486");
tmap.push("486,486,486,486,486,486,486,486,486,486,486,527,567,568,0,0,0,0,0,0,0,0,0,0,0,0,566,567,528,486,486,486,486,486,486,486,486,486,486,486");
tmap.push("486,486,486,486,486,486,486,486,486,486,486,486,486,527,567,567,567,567,567,567,567,567,567,567,567,567,528,486,486,486,486,486,486,486,486,486,486,486,486,486");
tmap.push("486,486,486,486,486,486,486,486,486,486,486,486,486,486,486,486,486,486,486,486,486,486,486,486,486,486,486,486,486,486,486,486,486,486,486,486,486,486,486,486");
tmap.push("486,486,486,486,486,486,486,486,486,486,486,486,486,486,486,486,486,486,486,486,486,486,486,486,486,486,486,486,486,486,486,486,486,486,486,486,486,486,486,486");
tmap.push("486,486,486,486,486,486,486,486,486,486,486,486,486,486,486,486,486,486,486,486,486,486,486,486,486,486,486,486,486,486,486,486,486,486,486,486,486,486,486,486");
tmap.push("486,486,486,486,486,486,486,486,486,486,486,486,486,486,486,486,486,486,486,486,486,486,486,486,486,486,486,486,486,486,486,486,486,486,486,486,486,486,486,486");
tmap.push("486,486,486,486,486,486,486,486,486,486,486,486,486,486,486,486,486,486,486,486,486,486,486,486,486,486,486,486,486,486,486,486,486,486,486,486,486,486,486,486");
tmap.push("486,486,486,486,486,486,486,486,486,486,486,486,486,486,486,486,486,486,486,486,486,486,486,486,486,486,486,486,486,486,486,486,486,486,486,486,486,486,486,486");

obj.createentity(game, 152, 152, 10, 0, 120170);  // (savepoint)
break;
