case rn(118,115):
tmap = new Array();
tmap.push("289,289,289,289,289,289,289,289,289,289,289,289,289,289,289,289,289,289,289,289,289,411,633,513,513,513,513,513,513,513,513,513,513,513,513,513,513,513,513,513");
tmap.push("289,289,289,289,289,289,289,289,289,289,289,289,289,289,289,289,289,289,289,289,289,411,633,513,513,513,513,513,513,513,513,513,513,513,513,513,513,513,513,513");
tmap.push("289,289,289,289,289,289,289,289,289,289,289,289,289,289,289,289,289,289,289,289,289,411,633,513,513,514,674,674,674,515,513,513,513,513,513,513,513,513,513,513");
tmap.push("289,289,289,289,289,289,289,289,289,289,289,289,289,289,289,289,289,289,289,289,289,411,633,513,513,635,369,370,371,633,513,513,513,513,513,513,513,513,513,513");
tmap.push("289,289,289,289,289,289,289,289,289,289,289,289,289,289,289,289,289,289,289,289,289,411,633,513,513,635,409,289,411,633,513,514,674,674,515,513,513,513,513,513");
tmap.push("289,289,289,289,289,289,289,289,289,289,289,289,289,289,289,289,289,290,450,450,450,451,633,513,513,635,449,450,451,633,513,635,369,371,633,513,513,513,513,513");
tmap.push("289,289,289,289,289,289,289,289,289,289,289,289,289,289,289,289,289,411,593,594,594,594,555,513,513,554,594,594,594,555,513,635,449,451,633,513,513,513,513,513");
tmap.push("289,289,289,289,289,289,289,289,289,289,289,289,289,289,290,450,450,451,633,513,513,513,513,513,513,513,513,513,513,513,513,554,594,594,555,513,513,513,513,513");
tmap.push("289,289,289,289,289,289,289,289,289,289,289,289,289,289,411,593,594,594,555,513,513,513,513,513,513,513,513,513,513,513,513,513,513,513,513,513,513,513,513,513");
tmap.push("450,450,450,450,450,450,450,450,450,450,450,450,450,450,451,633,513,513,514,674,674,515,513,513,513,513,513,513,513,513,513,513,513,513,513,513,513,513,513,513");
tmap.push("0,0,0,0,0,0,0,0,0,0,0,796,0,0,0,633,513,513,635,369,371,633,513,514,674,674,674,674,674,674,674,674,674,674,674,674,674,674,674,674");
tmap.push("0,0,0,0,0,0,0,0,0,0,0,796,0,0,0,633,513,513,635,449,451,633,513,635,0,796,0,0,0,0,0,0,0,0,0,0,0,0,0,0");
tmap.push("0,0,0,0,0,0,0,0,0,0,0,796,0,0,0,633,513,513,554,594,594,555,513,635,0,796,0,0,0,0,0,0,0,0,0,0,0,0,0,0");
tmap.push("0,0,0,0,0,0,0,0,0,0,0,796,0,0,0,673,674,674,674,674,674,674,674,675,0,796,0,0,0,0,0,0,0,0,0,0,0,0,0,0");
tmap.push("0,0,0,0,0,0,0,0,0,0,0,796,0,0,0,0,796,0,0,0,0,0,0,0,0,796,0,0,0,0,0,0,0,0,0,0,0,0,0,0");
tmap.push("0,0,0,0,0,0,0,0,0,0,0,796,0,0,0,0,796,0,0,0,0,0,0,0,0,796,0,0,0,0,0,0,0,0,0,0,0,0,0,0");
tmap.push("0,0,0,0,0,0,0,0,0,0,0,796,0,0,0,0,796,0,0,0,0,0,0,0,0,796,0,0,0,0,0,0,0,0,0,0,0,0,0,0");
tmap.push("0,0,0,0,0,0,0,0,0,0,0,796,0,0,0,0,796,0,0,0,0,0,0,0,0,796,0,0,0,0,0,0,0,0,0,0,0,0,0,0");
tmap.push("0,0,0,0,0,0,0,0,0,0,0,796,0,0,0,0,796,0,0,0,0,0,0,0,0,796,0,0,0,0,0,0,0,0,0,0,0,0,0,0");
tmap.push("0,0,0,0,0,0,0,0,0,0,0,796,0,0,0,0,796,0,0,0,0,0,0,0,0,796,0,0,0,0,0,0,0,0,0,0,0,0,0,0");
tmap.push("0,0,0,0,0,0,0,0,0,0,0,796,0,0,0,0,796,0,0,0,0,0,0,0,0,796,0,0,0,0,0,0,0,0,0,0,0,0,0,0");
tmap.push("0,0,0,0,0,0,0,0,0,0,593,594,594,594,594,594,594,595,0,0,0,0,0,0,0,796,0,0,0,0,0,0,0,0,0,0,0,0,0,0");
tmap.push("0,0,0,0,0,0,0,0,0,0,673,674,674,674,674,674,674,675,0,0,0,0,0,0,0,796,0,0,0,0,0,0,0,0,0,0,0,0,0,0");
tmap.push("0,0,0,0,0,0,0,0,0,0,0,0,0,0,0,0,0,0,0,0,0,0,0,0,593,594,595,0,0,0,0,0,0,0,0,0,0,0,0,0");
tmap.push("0,0,0,0,0,0,0,0,0,0,0,0,0,0,0,0,0,0,0,0,0,0,0,0,633,513,635,0,0,0,0,0,0,0,0,0,0,0,0,0");
tmap.push("0,0,0,0,0,0,0,0,0,0,0,0,0,0,0,0,0,0,0,0,0,0,0,0,673,674,675,0,0,0,0,0,0,0,0,0,0,0,0,0");
tmap.push("0,0,0,0,0,0,0,0,0,0,0,0,0,0,0,0,0,0,0,0,0,0,0,0,0,0,0,0,0,0,0,0,0,0,0,0,0,0,0,0");
tmap.push("0,0,0,0,0,0,0,0,0,0,0,0,0,0,0,0,0,0,0,0,0,0,0,0,0,0,0,0,0,0,0,0,0,0,0,0,0,0,0,0");
tmap.push("0,0,0,0,0,0,0,0,0,0,0,0,0,0,0,0,0,0,0,0,0,0,0,0,0,0,0,0,0,0,0,0,0,0,0,0,0,0,0,0");
tmap.push("0,0,0,0,0,0,0,0,0,0,0,0,0,0,0,0,0,0,0,0,0,0,0,0,0,0,0,0,0,0,0,0,0,0,0,0,0,0,0,0");

obj.createentity(game, 0, 0, 10, 0, 116180);  // (savepoint)
obj.createentity(game, 104, 152, 10, 1, 116181);  // (savepoint)
break;
