case rn(119,106):
tmap = new Array();
tmap.push("289,289,289,289,289,289,289,289,289,289,289,289,289,289,289,289,289,289,289,289,289,289,289,289,289,289,289,289,289,289,289,289,289,289,289,289,289,289,289,289");
tmap.push("289,289,289,289,289,289,289,289,289,289,289,289,289,289,289,289,289,289,289,289,289,289,289,289,289,289,289,289,289,289,289,289,289,289,289,289,289,289,289,289");
tmap.push("289,289,289,289,289,289,289,289,289,289,289,289,289,289,289,289,289,289,289,289,289,289,289,289,289,289,289,289,289,289,289,289,289,289,289,289,289,289,289,289");
tmap.push("289,289,289,289,289,289,289,289,289,289,289,289,289,289,289,289,289,289,289,289,289,289,289,289,289,289,289,289,289,289,289,289,289,289,289,289,289,289,289,289");
tmap.push("289,289,289,289,289,289,289,289,289,289,289,289,289,289,289,289,289,289,289,289,289,289,289,289,289,289,289,289,289,289,289,289,289,289,289,289,289,289,289,289");
tmap.push("289,289,289,289,289,289,289,289,289,289,289,289,289,289,289,289,289,289,289,289,289,289,289,289,289,289,289,289,289,289,289,289,289,289,289,289,289,289,289,289");
tmap.push("289,289,289,290,450,450,450,450,450,450,450,450,450,450,450,450,450,450,450,450,450,450,450,450,450,450,450,450,450,450,450,450,450,450,450,450,291,289,289,289");
tmap.push("289,289,289,411,0,0,0,0,0,0,0,0,0,0,0,0,0,0,0,0,0,0,0,0,0,0,0,0,0,0,0,0,0,0,0,0,409,289,289,289");
tmap.push("289,289,289,411,0,0,0,0,0,0,0,0,0,0,0,0,0,0,0,0,0,0,0,0,0,0,0,0,0,0,0,0,0,0,0,0,409,289,289,289");
tmap.push("289,289,289,411,0,0,0,0,0,0,0,0,0,0,0,0,0,0,0,0,0,0,0,0,0,0,0,0,0,0,0,0,0,0,0,0,409,289,289,289");
tmap.push("289,289,289,411,0,0,0,0,0,0,0,0,0,0,0,0,0,0,0,0,0,0,0,0,0,0,0,0,0,0,0,0,0,0,0,0,409,289,289,289");
tmap.push("289,289,289,411,0,0,0,0,0,0,0,0,0,0,0,0,0,0,0,0,0,0,0,0,0,0,0,0,0,0,0,0,0,0,0,0,409,289,289,289");
tmap.push("289,289,289,411,0,0,0,0,0,0,0,0,0,0,0,0,0,0,0,0,0,0,0,0,0,0,0,0,0,0,0,0,0,0,0,0,409,289,289,289");
tmap.push("289,289,289,411,0,0,0,0,0,0,0,0,0,0,0,0,0,0,0,0,0,0,0,0,0,0,0,0,0,0,0,0,0,0,0,0,409,289,289,289");
tmap.push("289,289,289,411,0,0,0,0,0,0,369,370,370,370,370,370,370,370,370,370,370,370,370,370,370,370,370,370,370,371,0,0,0,0,0,0,409,289,289,289");
tmap.push("289,289,289,411,0,0,0,0,0,0,409,289,289,289,289,289,289,289,289,289,289,289,289,289,289,289,289,289,289,411,0,0,0,0,0,0,409,289,289,289");
tmap.push("450,450,450,451,0,0,0,0,0,0,449,450,450,450,450,450,450,450,450,450,450,450,450,450,450,450,450,450,450,451,0,0,0,0,0,0,409,289,289,289");
tmap.push("0,0,0,0,0,0,0,0,0,0,0,0,0,0,0,0,0,0,0,0,0,0,0,0,0,0,0,0,0,0,0,0,0,0,0,0,409,289,289,289");
tmap.push("0,0,0,0,0,0,0,0,0,0,0,0,0,0,0,0,0,0,0,0,0,0,0,0,0,0,0,0,0,0,0,0,0,0,0,0,409,289,289,289");
tmap.push("0,0,0,0,0,0,0,0,0,0,0,0,0,0,0,0,0,0,0,0,0,0,0,0,0,0,0,0,0,0,0,0,0,0,0,0,409,289,289,289");
tmap.push("0,0,0,0,0,0,0,0,0,0,0,0,0,0,0,0,0,0,0,0,0,0,0,0,0,0,0,0,0,0,0,0,0,0,0,0,409,289,289,289");
tmap.push("0,0,0,0,0,0,0,0,0,0,0,0,0,0,0,0,0,0,0,0,0,0,0,0,0,0,0,0,0,0,0,0,0,0,0,0,409,289,289,289");
tmap.push("0,0,0,0,0,0,0,0,0,0,0,0,0,0,0,0,0,0,0,0,0,0,0,0,0,0,0,0,0,0,0,0,0,0,0,0,409,289,289,289");
tmap.push("0,0,0,0,0,0,0,0,0,0,0,0,0,0,0,0,0,0,0,0,0,0,0,0,0,0,0,0,0,0,0,0,0,0,0,0,409,289,289,289");
tmap.push("370,370,370,370,370,370,370,370,370,370,370,370,370,370,370,370,370,370,370,370,370,370,370,370,370,370,370,370,370,371,0,0,0,0,0,0,409,289,289,289");
tmap.push("289,289,289,289,289,289,289,289,289,289,289,289,289,289,289,289,289,289,289,289,289,289,289,289,289,289,289,289,289,411,0,0,0,0,0,0,409,289,289,289");
tmap.push("289,289,289,289,289,289,289,289,289,289,289,289,289,289,289,289,289,289,289,289,289,289,289,289,289,289,289,289,289,411,0,0,0,0,0,0,409,289,289,289");
tmap.push("289,289,289,289,289,289,289,289,289,289,289,289,289,289,289,289,289,289,289,289,289,289,289,289,289,289,289,289,289,411,0,0,0,0,0,0,409,289,289,289");
tmap.push("289,289,289,289,289,289,289,289,289,289,289,289,289,289,289,289,289,289,289,289,289,289,289,289,289,289,289,289,289,411,0,0,0,0,0,0,409,289,289,289");
tmap.push("289,289,289,289,289,289,289,289,289,289,289,289,289,289,289,289,289,289,289,289,289,289,289,289,289,289,289,289,289,411,0,0,0,0,0,0,409,289,289,289");

obj.createentity(game, 216, 176, 10, 1, 107190);  // (savepoint)
obj.createentity(game, 192, 176, 10, 1, 107191);  // (savepoint)
obj.createentity(game, 168, 176, 10, 1, 107192);  // (savepoint)
obj.createentity(game, 144, 176, 10, 1, 107193);  // (savepoint)
obj.createentity(game, 88, 96, 10, 1, 107194);  // (savepoint)
obj.createentity(game, 112, 96, 10, 1, 107195);  // (savepoint)
obj.createentity(game, 136, 96, 10, 1, 107196);  // (savepoint)
obj.createentity(game, 160, 96, 10, 1, 107197);  // (savepoint)
break;
