case rn(119,110):
tmap = new Array();
tmap.push("498,498,620,0,0,0,0,0,0,0,618,498,498,498,498,498,498,498,498,498,498,498,498,498,498,498,498,498,498,498,498,498,498,498,498,498,498,498,498,498");
tmap.push("498,498,620,0,0,0,0,0,0,0,618,498,498,498,498,498,498,498,498,498,498,498,498,498,498,498,498,498,498,498,498,498,498,498,498,498,498,498,498,498");
tmap.push("498,498,620,0,0,0,0,0,0,0,618,498,498,498,498,498,498,498,498,498,498,498,498,498,498,498,498,498,498,498,498,498,498,498,498,498,498,498,498,498");
tmap.push("498,498,620,0,0,0,0,0,0,0,618,498,498,498,498,498,498,498,498,498,498,498,498,498,498,498,498,498,498,498,498,498,498,498,498,498,498,498,498,498");
tmap.push("498,498,620,0,0,0,0,0,0,0,618,498,498,498,498,498,498,498,498,498,498,498,498,498,498,498,498,498,498,498,499,659,659,500,498,498,498,498,498,498");
tmap.push("498,498,620,0,0,0,0,0,0,0,618,498,498,498,498,498,498,498,498,498,498,498,498,498,498,498,498,498,499,659,660,7,7,618,498,498,498,498,498,498");
tmap.push("498,498,620,0,0,0,0,0,0,0,618,498,498,498,498,498,498,498,498,498,498,498,498,498,498,499,659,659,660,7,7,0,0,618,498,498,498,498,498,498");
tmap.push("498,498,620,699,699,699,699,699,699,699,618,498,498,498,498,498,498,498,498,498,498,498,499,659,659,660,7,7,7,0,0,0,0,618,498,498,498,498,498,498");
tmap.push("498,498,620,0,0,0,0,0,0,0,618,498,498,498,498,498,498,498,498,498,498,498,620,7,7,7,0,0,0,0,0,0,0,658,659,659,659,659,659,659");
tmap.push("498,498,620,0,0,0,0,0,0,0,618,498,498,498,498,498,498,498,498,498,498,498,620,0,0,0,0,0,0,0,0,0,0,0,0,0,0,0,0,0");
tmap.push("498,498,620,0,0,0,0,0,0,0,658,500,498,498,498,498,498,498,499,659,659,500,620,0,0,0,0,0,0,0,0,0,0,0,0,0,0,0,0,0");
tmap.push("498,498,620,0,0,0,0,0,0,0,0,658,500,498,498,498,499,659,660,7,7,618,620,0,0,0,0,0,0,0,0,0,0,0,0,0,0,0,0,0");
tmap.push("498,498,620,0,0,0,0,0,0,0,0,0,658,659,659,659,660,0,0,0,0,618,620,0,0,0,0,0,0,0,0,0,0,0,0,0,0,0,0,0");
tmap.push("498,498,620,0,0,0,0,0,0,0,0,0,0,0,698,0,0,0,0,0,0,658,660,0,0,0,0,0,0,0,0,0,0,0,0,0,0,0,0,0");
tmap.push("498,498,620,0,0,0,0,0,0,0,0,0,0,0,698,0,0,0,0,0,0,0,0,0,0,0,0,0,0,0,0,0,0,0,0,0,0,0,0,0");
tmap.push("498,498,620,0,0,0,0,0,0,0,0,0,0,0,698,0,0,0,0,0,0,0,0,0,0,0,0,0,0,0,0,0,0,0,0,0,0,0,0,0");
tmap.push("498,498,620,0,0,0,0,0,0,0,0,0,0,0,698,0,0,0,0,0,0,0,0,0,0,0,0,0,0,0,0,0,0,0,0,0,0,0,0,0");
tmap.push("498,498,620,0,0,0,0,0,0,0,0,0,0,0,698,0,0,0,0,0,0,0,0,0,0,0,0,0,0,0,0,0,0,0,0,0,0,0,0,0");
tmap.push("498,498,620,0,0,0,0,0,0,0,0,0,0,0,698,0,0,0,0,0,0,0,0,0,0,0,0,0,0,0,0,0,0,0,0,0,0,0,0,0");
tmap.push("498,498,620,0,0,0,0,0,0,0,0,0,0,0,698,0,0,0,0,0,0,0,0,0,0,0,0,0,0,0,0,0,0,0,0,0,0,0,0,0");
tmap.push("498,498,620,0,0,0,0,0,0,0,0,0,0,0,698,0,0,0,0,0,0,0,0,0,0,0,0,0,0,0,0,0,0,0,0,0,0,0,0,0");
tmap.push("498,498,539,579,579,579,580,0,0,0,0,0,0,0,698,0,0,0,0,0,0,0,0,0,0,0,0,0,0,0,0,0,0,0,0,0,0,0,0,0");
tmap.push("498,498,498,498,498,498,539,580,0,0,0,0,0,0,698,0,0,0,0,0,0,0,0,0,0,0,0,0,0,0,0,0,0,0,0,0,0,0,0,0");
tmap.push("498,498,498,498,498,498,498,539,579,579,579,579,580,0,698,0,0,0,0,0,0,0,0,0,0,0,0,0,0,0,0,0,0,0,0,0,0,0,0,0");
tmap.push("498,498,498,498,498,498,498,498,498,498,498,498,539,579,579,580,0,0,0,0,0,0,0,0,0,578,580,0,0,0,0,0,0,0,0,0,0,0,0,0");
tmap.push("498,498,498,498,498,498,498,498,498,498,498,498,498,498,498,539,579,579,580,6,6,6,6,6,6,618,620,6,6,6,6,6,6,6,6,6,6,6,6,6");
tmap.push("498,498,498,498,498,498,498,498,498,498,498,498,498,498,498,498,498,498,539,579,579,579,579,579,579,540,539,579,579,579,579,579,579,579,579,579,579,579,579,579");
tmap.push("498,498,498,498,498,498,498,498,498,498,498,498,498,498,498,498,498,498,498,498,498,498,498,498,498,498,498,498,498,498,498,498,498,498,498,498,498,498,498,498");
tmap.push("498,498,498,498,498,498,498,498,498,498,498,498,498,498,498,498,498,498,498,498,498,498,498,498,498,498,498,498,498,498,498,498,498,498,498,498,498,498,498,498");
tmap.push("498,498,498,498,498,498,498,498,498,498,498,498,498,498,498,498,498,498,498,498,498,498,498,498,498,498,498,498,498,498,498,498,498,498,498,498,498,498,498,498");

obj.createentity(game, 72, 168, 10, 1, 111190);  // (savepoint)
break;
