tmap = new Array();
tmap.push("1,2,2,2,2,2,2,2,1,3,1,1,1,4,4,4,4,4,4,4");
tmap.push("1,2,2,2,2,2,2,1,1,3,1,1,1,1,4,4,4,4,4,4");
tmap.push("1,1,1,1,2,1,1,1,1,3,1,1,1,1,4,4,4,4,4,4");
tmap.push("1,1,1,1,2,1,0,1,1,3,1,1,5,5,5,5,4,4,4,4");
tmap.push("1,1,2,2,2,1,1,1,1,3,3,3,5,5,5,5,1,1,1,1");
tmap.push("1,1,1,1,1,1,1,1,1,3,5,5,5,5,5,5,0,1,1,1");
tmap.push("1,1,1,1,1,1,1,1,1,3,5,5,5,5,5,5,5,0,0,0");
tmap.push("1,0,0,1,1,1,1,1,1,3,5,5,5,5,5,5,5,5,5,0");
tmap.push("1,1,1,1,0,1,1,1,1,3,1,1,1,5,5,5,5,5,5,0");
tmap.push("1,1,1,1,1,1,1,1,3,3,1,1,1,5,5,5,5,5,5,1");
tmap.push("1,1,1,1,1,1,1,1,1,3,1,1,1,5,5,5,5,5,5,1");
tmap.push("1,1,1,1,1,1,1,1,1,3,1,5,5,5,5,5,5,5,5,1");
tmap.push("1,1,1,1,1,1,1,1,1,3,1,5,5,5,5,5,5,1,5,1");
tmap.push("1,1,1,1,1,1,1,0,1,3,1,5,5,5,5,5,5,1,5,1");
tmap.push("1,1,1,0,1,1,1,1,1,3,1,5,5,1,1,1,1,1,5,1");
tmap.push("1,1,1,1,1,1,1,2,1,3,1,0,0,1,0,0,0,1,1,1");
tmap.push("1,1,2,2,2,2,2,2,1,3,1,1,1,1,1,1,0,1,0,1");
tmap.push("1,2,2,2,2,2,2,2,1,3,1,1,1,1,1,1,1,1,1,1");
tmap.push("2,2,2,2,2,1,1,2,1,3,1,1,1,1,1,1,0,1,0,1");
tmap.push("2,2,2,2,2,1,1,2,1,3,1,1,1,1,1,1,1,1,1,1");
