case rn(49,52):
tmap = new Array();
tmap.push("286,286,286,286,286,286,286,286,286,286,286,286,286,286,286,286,286,286,286,286,286,286,286,286,286,286,286,408,0,0,0,0,0,0,0,406,286,286,286,286");
tmap.push("286,287,447,447,447,447,447,447,447,447,288,286,286,287,447,447,447,447,447,447,447,447,288,286,286,287,447,448,0,0,0,0,0,0,0,406,286,286,286,286");
tmap.push("286,408,68,68,68,68,68,68,68,68,406,286,286,408,68,68,68,68,68,68,68,68,406,286,286,408,68,68,0,0,0,0,0,0,0,406,286,286,286,286");
tmap.push("286,408,0,0,0,0,0,0,0,0,406,286,286,408,0,0,0,0,0,0,0,0,406,286,286,408,0,0,0,0,0,0,0,0,0,406,286,286,286,286");
tmap.push("286,408,0,0,0,0,0,0,0,0,406,286,286,408,0,0,0,0,0,0,0,0,406,286,286,408,0,0,0,0,0,0,0,0,0,406,286,286,286,286");
tmap.push("286,408,0,0,0,0,0,0,0,0,406,286,286,408,0,0,0,0,0,0,0,0,406,286,286,408,0,0,0,0,0,0,0,0,0,406,286,286,286,286");
tmap.push("286,408,0,0,0,0,0,0,0,0,406,286,286,408,0,0,0,0,0,0,0,0,406,286,286,408,0,0,0,0,0,0,0,0,0,406,286,286,286,286");
tmap.push("286,408,0,0,0,0,0,0,0,0,406,286,286,408,0,0,0,0,0,0,0,0,406,286,286,408,0,0,0,0,0,0,0,0,0,406,286,286,286,286");
tmap.push("286,408,0,0,0,0,0,0,0,0,406,286,286,408,0,0,0,0,0,0,0,0,406,286,286,408,0,0,0,0,0,0,0,0,0,406,286,286,286,286");
tmap.push("447,448,0,0,0,0,0,0,0,0,446,447,447,448,0,0,0,0,0,0,0,0,446,447,447,448,0,0,0,0,0,0,0,0,0,406,286,286,286,286");
tmap.push("0,0,0,0,0,0,0,0,0,0,68,68,68,68,0,0,0,0,0,0,0,0,68,68,68,68,0,0,0,0,0,0,0,0,0,406,286,286,286,286");
tmap.push("0,0,0,0,0,0,0,0,0,0,0,0,0,0,0,0,0,0,0,0,0,0,0,0,0,0,0,0,0,0,0,0,0,0,0,406,286,286,286,286");
tmap.push("0,0,0,0,0,0,0,0,0,0,0,0,0,0,0,0,0,0,0,0,0,0,0,0,0,0,0,0,0,0,0,0,0,0,0,406,286,286,286,286");
tmap.push("0,0,0,0,0,0,0,0,0,0,0,0,0,0,0,0,0,0,0,0,0,0,0,0,0,0,0,0,0,0,0,0,0,0,0,406,286,286,286,286");
tmap.push("0,0,0,0,0,0,0,0,0,0,0,0,0,0,0,0,0,0,0,0,0,0,0,0,0,0,0,0,0,0,0,0,0,0,0,406,286,286,286,286");
tmap.push("0,0,0,0,0,0,0,0,0,0,0,0,0,0,0,0,0,0,0,0,0,0,0,0,0,0,0,0,0,0,0,0,0,0,0,406,286,286,286,286");
tmap.push("0,0,0,0,0,0,0,0,0,0,0,0,0,0,0,0,0,0,0,0,0,0,0,0,0,0,0,0,0,0,0,0,0,0,0,406,286,286,286,286");
tmap.push("0,0,0,0,0,0,0,0,0,0,0,0,0,0,0,0,0,0,0,0,0,0,0,0,0,0,0,0,0,0,0,0,0,0,0,406,286,286,286,286");
tmap.push("0,0,0,0,0,0,0,0,0,0,0,0,0,0,0,0,67,67,67,67,0,0,0,0,0,0,0,0,0,0,0,0,0,0,0,406,286,286,286,286");
tmap.push("367,367,367,367,367,367,367,368,0,0,0,0,0,0,0,0,366,367,367,368,0,0,0,0,0,0,0,0,366,367,367,367,367,367,367,328,286,286,286,286");
tmap.push("286,286,286,286,286,286,286,408,0,0,0,0,0,0,0,0,406,286,286,408,0,0,0,0,0,0,0,0,406,286,286,286,286,286,286,286,286,286,286,286");
tmap.push("286,286,286,286,286,286,286,408,0,0,0,0,0,0,0,0,406,286,286,408,0,0,0,0,0,0,0,0,406,286,286,286,286,286,286,286,286,286,286,286");
tmap.push("286,286,286,286,286,286,286,408,0,0,0,0,0,0,0,0,406,286,286,408,0,0,0,0,0,0,0,0,406,286,286,286,286,286,286,286,286,286,286,286");
tmap.push("286,286,286,286,286,286,286,408,0,0,0,0,0,0,0,0,406,286,286,408,0,0,0,0,0,0,0,0,406,286,286,286,286,286,286,286,286,286,286,286");
tmap.push("286,286,286,286,286,286,286,408,0,0,0,0,0,0,0,0,406,286,286,408,0,0,0,0,0,0,0,0,406,286,286,286,286,286,286,286,286,286,286,286");
tmap.push("286,286,286,286,286,286,286,408,0,0,0,0,0,0,0,0,406,286,286,408,0,0,0,0,0,0,0,0,406,286,286,286,286,286,286,286,286,286,286,286");
tmap.push("286,286,286,286,286,286,286,408,67,67,67,67,67,67,67,67,406,286,286,408,67,67,67,67,67,67,67,67,406,286,286,286,286,286,286,286,286,286,286,286");
tmap.push("286,286,286,286,286,286,286,327,367,367,367,367,367,367,367,367,328,286,286,327,367,367,367,367,367,367,367,367,328,286,286,286,286,286,286,286,286,286,286,286");
tmap.push("286,286,286,286,286,286,286,286,286,286,286,286,286,286,286,286,286,286,286,286,286,286,286,286,286,286,286,286,286,286,286,286,286,286,286,286,286,286,286,286");

obj.createentity(game, 248, 136, 10, 1, 252490);  // (savepoint)
obj.createentity(game, 16, 68, 11, 64);  // (horizontal gravity line)
obj.createentity(game, 112, 68, 11, 64);  // (horizontal gravity line)
obj.createentity(game, 64, 164, 11, 64);  // (horizontal gravity line)
obj.createentity(game, 160, 164, 11, 64);  // (horizontal gravity line)
rcol=2;
break;
