case rn(49,54):
tmap = new Array();
tmap.push("286,286,286,286,286,408,0,0,0,0,0,0,0,0,0,0,0,0,0,0,0,0,0,0,0,0,0,0,0,0,0,0,0,0,0,0,0,0,0,0");
tmap.push("286,286,286,286,287,448,0,0,0,0,0,0,0,0,0,0,0,0,0,0,0,0,0,0,0,0,0,0,0,0,310,352,368,0,0,0,0,0,0,0");
tmap.push("286,286,286,286,408,55,0,0,0,0,0,0,0,0,0,0,0,0,0,0,0,0,0,0,0,0,0,0,0,0,56,406,408,0,0,0,0,0,0,0");
tmap.push("286,286,286,286,408,55,0,0,0,0,0,0,0,0,0,0,0,0,0,0,0,0,0,0,0,0,0,0,0,0,56,406,408,0,0,0,0,0,0,0");
tmap.push("286,286,286,286,408,55,0,0,0,0,0,0,0,0,0,0,0,0,0,0,0,0,0,0,0,0,0,0,0,0,56,406,408,0,0,0,0,0,0,0");
tmap.push("286,286,286,286,408,55,0,0,0,0,0,0,0,0,0,0,0,0,0,0,0,0,0,0,0,0,0,0,0,0,56,406,408,0,0,0,0,0,0,0");
tmap.push("286,286,286,286,408,55,0,0,0,0,0,0,0,0,0,0,0,0,0,0,0,0,0,0,0,0,0,0,0,0,56,406,408,0,0,0,0,0,0,0");
tmap.push("286,286,286,286,408,55,0,0,0,0,0,0,0,0,0,0,0,0,0,0,0,0,0,0,0,0,0,0,0,0,56,406,408,0,0,0,0,0,0,0");
tmap.push("286,286,286,286,408,55,0,0,0,0,0,0,0,0,0,0,0,0,0,0,0,0,67,0,0,0,0,0,0,0,56,406,408,0,0,0,0,0,0,0");
tmap.push("286,286,286,286,408,55,0,0,0,0,0,0,0,67,0,0,0,0,0,0,0,56,390,55,0,0,0,0,0,0,56,406,408,0,0,0,0,0,0,0");
tmap.push("286,286,286,286,408,55,0,0,0,0,0,0,56,390,55,0,0,0,0,0,0,56,430,55,0,0,0,0,0,0,56,406,408,0,0,0,0,0,0,0");
tmap.push("286,286,286,286,408,55,0,0,0,0,0,0,56,430,55,0,0,0,0,0,0,56,430,55,0,0,0,0,0,0,310,392,448,0,0,0,0,0,0,0");
tmap.push("286,286,286,286,408,55,0,0,0,0,0,0,56,430,55,0,0,0,0,0,0,56,430,55,0,0,0,0,0,0,0,0,0,0,0,0,0,0,0,0");
tmap.push("286,286,286,286,408,55,0,0,0,0,0,0,56,430,55,0,0,0,0,0,0,56,430,55,0,0,0,0,0,0,0,0,0,0,0,0,0,0,0,0");
tmap.push("286,286,286,286,408,55,0,0,0,0,0,0,56,430,55,0,0,0,0,0,0,56,470,55,0,0,0,0,0,0,0,0,0,0,0,0,0,0,0,0");
tmap.push("286,286,286,286,408,55,0,0,0,0,0,0,56,430,55,0,0,0,0,0,0,0,68,0,0,0,0,0,0,0,0,0,0,0,0,0,0,0,0,0");
tmap.push("286,286,286,286,408,55,0,0,0,0,0,0,56,430,55,0,0,0,0,0,0,0,0,0,0,0,0,0,0,0,0,0,0,0,0,0,0,0,0,0");
tmap.push("286,286,286,286,408,55,0,0,0,0,0,0,56,430,55,0,0,0,0,0,0,0,0,0,0,0,0,0,0,0,0,0,0,0,0,0,0,0,0,0");
tmap.push("286,286,286,286,408,55,0,0,0,0,0,0,56,430,55,0,0,0,0,0,0,0,0,0,0,0,0,0,0,0,0,0,0,0,0,0,0,0,0,0");
tmap.push("286,286,286,286,408,55,0,0,0,0,0,0,56,430,55,0,0,0,0,0,0,0,0,0,0,0,0,0,0,0,0,0,0,0,0,0,0,0,0,0");
tmap.push("286,286,286,286,408,55,0,0,0,0,0,0,56,430,55,0,0,0,0,0,0,0,0,0,0,0,0,0,0,0,0,0,0,0,0,0,0,0,0,0");
tmap.push("286,286,286,286,408,55,0,0,0,0,0,0,56,430,55,0,0,0,0,0,0,0,67,0,0,0,0,0,0,0,0,0,0,0,0,0,0,0,0,0");
tmap.push("286,286,286,286,408,55,0,0,0,0,0,0,56,430,55,0,0,0,0,0,0,56,390,55,0,0,0,0,0,0,0,0,0,0,0,0,0,0,0,0");
tmap.push("286,286,286,286,408,55,0,0,0,0,0,0,56,430,55,0,0,0,0,0,0,56,430,55,0,0,0,0,0,0,0,0,0,0,0,0,0,0,0,0");
tmap.push("286,286,286,286,408,55,0,0,0,0,0,0,56,430,55,0,0,0,0,0,0,56,430,55,0,0,0,0,0,0,0,0,0,0,0,0,0,0,0,0");
tmap.push("286,286,286,286,408,55,0,0,0,0,0,0,56,430,55,0,0,0,0,0,0,56,430,55,0,0,0,0,0,0,0,0,0,0,0,0,0,0,0,0");
tmap.push("286,286,286,286,408,55,0,0,0,0,0,0,56,430,55,0,0,0,0,0,0,56,430,55,0,0,0,0,0,0,0,0,0,0,0,0,0,0,0,0");
tmap.push("286,286,286,286,408,55,0,0,0,0,0,0,56,430,55,0,0,0,0,0,0,56,430,55,0,0,0,0,0,0,0,0,0,0,0,0,0,0,0,0");
tmap.push("286,286,286,286,408,55,0,0,0,0,0,0,56,430,55,0,0,0,0,0,0,56,430,55,0,0,0,0,0,0,0,0,0,0,0,0,0,0,0,0");

obj.createentity(game, 264, 84, 11, 64);  // (horizontal gravity line)
obj.createentity(game, 240, 96, 10, 0, 254490);  // (savepoint)
obj.createentity(game, 48, 28, 11, 192);  // (horizontal gravity line)
obj.createentity(game, 120, 148, 11, 208);  // (horizontal gravity line)
rcol=2;
break;
