case rn(51,51):
tmap = new Array();
tmap.push("292,292,293,453,453,453,453,453,453,453,453,453,453,453,453,453,453,294,292,292,414,59,0,0,0,0,0,0,0,0,0,0,0,0,0,0,60,412,292,292");
tmap.push("292,293,454,72,72,72,72,72,72,72,72,72,72,72,72,72,72,452,294,292,414,59,0,0,0,0,0,0,0,0,0,0,0,0,0,0,60,412,292,292");
tmap.push("292,414,59,0,0,0,0,0,0,0,0,0,0,0,0,0,0,60,412,292,414,59,0,0,0,0,0,0,0,0,0,0,0,0,0,0,60,412,292,292");
tmap.push("292,414,59,0,0,0,0,0,0,0,0,0,0,0,0,0,0,60,412,292,414,59,0,0,0,0,0,0,0,0,0,0,0,0,0,0,60,412,292,292");
tmap.push("292,414,59,0,0,0,0,0,0,0,0,0,0,0,0,0,0,60,412,292,414,59,0,0,0,0,0,0,0,0,0,0,0,0,0,0,60,412,292,292");
tmap.push("292,414,59,0,0,0,0,0,0,0,0,0,0,0,0,0,0,60,452,319,454,59,0,0,0,0,0,0,0,0,0,0,0,0,0,0,60,412,292,292");
tmap.push("292,414,59,0,0,0,0,0,0,0,0,0,0,0,0,0,0,0,72,467,72,0,0,0,0,0,0,0,0,0,0,0,0,0,0,0,60,412,292,292");
tmap.push("292,414,59,0,0,0,0,0,0,0,0,0,0,0,0,0,0,0,0,72,0,0,0,0,0,0,0,0,0,0,0,0,0,0,0,0,60,412,292,292");
tmap.push("292,414,59,0,0,0,0,0,0,0,0,0,0,0,0,0,0,0,0,0,0,0,0,0,0,0,0,0,0,0,0,0,0,0,0,0,60,412,292,292");
tmap.push("292,414,59,0,0,0,0,0,0,0,0,0,0,0,0,0,0,0,0,0,0,0,0,0,0,0,0,0,0,0,0,0,0,0,0,0,60,412,292,292");
tmap.push("292,414,59,0,0,0,0,0,0,0,0,0,0,0,0,0,0,0,0,0,0,0,0,0,0,0,0,0,0,0,0,0,0,0,0,0,60,412,292,292");
tmap.push("292,414,59,0,0,0,0,0,0,0,0,0,0,0,0,0,0,0,0,0,0,0,0,0,0,0,0,0,0,0,0,0,0,0,0,0,60,412,292,292");
tmap.push("292,414,59,0,0,0,0,0,0,0,0,0,0,0,0,0,0,0,0,0,0,0,0,0,0,0,0,0,0,0,0,0,0,0,0,0,60,412,292,292");
tmap.push("292,414,59,0,0,0,0,0,0,0,0,0,0,0,0,0,0,0,0,0,0,0,0,0,0,0,0,0,0,0,0,0,0,0,0,0,60,412,292,292");
tmap.push("292,414,59,0,0,0,0,0,0,0,0,0,0,0,0,0,0,0,0,0,0,0,0,0,0,0,0,0,0,0,0,0,0,0,0,0,60,412,292,292");
tmap.push("292,414,59,0,0,0,0,0,0,0,0,0,0,0,0,0,0,0,0,0,0,0,0,0,0,0,0,0,0,0,0,0,0,0,0,0,60,412,292,292");
tmap.push("292,414,59,0,0,0,0,0,0,0,0,0,0,0,0,0,0,0,0,0,0,0,0,0,0,0,0,0,0,0,0,0,0,0,0,0,60,412,292,292");
tmap.push("292,414,59,0,0,0,0,0,0,0,0,0,0,0,0,0,0,0,0,0,0,0,0,0,0,0,0,0,0,0,0,0,0,0,0,0,60,412,292,292");
tmap.push("292,414,59,0,0,0,0,0,0,0,0,0,0,0,0,0,0,0,0,0,0,0,0,0,0,0,0,0,0,0,0,0,0,0,0,0,60,412,292,292");
tmap.push("292,414,59,0,0,0,0,0,0,0,0,0,0,0,0,0,0,0,0,0,0,0,0,0,0,0,0,0,0,0,0,0,0,0,0,0,60,412,292,292");
tmap.push("292,414,59,0,0,0,0,0,0,0,0,0,0,0,0,0,0,0,0,71,0,0,0,0,0,0,0,0,0,0,0,0,0,0,0,0,60,412,292,292");
tmap.push("292,414,59,0,0,0,0,0,0,0,0,0,0,0,0,0,0,0,71,387,71,0,0,0,0,0,0,0,0,0,0,0,0,0,0,0,60,412,292,292");
tmap.push("292,414,59,0,0,0,0,0,0,0,0,0,0,0,0,0,0,60,372,347,374,59,0,0,0,0,0,0,0,0,0,0,0,0,0,0,60,412,292,292");
tmap.push("292,414,59,0,0,0,0,0,0,0,0,0,0,0,0,0,0,60,412,292,414,59,0,0,0,0,0,0,0,0,0,0,0,0,0,0,60,412,292,292");
tmap.push("292,414,59,0,0,0,0,0,0,0,0,0,0,0,0,0,0,60,412,292,414,59,0,0,0,0,0,0,0,0,0,0,0,0,0,0,60,412,292,292");
tmap.push("292,414,59,0,0,0,0,0,0,0,0,0,0,0,0,0,0,60,412,292,414,59,0,0,0,0,0,0,0,0,0,0,0,0,0,0,60,412,292,292");
tmap.push("292,414,59,0,0,0,0,0,0,0,0,0,0,0,0,0,0,60,412,292,333,374,71,71,71,71,71,71,71,71,71,71,71,71,71,71,372,334,292,292");
tmap.push("292,414,59,0,0,0,0,0,0,0,0,0,0,0,0,0,0,60,412,292,292,333,373,373,373,373,373,373,373,373,373,373,373,373,373,373,334,292,292,292");
tmap.push("292,414,59,0,0,0,0,0,0,0,0,0,0,0,0,0,0,60,412,292,292,292,292,292,292,292,292,292,292,292,292,292,292,292,292,292,292,292,292,292");

obj.createentity(game, 24, 44, 11, 112);  // (horizontal gravity line)
obj.createentity(game, 176, 180, 11, 112);  // (horizontal gravity line)
rcol=4;
break;
