case rn(52,58):
tmap = new Array();
tmap.push("295,295,295,295,295,295,295,295,295,295,295,295,295,295,295,295,295,417,0,0,0,0,0,415,295,295,295,295,295,295,295,295,295,295,295,295,295,295,295,295");
tmap.push("295,295,295,295,295,295,295,295,295,295,295,295,295,295,295,295,295,417,0,0,0,0,0,415,295,295,295,295,295,295,295,295,295,295,295,295,295,295,295,295");
tmap.push("295,295,295,295,295,295,295,295,295,295,295,295,295,295,295,295,295,417,0,0,0,0,0,415,295,295,295,295,295,295,295,295,295,295,295,295,295,295,295,295");
tmap.push("295,295,295,295,295,295,296,456,456,456,456,456,297,295,295,295,295,417,0,0,0,0,0,415,295,295,295,295,295,295,295,295,295,295,295,295,295,295,295,295");
tmap.push("295,295,295,295,295,295,417,0,0,0,0,0,415,295,295,295,295,417,0,0,0,0,0,415,295,295,295,295,295,295,295,295,295,295,295,295,295,295,295,295");
tmap.push("295,295,295,295,295,295,417,0,0,0,0,0,415,295,295,295,295,417,0,0,0,0,0,415,295,295,295,295,295,295,295,295,295,295,295,295,295,295,295,295");
tmap.push("295,295,295,295,295,295,417,0,0,0,0,0,415,295,295,295,295,417,0,0,0,0,0,415,295,295,295,295,295,295,295,295,295,295,295,295,295,295,295,295");
tmap.push("295,295,295,295,295,295,417,0,0,0,0,0,415,295,295,295,295,417,0,0,0,0,0,415,295,295,295,295,295,295,295,295,295,295,295,295,295,295,295,295");
tmap.push("295,295,295,295,295,295,336,376,376,376,376,376,337,295,295,295,295,417,0,0,0,0,0,415,295,295,295,295,295,295,296,456,456,456,456,456,456,297,295,295");
tmap.push("295,295,295,295,295,295,295,295,295,295,295,295,295,295,295,295,295,417,0,0,0,0,0,415,295,295,295,295,295,295,417,0,0,0,0,0,0,415,295,295");
tmap.push("295,295,295,295,295,295,295,295,295,295,295,295,295,295,295,295,295,417,0,0,0,0,0,415,295,295,295,295,295,295,417,0,0,0,0,0,0,415,295,295");
tmap.push("295,295,295,295,295,295,295,295,295,295,295,295,295,295,295,295,295,417,0,0,0,0,0,415,295,295,295,295,295,295,417,0,0,0,0,0,0,415,295,295");
tmap.push("456,456,456,456,456,456,456,456,456,456,456,456,456,456,456,456,456,457,0,0,0,0,0,415,295,295,295,295,295,295,417,0,0,0,0,0,0,415,295,295");
tmap.push("0,0,0,0,0,0,0,0,0,0,0,0,0,0,0,0,0,0,0,0,0,0,0,415,295,295,295,295,295,295,417,0,0,0,0,0,0,415,295,295");
tmap.push("0,0,0,0,0,0,0,0,0,0,0,0,0,0,0,0,0,0,0,0,0,0,0,415,295,295,295,295,295,295,417,0,0,0,0,0,0,415,295,295");
tmap.push("0,0,0,0,0,0,0,0,0,0,0,0,0,0,0,0,0,0,0,0,0,0,0,415,295,295,295,295,295,295,417,0,0,0,0,0,0,415,295,295");
tmap.push("0,0,0,0,0,0,0,0,0,0,0,0,0,0,0,0,0,0,0,0,0,0,0,415,295,295,295,295,295,295,336,376,376,376,376,376,376,337,295,295");
tmap.push("0,0,0,0,0,0,0,0,0,0,0,0,0,0,0,0,0,0,0,0,0,0,0,415,295,295,295,295,295,295,295,295,295,295,295,295,295,295,295,295");
tmap.push("376,376,376,376,376,376,376,376,376,376,376,376,376,376,376,376,376,376,376,376,376,376,376,337,295,295,295,295,295,295,295,295,295,295,295,295,295,295,295,295");
tmap.push("295,295,295,295,295,295,295,295,295,295,295,295,295,295,295,295,295,295,295,295,295,295,295,295,295,295,295,295,295,295,295,295,295,295,295,295,295,295,295,295");
tmap.push("295,295,295,295,295,295,295,295,295,295,296,456,456,456,297,295,295,295,295,295,295,295,295,295,295,295,295,296,456,456,456,456,456,456,456,456,297,295,295,295");
tmap.push("295,295,295,295,295,295,295,295,295,295,417,0,0,0,415,295,295,295,295,295,295,295,295,295,295,295,295,417,0,0,0,0,0,0,0,0,415,295,295,295");
tmap.push("295,295,295,295,295,295,295,295,295,295,417,0,0,0,415,295,295,295,295,295,295,295,295,295,295,295,295,417,0,0,0,0,0,0,0,0,415,295,295,295");
tmap.push("295,295,295,295,295,295,295,295,295,295,417,0,0,0,415,295,295,295,295,295,295,295,295,295,295,295,295,417,0,0,0,0,0,0,0,0,415,295,295,295");
tmap.push("295,295,295,295,295,295,295,295,295,295,417,0,0,0,415,295,295,295,295,295,295,295,295,295,295,295,295,417,0,0,0,0,0,0,0,0,415,295,295,295");
tmap.push("295,295,295,295,295,295,295,295,295,295,417,0,0,0,415,295,295,295,295,295,295,295,295,295,295,295,295,417,0,0,0,0,0,0,0,0,415,295,295,295");
tmap.push("295,295,295,295,295,295,295,295,295,295,417,0,0,0,415,295,295,295,295,295,295,295,295,295,295,295,295,336,376,376,376,376,376,376,376,376,337,295,295,295");
tmap.push("295,295,295,295,295,295,295,295,295,295,336,376,376,376,337,295,295,295,295,295,295,295,295,295,295,295,295,295,295,295,295,295,295,295,295,295,295,295,295,295");
tmap.push("295,295,295,295,295,295,295,295,295,295,295,295,295,295,295,295,295,295,295,295,295,295,295,295,295,295,295,295,295,295,295,295,295,295,295,295,295,295,295,295");

obj.createentity(game, 112, 128, 10, 1, 258520);  // (savepoint)
rcol=5;
break;
