case rn(52,52):
tmap = new Array();
tmap.push("286,286,286,286,286,286,286,286,286,286,286,286,286,286,286,286,286,286,286,286,286,286,286,286,286,286,286,286,286,286,286,286,286,286,286,286,286,286,286,286");
tmap.push("447,447,447,447,447,447,447,447,447,447,447,447,447,447,447,447,447,447,447,447,447,447,447,447,447,447,447,447,447,447,447,447,447,447,288,286,286,286,286,286");
tmap.push("68,68,68,68,68,68,68,68,68,68,68,68,68,68,68,68,68,68,68,68,68,68,68,68,68,68,68,68,68,68,68,68,68,68,406,286,286,286,286,286");
tmap.push("0,0,0,0,0,0,0,0,0,0,0,0,0,0,0,0,0,0,0,0,0,0,0,0,0,0,0,0,0,0,0,0,0,0,406,286,286,286,286,286");
tmap.push("0,0,0,0,0,0,0,0,0,0,0,0,0,0,0,0,0,0,0,0,0,0,0,0,0,0,0,0,0,0,0,0,0,0,406,286,286,286,286,286");
tmap.push("0,0,0,0,0,0,0,0,0,0,0,0,0,0,0,0,0,0,0,0,0,0,0,0,0,0,0,0,0,0,0,0,0,0,406,286,286,286,286,286");
tmap.push("0,0,0,0,0,0,0,0,0,0,0,0,0,0,0,0,0,0,0,0,0,0,0,0,0,0,0,0,0,0,0,0,0,0,406,286,286,286,286,286");
tmap.push("0,0,0,0,0,0,0,0,0,0,0,0,0,0,0,0,0,0,0,0,0,0,0,0,0,0,0,0,0,0,0,0,0,0,406,286,286,286,286,286");
tmap.push("0,0,0,0,0,0,0,0,0,0,0,0,0,0,0,0,0,0,0,0,0,0,0,0,0,0,0,0,0,0,0,0,0,0,406,286,286,286,286,286");
tmap.push("0,0,0,0,0,0,0,0,0,0,0,0,0,0,0,0,0,0,0,0,0,0,0,0,0,0,0,0,0,0,0,0,0,0,406,286,286,286,286,286");
tmap.push("0,0,0,0,0,0,0,0,0,0,0,0,0,0,0,0,0,0,0,0,0,0,0,0,0,0,0,0,0,0,0,0,0,0,406,286,286,286,286,286");
tmap.push("0,0,0,0,0,0,0,0,0,0,0,0,0,0,0,0,0,0,0,0,0,0,0,0,0,0,0,0,0,0,0,0,0,0,406,286,286,286,286,286");
tmap.push("0,0,0,0,0,0,0,0,0,0,0,0,0,0,0,0,0,0,0,0,0,0,0,0,0,0,0,0,0,0,0,0,0,0,406,286,286,286,286,286");
tmap.push("0,0,0,0,0,0,0,0,0,0,0,0,0,0,0,0,0,0,0,0,0,0,0,0,67,0,0,0,0,0,0,0,0,0,406,286,286,286,286,286");
tmap.push("367,367,367,367,367,367,367,351,311,311,311,311,311,311,311,311,311,311,311,311,311,311,311,311,312,0,0,0,0,0,0,0,0,0,406,286,286,286,286,286");
tmap.push("286,286,286,286,286,286,286,408,0,0,0,0,0,0,0,0,0,0,0,0,0,0,0,0,68,0,0,0,0,0,0,0,0,0,406,286,286,286,286,286");
tmap.push("286,286,286,286,286,286,286,408,0,0,0,0,0,0,0,0,0,0,0,0,0,0,0,0,0,0,0,0,0,0,0,0,0,0,406,286,286,286,286,286");
tmap.push("286,286,286,286,286,286,286,408,0,0,0,0,0,0,0,0,0,0,0,0,0,0,0,0,0,0,0,0,0,0,0,0,0,0,406,286,286,286,286,286");
tmap.push("286,286,286,286,286,286,286,408,0,0,0,0,0,0,0,0,0,0,0,0,0,0,0,0,0,0,0,0,0,0,0,0,0,0,406,286,286,286,286,286");
tmap.push("286,286,286,286,286,286,286,408,0,0,0,0,0,0,0,0,0,0,0,0,0,0,0,0,0,0,0,0,0,0,0,0,0,0,406,286,286,286,286,286");
tmap.push("286,286,286,286,286,286,286,408,0,0,0,0,0,0,0,0,0,0,0,0,0,0,0,0,0,0,0,0,0,0,0,0,0,0,406,286,286,286,286,286");
tmap.push("286,286,286,286,286,286,286,408,0,0,0,0,0,0,0,0,0,0,0,0,0,0,0,0,0,0,0,0,0,0,0,0,0,0,406,286,286,286,286,286");
tmap.push("286,286,286,286,286,286,286,408,0,0,0,0,0,0,0,0,0,0,0,0,0,0,0,0,0,0,0,0,0,0,0,0,0,0,406,286,286,286,286,286");
tmap.push("286,286,286,286,286,286,286,408,0,0,0,0,0,0,0,0,0,0,0,0,0,0,0,0,0,0,0,0,0,0,0,0,0,0,406,286,286,286,286,286");
tmap.push("286,286,286,286,286,286,286,408,0,0,0,0,0,0,0,0,0,0,0,0,0,0,0,0,0,0,0,0,0,0,0,0,0,0,406,286,286,286,286,286");
tmap.push("286,286,286,286,286,286,286,408,0,0,0,0,0,0,0,0,0,0,0,0,0,0,0,0,0,0,0,0,0,0,0,0,0,0,406,286,286,286,286,286");
tmap.push("286,286,286,286,286,286,286,408,0,0,0,0,0,0,67,67,67,67,67,67,67,67,67,67,67,67,67,67,67,67,67,67,67,67,406,286,286,286,286,286");
tmap.push("286,286,286,286,286,286,286,408,0,0,0,0,0,0,366,367,367,367,367,367,367,367,367,367,367,367,367,367,367,367,367,367,367,367,328,286,286,286,286,286");
tmap.push("286,286,286,286,286,286,286,408,0,0,0,0,0,0,406,286,286,286,286,286,286,286,286,286,286,286,286,286,286,286,286,286,286,286,286,286,286,286,286,286");

obj.createentity(game, 195, 24, 12, 80);  // (vertical gravity line)
obj.createentity(game, 195, 128, 12, 80);  // (vertical gravity line)
obj.createentity(game, 80, 120, 10, 0, 252520);  // (savepoint)
obj.createentity(game, 80, 96, 10, 1, 252521);  // (savepoint)
rcol=2;
break;
