case rn(52,50):
tmap = new Array();
tmap.push("213,212,92,214,172,174,0,0,0,0,0,0,212,214,0,0,0,0,0,0,212,214,0,0,0,0,0,0,212,214,0,0,0,0,0,0,212,92,92,92");
tmap.push("213,212,92,214,252,254,0,0,0,0,0,0,212,214,0,0,0,0,0,0,212,214,0,0,0,0,0,0,212,214,0,0,0,0,0,0,212,92,92,92");
tmap.push("213,212,92,214,0,0,0,0,0,0,0,0,212,214,0,0,0,0,0,0,212,214,0,0,0,0,0,0,212,214,0,0,0,0,0,0,212,92,92,92");
tmap.push("213,212,92,214,0,0,0,0,0,0,0,0,212,214,0,0,0,0,0,0,212,214,0,0,0,0,0,0,212,214,0,0,0,0,0,0,212,92,92,92");
tmap.push("213,212,92,214,0,0,0,0,0,0,0,0,212,214,0,0,0,0,0,0,212,214,0,0,0,0,0,0,212,214,0,0,0,0,0,0,212,92,92,92");
tmap.push("213,212,92,214,0,0,0,0,0,0,0,0,252,254,0,0,0,0,0,0,212,214,0,0,0,0,0,0,212,214,0,0,0,0,0,0,212,92,92,92");
tmap.push("213,212,92,214,0,0,0,0,0,0,0,0,7,7,0,0,0,0,0,0,212,214,0,0,0,0,0,0,212,214,0,0,0,0,0,0,212,92,92,92");
tmap.push("213,212,92,214,0,0,0,0,0,0,0,0,0,0,0,0,0,0,0,0,212,214,0,0,0,0,0,0,252,254,0,0,0,0,0,0,212,92,92,92");
tmap.push("213,212,92,214,0,0,0,0,0,0,0,0,0,0,0,0,0,0,0,0,212,214,0,0,0,0,0,0,7,7,0,0,0,0,0,0,212,92,92,92");
tmap.push("213,212,92,214,0,0,0,0,0,0,0,0,0,0,0,0,0,0,0,0,212,214,0,0,0,0,0,0,0,0,0,0,0,0,0,0,212,92,92,92");
tmap.push("213,212,92,214,0,0,0,0,0,0,0,0,0,0,0,0,0,0,0,0,212,214,0,0,0,0,0,0,0,0,0,0,0,0,0,0,212,92,92,92");
tmap.push("213,212,92,214,0,0,0,0,0,0,0,0,0,0,0,0,0,0,0,0,212,214,0,0,0,0,0,0,0,0,0,0,0,0,0,0,252,253,253,253");
tmap.push("213,212,92,214,0,0,0,0,0,0,0,0,0,0,0,0,0,0,0,0,252,254,0,0,0,0,0,0,0,0,0,0,0,0,0,0,0,0,0,0");
tmap.push("213,212,92,214,0,0,0,0,0,0,0,0,0,0,0,0,0,0,0,0,7,7,0,0,0,0,0,0,0,0,0,0,0,0,0,0,0,0,0,0");
tmap.push("213,212,92,214,0,0,0,0,0,0,0,0,0,0,0,0,0,0,0,0,0,0,0,0,0,0,0,0,0,0,0,0,0,0,0,0,0,0,0,0");
tmap.push("213,212,92,214,0,0,0,0,0,0,0,0,0,0,0,0,0,0,0,0,0,0,0,0,0,0,0,0,0,0,0,0,0,0,0,0,0,0,0,0");
tmap.push("213,212,92,214,0,0,0,0,0,0,0,0,0,0,0,0,0,0,0,0,0,0,0,0,0,0,0,0,0,0,0,0,0,0,0,0,0,0,0,0");
tmap.push("213,212,92,214,0,0,0,0,0,0,0,0,0,0,0,0,0,0,0,0,0,0,0,0,0,0,0,0,0,0,0,0,0,0,0,0,172,173,173,173");
tmap.push("213,212,92,214,0,0,0,0,0,0,0,0,6,6,0,0,0,0,0,0,0,0,0,0,0,0,0,0,0,0,0,0,0,0,0,0,212,92,92,92");
tmap.push("213,212,92,214,0,0,0,0,0,0,0,0,172,174,0,0,0,0,0,0,0,0,0,0,0,0,0,0,0,0,0,0,0,0,0,0,212,92,92,92");
tmap.push("213,212,92,214,0,0,0,0,0,0,0,0,212,214,0,0,0,0,0,0,0,0,0,0,0,0,0,0,6,6,0,0,0,0,0,0,212,92,92,92");
tmap.push("213,212,92,214,0,0,0,0,0,0,0,0,212,214,0,0,0,0,0,0,0,0,0,0,0,0,0,0,172,174,0,0,0,0,0,0,212,92,92,92");
tmap.push("213,212,92,214,0,0,0,0,0,0,0,0,212,214,0,0,0,0,0,0,0,0,0,0,0,0,0,0,212,214,0,0,0,0,0,0,212,92,92,92");
tmap.push("213,212,92,214,0,0,0,0,0,0,0,0,212,214,0,0,0,0,0,0,0,0,0,0,0,0,0,0,212,214,0,0,0,0,0,0,212,92,92,92");
tmap.push("213,212,92,214,0,0,0,0,0,0,0,0,212,214,0,0,0,0,0,0,0,0,0,0,0,0,0,0,212,214,0,0,0,0,0,0,212,92,92,92");
tmap.push("213,212,92,214,0,0,0,0,0,0,0,0,212,214,0,0,0,0,0,0,6,6,0,0,0,0,0,0,212,214,0,0,0,0,0,0,212,92,92,92");
tmap.push("213,212,92,214,0,0,0,0,0,0,0,0,212,214,0,0,0,0,0,0,172,174,0,0,0,0,0,0,212,214,0,0,0,0,0,0,212,92,92,92");
tmap.push("213,212,92,214,172,174,0,0,0,0,0,0,212,214,0,0,0,0,0,0,212,214,0,0,0,0,0,0,212,214,0,0,0,0,0,0,212,92,92,92");
tmap.push("213,212,92,214,252,254,0,0,0,0,0,0,212,214,0,0,0,0,0,0,212,214,0,0,0,0,0,0,212,214,0,0,0,0,0,0,212,92,92,92");

obj.createentity(game, 32, 16, 10, 0, 50520);  // (savepoint)
rcol=4;
break;
