case rn(53,49):
tmap = new Array();
tmap.push("126,126,126,126,206,86,208,0,0,0,206,86,208,0,0,0,0,0,0,0,0,0,0,0,0,0,0,0,0,0,0,0,0,0,0,0,0,0,206,86");
tmap.push("126,126,126,126,206,86,208,0,0,0,246,247,248,0,0,0,0,0,0,0,0,0,0,0,0,0,0,0,0,0,0,0,0,0,0,0,0,0,246,247");
tmap.push("126,126,126,126,206,86,208,0,0,0,0,0,0,0,0,0,0,0,0,0,0,0,0,0,0,0,0,0,0,0,0,0,0,0,0,0,0,0,0,0");
tmap.push("126,126,126,126,206,86,208,0,0,0,0,0,0,0,0,0,0,0,0,0,0,0,0,0,0,0,0,0,0,0,0,0,0,0,0,0,0,0,0,0");
tmap.push("126,126,126,126,206,86,208,0,0,0,0,0,0,0,0,0,0,166,167,168,0,0,0,0,0,0,0,0,0,0,0,166,167,168,0,0,0,0,0,0");
tmap.push("126,126,126,126,206,86,208,0,0,0,0,0,0,0,0,0,0,206,86,208,0,0,0,0,0,0,0,0,0,0,0,206,86,208,0,0,0,0,0,0");
tmap.push("126,126,126,126,206,86,208,0,0,0,0,0,0,0,0,0,0,206,86,208,0,0,0,0,0,0,0,0,0,0,0,206,86,208,0,0,0,0,0,0");
tmap.push("126,126,126,126,206,86,208,0,0,0,0,0,0,0,0,0,0,206,86,208,0,0,0,0,0,0,0,0,0,0,0,206,86,208,0,0,0,0,0,0");
tmap.push("126,126,126,126,206,86,208,0,0,0,0,0,0,0,0,0,0,206,86,208,0,0,0,0,0,0,0,0,0,0,0,206,86,208,0,0,0,0,0,0");
tmap.push("126,126,126,126,206,86,208,0,0,0,0,0,0,0,0,0,0,206,86,208,0,0,0,0,0,0,0,0,0,0,0,206,86,208,0,0,0,0,0,0");
tmap.push("126,126,126,126,206,86,208,166,167,167,167,167,168,0,0,0,0,206,86,208,0,0,0,0,0,0,0,0,0,0,0,206,86,208,0,0,0,0,166,167");
tmap.push("126,126,126,126,206,86,208,206,86,86,86,86,208,6,6,6,6,206,86,208,6,6,6,6,6,6,6,6,6,6,6,206,86,208,6,6,6,6,206,86");
tmap.push("126,126,126,126,206,86,208,206,86,86,86,86,208,166,167,167,168,206,86,208,166,167,167,168,166,167,168,166,167,167,168,206,86,208,166,167,167,168,206,86");
tmap.push("126,126,126,126,206,86,208,206,86,86,86,86,208,206,86,86,208,206,86,208,206,86,86,208,206,86,208,206,86,86,208,206,86,208,206,86,86,208,206,86");
tmap.push("126,126,126,126,206,86,208,206,86,86,86,86,208,206,86,86,208,206,86,208,206,86,86,208,206,86,208,206,86,86,208,206,86,208,206,86,86,208,206,86");
tmap.push("126,126,126,126,206,86,208,206,86,86,86,86,208,206,86,86,208,206,86,208,206,86,86,208,206,86,208,206,86,86,208,206,86,208,206,86,86,208,206,86");
tmap.push("126,126,126,126,206,86,208,206,86,86,86,86,208,246,247,247,248,246,247,248,246,247,247,248,206,86,208,246,247,247,248,246,247,248,246,247,247,248,206,86");
tmap.push("126,126,126,126,206,86,208,206,86,86,86,86,208,7,7,7,7,7,7,7,7,7,7,7,206,86,208,7,7,7,7,7,7,7,7,7,7,7,206,86");
tmap.push("126,126,126,126,206,86,208,246,247,247,247,247,248,0,0,0,0,0,0,0,0,0,0,0,206,86,208,0,0,0,0,0,0,0,0,0,0,0,246,247");
tmap.push("126,126,126,126,206,86,208,0,0,0,0,0,0,0,0,0,0,0,0,0,0,0,0,0,206,86,208,0,0,0,0,0,0,0,0,0,0,0,0,0");
tmap.push("126,126,126,126,206,86,208,0,0,0,0,0,0,0,0,0,0,0,0,0,0,0,0,0,206,86,208,0,0,0,0,0,0,0,0,0,0,0,0,0");
tmap.push("126,126,126,126,206,86,208,0,0,0,0,0,0,0,0,0,0,0,0,0,0,0,0,0,206,86,208,0,0,0,0,0,0,0,0,0,0,0,0,0");
tmap.push("126,126,126,126,206,86,208,0,0,0,0,0,0,0,0,0,0,0,0,0,0,0,0,0,206,86,208,0,0,0,0,0,0,0,0,0,0,0,0,0");
tmap.push("126,126,126,126,206,86,208,0,0,0,0,0,0,0,0,0,0,0,0,0,0,0,0,0,206,86,208,0,0,0,0,0,0,0,0,0,0,0,0,0");
tmap.push("126,126,126,126,206,86,208,0,0,0,0,0,0,0,0,0,0,0,0,0,0,0,0,0,246,247,248,0,0,0,0,0,0,0,0,0,0,0,0,0");
tmap.push("126,126,126,126,206,86,208,0,0,0,0,0,0,0,0,0,0,0,0,0,0,0,0,0,0,0,0,0,0,0,0,0,0,0,0,0,0,0,0,0");
tmap.push("126,126,126,126,206,86,208,0,0,0,0,0,0,0,0,0,0,0,0,0,0,0,0,0,0,0,0,0,0,0,0,0,0,0,0,0,0,0,0,0");
tmap.push("126,126,126,126,206,86,208,0,0,0,166,167,168,0,0,0,0,0,0,0,0,0,0,0,0,0,0,0,0,0,0,0,0,0,0,0,0,0,166,167");
tmap.push("126,126,126,126,206,86,208,0,0,0,206,86,208,0,0,0,0,0,0,0,0,0,0,0,0,0,0,0,0,0,0,0,0,0,0,0,0,0,206,86");

obj.createentity(game, 64, 152, 10, 0, 49530);  // (savepoint)
rcol=2;
break;
