case rn(55,49):
tmap = new Array();
tmap.push("0,0,212,92,214,0,0,0,0,0,0,0,0,0,0,0,0,0,0,0,0,0,0,0,0,0,0,0,0,0,0,0,0,0,0,212,92,214,0,0");
tmap.push("0,0,212,92,214,0,0,0,0,0,0,0,0,0,0,0,0,0,0,0,0,0,0,0,0,0,0,0,0,0,0,0,0,0,0,212,92,214,0,0");
tmap.push("0,0,252,253,254,0,0,0,0,0,0,0,0,0,0,0,0,0,0,0,0,0,0,0,0,0,0,0,0,0,0,0,0,0,0,252,253,254,0,0");
tmap.push("6,6,172,173,174,0,0,0,0,0,0,6,6,6,6,6,6,6,6,6,6,6,6,6,6,6,6,6,6,6,6,0,0,0,0,172,173,174,6,6");
tmap.push("173,174,212,92,214,0,0,0,0,0,0,172,173,173,173,173,173,173,173,173,173,173,173,173,173,173,173,173,173,173,174,0,0,0,0,212,92,214,172,173");
tmap.push("253,254,252,253,254,0,0,0,0,0,0,252,253,253,253,253,253,253,253,253,253,253,253,253,253,253,253,253,253,253,254,0,0,0,0,252,253,254,252,253");
tmap.push("0,0,0,0,0,0,0,0,0,0,0,7,7,7,7,7,7,7,0,0,0,0,0,0,0,0,0,0,0,0,0,0,0,0,0,0,0,0,0,0");
tmap.push("0,0,0,0,0,0,0,0,0,0,0,0,0,0,0,0,0,0,0,0,0,0,0,0,0,0,0,0,0,0,0,0,0,0,0,0,0,0,0,0");
tmap.push("0,0,0,0,0,0,0,0,0,0,0,0,0,0,0,0,0,0,0,0,0,0,0,0,0,0,0,0,0,0,0,0,0,0,0,0,0,0,0,0");
tmap.push("0,0,0,0,0,0,0,0,0,0,0,0,0,0,6,6,6,6,0,0,0,0,6,6,6,6,0,0,0,0,0,0,0,0,0,0,0,0,0,0");
tmap.push("0,0,0,0,0,0,0,0,0,0,0,0,0,0,172,173,173,174,0,0,0,0,172,173,173,174,0,0,0,0,0,0,0,0,0,0,0,0,0,0");
tmap.push("0,0,0,0,0,172,173,173,174,0,0,0,0,0,212,92,92,214,0,0,0,0,212,92,92,214,0,0,0,0,0,172,173,173,174,0,0,0,0,0");
tmap.push("6,6,6,6,6,252,253,253,254,6,6,6,6,6,252,253,253,254,0,0,0,0,252,253,253,254,6,6,6,6,6,252,253,253,254,6,6,6,6,6");
tmap.push("173,173,173,173,173,173,173,173,173,173,173,173,173,174,172,173,174,0,0,0,0,0,0,172,173,174,172,173,173,173,173,173,173,173,173,173,173,173,173,173");
tmap.push("92,92,92,92,92,92,92,92,92,92,92,92,92,214,212,92,214,0,0,0,0,0,0,212,92,214,212,92,92,92,92,92,92,92,92,92,92,92,92,92");
tmap.push("253,253,253,253,253,253,253,253,253,253,253,253,253,254,212,92,214,0,0,0,0,0,0,212,92,214,252,253,253,253,253,253,253,253,253,253,253,253,253,253");
tmap.push("7,7,172,173,174,7,7,7,7,7,7,7,7,7,212,92,214,0,0,0,0,0,0,212,92,214,7,7,7,7,7,7,7,7,7,172,173,174,7,7");
tmap.push("0,0,212,92,214,0,0,0,0,0,0,0,0,0,212,92,214,172,173,173,173,173,174,212,92,214,0,0,0,0,0,0,0,0,0,212,92,214,0,0");
tmap.push("0,0,252,253,254,0,0,0,0,0,0,0,0,0,252,253,254,252,253,253,253,253,254,252,253,254,0,0,0,0,0,0,0,0,0,252,253,254,0,0");
tmap.push("0,0,172,173,174,0,0,0,0,0,0,0,0,0,0,0,0,0,0,0,0,0,0,0,0,0,0,0,0,0,0,0,0,0,0,172,173,174,0,0");
tmap.push("0,0,212,92,214,0,0,0,0,0,0,0,0,0,0,0,0,0,0,0,0,0,0,0,0,0,0,0,0,0,0,0,0,0,0,212,92,214,0,0");
tmap.push("0,0,212,92,214,0,0,0,0,0,0,0,0,0,0,0,0,0,0,0,0,0,0,0,0,0,0,0,0,0,0,0,0,0,0,212,92,214,0,0");
tmap.push("0,0,212,92,214,0,0,0,0,0,0,0,0,0,0,0,0,0,0,0,0,0,0,0,0,0,0,0,0,0,0,0,0,0,0,212,92,214,0,0");
tmap.push("0,0,212,92,214,0,0,0,0,172,173,173,173,173,173,174,0,0,0,0,0,0,0,0,172,173,173,173,173,173,174,0,0,0,0,212,92,214,0,0");
tmap.push("0,0,212,92,214,0,0,0,0,252,253,253,253,253,253,254,0,0,0,0,0,0,0,0,252,253,253,253,253,253,254,0,0,0,0,212,92,214,0,0");
tmap.push("0,0,212,92,214,0,0,0,0,7,7,7,7,7,7,7,0,0,0,0,0,0,0,0,7,7,7,7,7,7,7,0,0,0,0,212,92,214,0,0");
tmap.push("0,0,212,92,214,0,0,0,0,0,0,0,0,0,0,0,0,0,0,0,0,0,0,0,0,0,0,0,0,0,0,0,0,0,0,212,92,214,0,0");
tmap.push("0,0,212,92,214,0,0,0,0,0,0,0,0,0,0,0,0,0,0,0,0,0,0,0,0,0,0,0,0,0,0,0,0,0,0,212,92,214,0,0");
tmap.push("0,0,212,92,214,0,0,0,0,0,0,0,0,0,0,0,0,0,0,0,0,0,0,0,0,0,0,0,0,0,0,0,0,0,0,212,92,214,0,0");

obj.createentity(game, 152, 112, 9, 0, 0+coin);  // (shiny trinket)
obj.createentity(game, 152, 152, 10, 0, 49550);  // (savepoint)
rcol=4;
break;
