case rn(51,47):
tmap = new Array();
tmap.push("286,286,286,286,286,286,286,286,286,286,286,286,286,286,286,286,286,286,286,286,286,286,286,286,286,286,286,286,286,286,286,286,286,286,286,286,286,286,286,286");
tmap.push("286,286,286,286,286,286,286,286,286,286,286,286,286,286,286,286,286,286,286,286,286,286,286,286,286,286,286,286,286,286,286,286,286,286,286,286,286,286,286,286");
tmap.push("286,286,286,286,286,286,286,286,286,286,286,286,286,286,286,286,286,286,286,286,286,286,286,286,286,286,286,286,286,286,286,286,286,286,286,286,286,286,286,286");
tmap.push("286,287,447,447,447,447,447,447,447,447,447,447,447,447,447,447,447,447,447,447,447,447,447,447,447,447,447,447,447,447,447,447,447,447,447,447,447,447,288,286");
tmap.push("286,408,0,0,0,0,0,0,0,0,0,0,0,0,0,0,0,0,0,0,0,0,0,0,0,0,0,0,0,0,0,0,0,0,0,0,0,0,406,286");
tmap.push("286,408,0,0,0,0,0,0,0,0,0,0,0,0,0,0,0,0,0,0,0,0,0,0,0,0,0,0,0,0,0,0,0,0,0,0,0,0,406,286");
tmap.push("286,408,0,0,0,0,0,0,0,0,0,0,0,0,0,0,0,0,0,0,0,0,0,0,0,0,0,0,0,0,0,0,0,0,0,0,0,0,406,286");
tmap.push("286,408,0,0,0,0,0,0,0,0,0,0,0,0,0,0,0,0,0,0,0,0,0,0,0,0,0,0,0,0,0,0,0,0,0,0,0,0,406,286");
tmap.push("286,408,0,0,0,0,0,0,0,0,0,0,0,0,0,0,0,0,0,0,0,0,0,0,0,0,0,0,0,0,0,0,0,0,0,0,0,0,406,286");
tmap.push("286,408,0,0,0,0,0,0,0,0,0,0,0,0,0,0,0,0,0,0,0,0,0,0,0,0,0,0,0,0,0,0,0,0,0,0,0,0,406,286");
tmap.push("286,327,367,368,0,0,0,0,366,367,367,367,367,367,367,367,367,367,367,367,367,367,367,367,367,367,367,367,367,367,367,368,0,0,0,0,366,367,328,286");
tmap.push("286,286,286,408,0,0,0,0,406,286,286,286,286,286,286,286,286,286,286,286,286,286,286,286,286,286,286,286,286,286,286,408,0,0,0,0,406,286,286,286");
tmap.push("286,286,286,408,0,0,0,0,406,286,286,286,286,286,286,286,286,286,286,286,286,286,286,286,286,286,286,286,286,286,286,408,0,0,0,0,406,286,286,286");
tmap.push("286,286,286,408,0,0,0,0,406,286,286,286,286,286,286,286,286,286,286,286,286,286,286,286,286,286,286,286,286,286,286,408,0,0,0,0,406,286,286,286");
tmap.push("286,286,286,408,0,0,0,0,406,286,286,286,286,286,286,286,286,286,286,286,286,286,286,286,286,286,286,286,286,286,286,408,0,0,0,0,406,286,286,286");
tmap.push("286,286,286,408,0,0,0,0,406,286,286,286,286,286,286,287,447,447,447,447,447,447,447,447,447,447,447,447,447,447,447,448,0,0,0,0,406,286,286,286");
tmap.push("286,286,286,408,0,0,0,0,406,286,286,286,286,286,286,408,0,0,0,0,0,0,0,0,0,0,0,0,0,0,0,0,0,0,0,0,406,286,286,286");
tmap.push("286,286,286,408,0,0,0,0,406,286,286,286,286,286,286,408,0,0,0,0,0,0,0,0,0,0,0,0,0,0,0,0,0,0,0,0,406,286,286,286");
tmap.push("286,286,286,408,0,0,0,0,406,286,286,286,286,286,286,408,0,0,0,0,0,0,0,0,0,0,0,0,0,0,0,0,0,0,0,0,406,286,286,286");
tmap.push("286,286,286,408,0,0,0,0,406,286,286,286,286,286,286,408,0,0,0,0,0,0,0,0,0,0,0,0,0,0,0,0,0,0,0,0,406,286,286,286");
tmap.push("286,286,286,408,0,0,0,0,446,447,447,447,447,447,447,448,0,0,0,0,0,0,0,0,0,0,0,0,0,0,0,0,0,0,0,0,406,286,286,286");
tmap.push("286,286,286,408,0,0,0,0,0,0,0,0,0,0,0,0,0,0,0,0,0,0,0,0,366,367,367,367,367,367,367,367,367,367,367,367,328,286,286,286");
tmap.push("286,286,286,408,0,0,0,0,0,0,0,0,0,0,0,0,0,0,0,0,0,0,0,0,406,286,286,286,286,286,286,286,286,286,286,286,286,286,286,286");
tmap.push("286,286,286,408,0,0,0,0,0,0,0,0,0,0,0,0,0,0,0,0,0,0,0,0,406,286,286,286,286,286,286,286,286,286,286,286,286,286,286,286");
tmap.push("286,286,286,408,0,0,0,0,0,0,0,0,0,0,0,0,0,0,0,0,0,0,0,0,406,286,286,286,286,286,286,286,286,286,286,286,286,286,286,286");
tmap.push("286,286,286,327,367,367,367,367,367,367,367,367,367,367,367,368,0,0,0,0,0,0,0,0,406,286,286,286,286,286,286,286,286,286,286,286,286,286,286,286");
tmap.push("286,286,286,286,286,286,286,286,286,286,286,286,286,286,286,408,0,0,0,0,0,0,0,0,406,286,286,286,286,286,286,286,286,286,286,286,286,286,286,286");
tmap.push("286,286,286,286,286,286,286,286,286,286,286,286,286,286,286,408,0,0,0,0,0,0,0,0,406,286,286,286,286,286,286,286,286,286,286,286,286,286,286,286");
tmap.push("286,286,286,286,286,286,286,286,286,286,286,286,286,286,286,408,0,0,0,0,0,0,0,0,406,286,286,286,286,286,286,286,286,286,286,286,286,286,286,286");
fillcontent(tmap);

obj.createentity(game, 72, 40, 8, behave, para);
obj.createentity(game, 88, 64, 8, behave, para);
obj.createentity(game, 104, 40, 8, behave, para);
obj.createentity(game, 120, 64, 8, behave, para);
obj.createentity(game, 136, 40, 8, behave, para);
obj.createentity(game, 152, 64, 8, behave, para);
obj.createentity(game, 168, 40, 8, behave, para);
obj.createentity(game, 184, 64, 8, behave, para);
obj.createentity(game, 200, 40, 8, behave, para);
obj.createentity(game, 216, 64, 8, behave, para);
obj.createentity(game, 232, 40, 8, behave, para);
obj.createentity(game, 248, 64, 8, behave, para);
obj.createentity(game, 56, 64, 8, behave, para);
obj.createentity(game, 264, 40, 8, behave, para);
obj.createentity(game, 280, 64, 8, behave, para);
obj.createentity(game, 40, 40, 8, behave, para);
obj.createentity(game, 24, 64, 8, behave, para);
break;
