case rn(52,51):
tmap = new Array();
tmap.push("86,86,86,86,86,86,86,86,86,86,86,86,86,86,86,86,86,86,86,86,86,86,86,86,86,86,86,86,86,86,86,86,208,0,0,0,0,206,86,412");
tmap.push("86,87,247,247,247,247,247,247,247,247,247,247,247,247,88,86,86,86,86,86,87,247,247,247,247,88,86,86,87,247,247,247,248,0,0,0,0,206,86,412");
tmap.push("86,208,0,0,0,0,0,0,0,0,0,0,0,0,206,86,87,247,247,247,248,9,9,9,9,246,247,247,248,9,9,9,9,0,0,0,0,206,86,412");
tmap.push("86,208,0,0,0,0,0,0,0,0,0,0,0,0,206,86,208,0,0,0,0,0,0,0,0,0,0,0,0,0,0,0,0,0,0,0,0,206,86,412");
tmap.push("86,208,0,0,0,0,0,0,0,0,0,0,0,0,206,86,208,0,0,0,0,0,0,0,0,0,0,0,0,0,0,0,0,0,0,0,0,206,86,412");
tmap.push("86,208,0,0,0,0,0,0,0,0,0,0,0,0,206,86,208,0,0,0,0,0,0,0,0,0,0,0,0,0,0,0,0,0,0,0,0,206,86,412");
tmap.push("86,208,0,0,0,166,167,167,167,167,167,167,167,167,128,86,208,0,0,0,0,0,0,0,0,0,0,0,0,0,0,0,0,0,0,0,0,206,86,412");
tmap.push("86,208,0,0,0,206,372,373,373,373,373,373,373,373,373,374,208,0,0,0,0,0,0,0,0,0,0,0,0,0,0,0,0,0,0,0,0,206,86,412");
tmap.push("86,208,0,0,0,206,452,453,453,294,292,292,292,292,292,414,208,0,0,0,0,0,0,0,0,0,0,0,0,0,0,0,0,0,0,0,0,206,86,412");
tmap.push("86,208,0,0,0,246,247,247,88,452,453,453,294,292,292,414,208,0,0,0,0,166,167,167,168,8,8,8,8,166,167,167,167,167,167,167,167,128,86,412");
tmap.push("86,208,0,0,0,0,0,0,246,247,247,88,452,453,453,454,208,0,0,0,0,206,86,86,127,167,167,167,167,128,86,86,86,86,86,86,86,86,86,412");
tmap.push("86,208,0,0,0,0,0,0,9,9,9,246,247,247,88,86,208,0,0,0,0,206,86,86,86,86,86,86,86,86,86,86,86,86,86,86,86,86,86,412");
tmap.push("86,208,0,0,0,0,0,0,0,0,0,0,0,0,246,247,248,0,0,0,0,206,86,372,373,373,373,373,373,373,373,373,373,373,373,373,373,373,373,334");
tmap.push("86,208,0,0,0,0,0,0,0,0,0,0,0,0,9,9,9,0,0,0,0,206,86,412,292,292,292,292,292,292,292,292,292,292,292,292,292,292,292,292");
tmap.push("86,208,0,0,0,0,0,0,0,0,0,0,0,0,0,0,0,0,0,0,0,206,86,412,292,292,292,292,292,292,292,292,292,292,292,292,292,292,292,292");
tmap.push("86,208,0,0,0,0,0,0,0,0,0,0,0,0,0,0,0,0,0,0,0,206,86,412,292,292,292,292,292,292,292,292,292,292,292,292,292,292,292,292");
tmap.push("86,208,0,0,0,0,0,0,0,0,0,0,0,0,0,0,0,0,0,0,0,206,86,412,292,292,292,292,292,292,292,292,292,292,292,292,292,292,292,292");
tmap.push("86,208,0,0,0,0,0,0,0,0,0,0,0,0,0,0,0,0,0,0,0,206,86,412,292,292,292,292,292,292,292,292,292,292,292,292,292,292,292,292");
tmap.push("86,208,0,0,0,0,0,0,0,0,0,0,0,0,0,0,0,0,0,0,0,206,86,412,292,292,292,292,292,292,292,292,292,292,292,292,292,292,292,292");
tmap.push("86,208,0,0,0,0,0,0,0,0,0,0,0,0,0,0,0,0,0,0,0,206,86,412,292,292,292,292,292,292,292,292,292,292,292,292,292,292,292,292");
tmap.push("86,208,0,0,0,0,0,0,0,0,0,0,0,0,0,0,0,0,0,0,0,206,86,412,292,292,292,292,292,292,292,292,292,292,292,292,292,292,292,292");
tmap.push("86,127,167,167,168,8,8,8,0,0,0,0,0,0,0,0,0,0,0,0,0,206,86,412,292,292,292,292,292,292,292,292,292,292,292,292,292,292,292,292");
tmap.push("86,86,86,86,127,167,167,168,0,0,0,0,0,0,0,0,0,0,0,0,0,206,86,412,292,292,292,292,292,292,292,292,292,292,292,292,292,292,292,292");
tmap.push("373,373,374,86,86,86,86,127,167,167,168,8,8,8,0,0,0,0,0,0,0,206,86,412,292,292,292,292,292,292,292,292,292,292,292,292,292,292,292,292");
tmap.push("292,292,333,373,373,374,86,86,86,86,127,167,167,168,0,0,0,0,0,0,0,206,86,412,292,292,292,292,292,292,292,292,292,292,292,292,292,292,292,292");
tmap.push("292,292,292,292,292,333,373,373,374,86,86,86,86,127,167,167,168,0,0,0,0,206,86,412,292,292,292,292,292,292,292,292,292,292,292,292,292,292,292,292");
tmap.push("292,292,292,292,292,292,292,292,333,373,373,374,86,86,86,86,208,8,8,8,8,206,86,412,292,292,292,292,292,292,292,292,292,292,292,292,292,292,292,292");
tmap.push("292,292,292,292,292,292,292,292,292,292,292,333,373,373,374,86,127,167,167,167,167,128,86,412,292,292,292,292,292,292,292,292,292,292,292,292,292,292,292,292");
tmap.push("292,292,292,292,292,292,292,292,292,292,292,292,292,292,414,86,86,86,86,86,86,86,86,412,292,292,292,292,292,292,292,292,292,292,292,292,292,292,292,292");
fillcontent(tmap);

obj.createentity(game, 80, 24, 9, behave, para);
obj.createentity(game, 96, 104, 8, behave, para);
obj.createentity(game, 120, 184, 8, behave, para);
obj.createentity(game, 72, 168, 8, behave, para);
obj.createentity(game, 48, 88, 8, behave, para);
obj.createentity(game, 24, 152, 8, behave, para);
obj.createentity(game, 272, 56, 10, behave, para);
break;
