0 0 0 0 0 0 0 0 0 0 0 692 0 0 0 0 0 0 0 0 0 0 0 0 0 0 0 0 612 492 492 492 492 492 492 492 492 492 492 492 
0 0 0 0 0 0 0 0 0 0 0 692 0 0 0 0 0 0 0 0 0 0 0 0 0 0 0 0 612 492 492 492 492 492 492 492 492 492 492 492 
0 0 0 0 0 0 0 0 0 0 0 692 0 0 0 0 0 0 0 0 0 0 0 0 0 0 0 0 612 492 492 492 492 492 492 492 492 492 492 492 
0 0 0 0 0 0 0 0 0 0 0 692 0 0 0 0 0 0 0 0 0 0 0 0 0 0 0 0 612 492 492 492 492 492 492 492 492 492 492 492 
0 0 0 0 0 0 0 0 0 0 0 692 0 0 0 0 0 0 0 0 0 0 0 0 0 0 0 0 612 492 492 492 492 492 492 492 492 492 492 492 
0 0 0 0 0 0 0 0 0 0 0 692 0 0 0 0 0 0 0 0 0 0 0 0 0 0 0 0 612 492 492 492 492 492 492 492 492 492 492 492 
0 0 0 0 0 0 0 0 0 0 0 692 0 0 0 0 0 0 0 0 0 0 0 0 0 0 0 0 652 653 653 653 494 492 492 492 492 492 492 492 
0 0 0 0 0 0 0 0 0 0 0 692 0 0 0 0 0 0 0 0 0 0 0 0 0 0 0 0 0 692 0 0 652 653 653 653 653 653 653 653 
0 0 0 0 0 0 0 0 0 0 0 692 0 0 0 0 0 0 0 0 0 0 0 0 0 0 0 0 0 692 0 0 0 0 0 0 0 0 0 0 
0 0 0 0 0 0 0 0 0 0 0 692 0 0 0 0 0 0 0 0 0 0 0 0 0 0 0 0 0 692 0 0 0 0 0 0 0 0 0 0 
0 0 0 0 0 0 0 0 0 0 0 692 0 0 0 0 0 0 0 0 0 0 0 0 0 0 0 0 0 692 0 0 0 0 0 0 0 0 0 0 
0 0 0 0 0 0 0 0 0 0 0 692 0 0 0 0 0 0 0 0 0 0 0 0 0 0 0 0 0 692 0 0 0 0 0 0 0 0 0 0 
0 0 0 0 0 0 0 0 0 0 572 573 573 573 573 573 573 573 573 574 0 0 0 0 0 0 0 0 0 692 0 0 0 0 0 0 0 0 0 0 
0 0 0 0 0 0 0 0 0 0 612 492 492 492 492 492 492 492 492 533 573 574 0 0 0 0 0 0 0 692 0 0 0 0 0 0 0 0 0 0 
0 0 0 0 0 0 0 0 0 0 612 492 492 492 492 492 492 492 492 492 492 533 573 574 0 0 0 0 0 692 0 0 0 0 0 0 0 0 0 0 
0 0 0 0 0 0 0 0 0 0 612 492 492 492 492 492 492 492 492 492 492 492 492 533 573 574 0 0 0 692 0 0 0 0 0 0 0 0 0 0 
0 0 0 0 0 0 0 0 0 0 612 492 492 492 492 492 492 492 492 492 492 492 492 492 492 533 573 574 0 692 0 0 0 0 0 0 0 0 0 0 
573 573 573 573 573 574 0 0 0 0 652 653 653 494 492 492 492 492 492 492 492 492 492 492 492 492 492 533 573 574 0 0 0 0 0 0 0 0 0 0 
492 492 492 492 492 614 0 0 0 0 0 692 0 652 653 494 492 492 492 492 492 492 492 492 492 492 492 492 492 533 573 573 573 573 573 574 0 0 0 0 
492 492 492 492 492 614 0 0 0 0 0 692 0 0 0 652 653 653 653 653 653 494 492 492 492 492 492 492 492 492 492 492 492 492 492 533 573 573 573 573 
492 492 492 492 492 533 574 0 0 0 0 692 0 0 0 0 692 0 0 0 0 652 494 492 492 492 492 492 492 492 492 492 492 492 492 492 492 492 492 492 
492 492 492 492 492 492 614 0 0 0 0 692 0 0 0 0 692 0 0 0 0 0 652 494 492 492 492 492 492 492 492 492 492 492 492 492 492 492 492 492 
492 492 492 492 492 492 533 574 0 0 0 692 0 0 0 0 692 0 0 0 0 0 0 652 494 492 492 492 492 492 492 492 492 492 492 492 492 492 492 492 
492 492 492 492 492 492 492 533 573 574 0 692 0 0 0 0 692 0 0 0 0 0 0 0 612 492 492 492 492 492 492 492 492 492 492 492 492 492 492 492 
492 492 492 492 492 492 492 492 492 533 573 573 573 573 573 573 573 574 0 0 0 0 0 0 652 494 492 492 492 492 492 492 492 492 492 492 492 492 492 492 
492 492 492 492 492 492 492 492 492 492 492 492 492 492 492 492 492 533 574 0 0 0 0 0 0 612 492 492 492 492 492 492 492 492 492 492 492 492 492 492 
492 492 492 492 492 492 492 492 492 492 492 492 492 492 492 492 492 492 533 574 0 0 0 0 0 612 492 492 492 492 492 492 492 492 492 492 492 492 492 492 
492 492 492 492 492 492 492 492 492 492 492 492 492 492 492 492 492 492 492 614 0 0 0 0 0 612 492 492 492 492 492 492 492 492 492 492 492 492 492 492 
492 492 492 492 492 492 492 492 492 492 492 492 492 492 492 492 492 492 492 614 0 0 0 0 0 612 492 492 492 492 492 492 492 492 492 492 492 492 492 492 
492 492 492 492 492 492 492 492 492 492 492 492 492 492 492 492 492 492 492 614 0 0 0 0 0 612 492 492 492 492 492 492 492 492 492 492 492 492 492 492 
1
13 22 10 1
