492 492 492 492 492 492 492 492 492 492 492 492 492 492 492 492 492 492 614 0 0 0 0 0 0 0 0 0 0 0 0 0 0 0 0 0 0 0 0 0 
492 492 492 492 492 492 492 492 492 492 492 492 492 492 492 492 492 492 614 0 0 0 0 0 0 0 0 0 0 0 0 0 0 0 0 0 0 0 0 0 
492 492 492 492 492 492 492 492 492 492 492 492 492 492 492 492 492 492 614 0 0 0 0 0 0 0 0 0 0 0 0 0 0 0 0 0 0 0 0 0 
492 492 492 492 492 492 492 492 492 492 492 492 492 492 492 492 492 492 614 0 0 0 0 0 0 0 0 0 0 0 0 0 0 0 0 0 0 0 0 0 
492 492 492 492 492 492 492 492 492 492 492 492 492 492 492 492 492 492 614 0 0 0 0 0 0 0 0 0 0 0 0 0 0 0 0 0 0 0 0 0 
492 492 492 492 492 492 492 492 492 492 492 492 492 492 492 492 492 492 614 0 0 0 0 0 0 0 0 0 0 0 0 0 0 0 0 0 0 0 0 0 
492 492 492 492 492 492 492 492 492 492 492 492 492 492 492 492 492 492 614 0 0 0 0 0 0 0 0 572 573 574 0 0 0 0 0 0 0 0 0 0 
492 492 492 492 492 492 492 492 492 492 492 492 492 492 492 492 492 492 614 693 693 693 693 693 693 693 693 612 492 614 0 0 0 0 0 0 0 0 0 0 
492 492 492 492 492 492 492 492 492 492 492 492 492 492 492 492 492 492 614 0 0 0 0 0 0 0 0 652 653 654 0 0 0 0 0 0 0 0 0 0 
492 492 492 492 492 492 492 492 492 492 492 492 492 492 492 492 492 492 614 0 0 0 0 0 0 0 0 0 692 0 0 0 0 0 0 0 0 0 0 0 
492 492 492 492 492 492 492 492 492 492 492 492 492 492 492 492 492 492 614 0 0 0 0 0 0 0 0 0 692 0 0 0 0 0 0 0 0 0 0 0 
492 492 492 492 492 492 492 492 492 492 492 492 492 492 492 492 492 492 614 0 0 0 0 0 0 0 0 0 692 0 0 0 0 0 0 0 0 0 0 0 
492 492 492 492 492 492 492 492 492 492 492 492 492 492 492 492 492 492 614 0 0 0 0 0 0 0 0 0 692 0 0 0 0 0 0 0 0 0 0 0 
492 492 492 492 492 492 492 492 492 492 492 492 492 492 492 492 492 492 614 0 0 0 0 0 692 0 0 0 692 0 0 692 0 572 573 573 574 0 0 0 
492 492 492 492 492 492 492 492 492 492 492 492 492 492 492 492 492 492 614 0 0 0 0 693 694 693 693 693 694 693 693 694 693 612 492 492 614 0 0 0 
492 492 492 492 492 492 492 492 492 492 492 492 492 492 492 492 492 492 614 0 0 0 0 0 692 0 0 0 692 0 0 692 0 652 653 653 654 0 0 0 
492 492 492 492 492 492 492 492 492 492 492 492 492 492 492 492 492 492 614 0 0 0 0 0 692 0 0 0 692 0 0 692 0 0 0 0 0 0 0 0 
492 492 492 492 492 492 492 492 492 492 492 492 492 492 492 492 492 492 614 0 0 0 0 0 692 0 0 0 0 0 0 692 0 0 0 0 0 0 0 0 
492 492 492 492 492 492 492 492 492 492 492 492 492 492 492 492 492 492 614 0 0 0 0 572 573 574 0 0 0 0 0 692 0 0 0 0 0 0 0 0 
492 492 492 492 492 492 492 492 492 492 492 492 492 492 492 492 492 492 614 0 0 0 0 612 492 614 0 0 0 0 0 692 0 0 0 0 0 0 0 0 
492 492 492 492 492 492 492 492 492 492 492 492 492 492 492 492 492 492 614 0 0 0 0 652 653 654 0 0 0 0 0 692 0 0 0 0 0 0 0 0 
492 492 492 492 492 492 492 492 492 492 492 492 492 492 492 492 492 492 614 0 0 0 0 0 0 0 0 0 0 0 0 692 0 0 0 0 0 0 0 0 
492 492 492 492 492 492 492 492 492 492 492 492 492 492 492 492 492 492 614 0 0 0 0 0 0 0 0 0 0 0 572 573 574 0 0 0 0 0 0 0 
492 492 492 492 492 492 492 492 492 492 492 492 492 492 492 492 492 492 614 693 693 693 693 693 693 693 693 693 693 693 612 492 614 0 0 0 0 0 0 0 
492 492 492 492 492 492 492 492 492 492 492 492 492 492 492 492 492 492 614 0 0 0 0 0 0 0 0 0 0 0 652 653 654 0 0 0 0 0 0 0 
492 492 492 492 492 492 492 492 492 492 492 492 492 492 492 492 492 492 614 0 0 0 0 0 0 0 0 0 0 0 0 0 0 0 0 0 0 0 0 0 
492 492 492 492 492 492 492 492 492 492 492 492 492 492 492 492 492 492 614 0 0 0 0 0 0 0 0 0 0 0 0 0 0 0 0 0 0 0 0 0 
492 492 492 492 492 492 492 492 492 492 492 492 492 492 492 492 492 492 614 0 0 0 0 0 0 0 0 0 0 0 0 0 0 0 0 0 0 0 0 0 
492 492 492 492 492 492 492 492 492 492 492 492 492 492 492 492 492 492 614 0 0 0 0 0 0 0 0 0 0 0 0 0 0 0 0 0 0 0 0 0 
492 492 492 492 492 492 492 492 492 492 492 492 492 492 492 492 492 492 614 0 0 0 0 0 0 0 0 0 0 0 0 0 0 0 0 0 0 0 0 0 
1
34 16 10 0
