0 0 0 0 0 0 0 0 0 0 0 0 0 0 0 0 0 618 498 498 498 498 498 498 498 498 498 498 498 498 498 498 498 498 498 498 498 498 498 498 
0 0 0 0 0 0 0 0 0 0 0 0 0 0 0 0 0 618 498 498 498 498 498 498 498 498 498 498 498 498 498 498 498 498 498 498 498 498 498 498 
0 0 0 0 0 0 0 0 0 0 0 0 0 0 0 0 0 618 498 498 498 498 498 498 498 498 498 498 498 498 498 498 498 498 498 498 498 498 498 498 
0 0 0 0 0 0 0 0 0 0 0 0 0 0 0 0 0 658 659 659 659 659 659 659 659 659 659 659 659 659 659 659 659 659 659 659 659 659 659 659 
0 0 0 0 0 0 0 0 0 0 0 0 0 0 0 0 0 0 698 0 0 0 0 0 0 0 698 0 0 0 0 0 0 0 698 0 0 0 0 0 
0 0 0 0 0 0 0 0 0 0 0 0 0 0 0 0 0 0 698 0 0 0 0 0 0 0 698 0 0 0 0 0 0 0 698 0 0 0 0 0 
0 0 0 0 0 0 0 0 0 0 0 0 0 0 0 0 0 0 698 0 0 0 0 0 0 0 698 0 0 0 0 0 0 0 698 0 0 0 0 0 
0 0 0 0 0 0 0 0 0 0 0 0 0 0 0 0 0 0 698 0 0 0 0 0 0 0 698 0 0 0 0 0 0 0 698 0 0 0 0 0 
0 0 0 0 0 0 0 0 0 0 0 0 0 0 0 578 579 579 579 579 579 579 579 579 579 579 579 579 579 579 579 579 579 579 579 579 579 579 579 579 
0 0 0 0 0 0 0 0 0 0 0 0 0 0 0 618 498 498 498 498 498 498 498 498 498 498 498 498 498 498 498 498 498 498 498 498 498 498 498 498 
0 0 0 0 0 0 0 0 0 0 0 0 0 0 578 540 498 498 498 498 498 498 498 498 498 498 498 498 498 498 498 498 498 498 498 498 498 498 498 498 
0 0 0 0 0 0 0 0 0 0 0 0 0 0 618 498 498 498 498 498 498 498 498 498 498 498 498 498 498 498 498 498 498 498 498 498 498 498 498 498 
0 0 0 0 0 0 0 0 0 0 0 0 0 578 540 498 498 498 498 498 498 498 498 498 498 498 498 498 498 498 498 498 498 498 498 498 498 498 498 498 
699 699 699 699 699 699 699 699 699 699 699 699 699 618 498 498 498 498 498 498 498 498 498 498 498 498 498 498 498 498 498 498 498 498 498 498 498 498 498 498 
0 0 0 0 0 0 0 0 0 0 0 0 0 618 498 498 498 498 498 498 498 498 498 498 498 498 498 498 498 498 498 498 498 498 498 498 498 498 498 498 
0 0 0 0 0 0 0 0 0 0 0 0 0 658 659 659 659 659 659 659 659 659 659 659 659 659 659 659 659 659 659 659 659 659 659 659 659 659 659 659 
0 0 0 0 0 0 0 0 0 0 0 0 0 0 0 0 0 0 0 0 0 0 0 0 0 0 0 0 0 0 0 698 0 0 0 0 698 0 0 0 
0 0 0 0 0 0 0 0 0 0 0 0 0 0 0 0 0 0 0 0 0 0 0 0 0 0 0 0 0 0 0 698 0 0 0 0 698 0 0 0 
0 0 0 0 0 0 0 0 0 0 0 0 0 0 0 0 0 0 0 0 0 0 0 0 0 0 0 0 0 0 0 698 0 0 0 0 698 0 0 0 
0 0 0 0 0 0 0 0 0 0 0 0 0 0 0 0 0 0 0 0 0 0 0 0 0 0 0 0 0 0 0 698 0 0 0 0 698 0 0 0 
0 0 0 0 0 0 0 0 0 0 0 0 0 0 0 0 0 0 0 0 0 0 0 0 0 0 0 0 0 0 578 579 579 579 579 579 579 579 579 579 
0 0 0 0 0 0 0 0 0 0 0 0 0 0 0 0 0 0 0 0 0 0 0 0 0 0 0 0 0 0 618 498 498 498 498 498 498 498 498 498 
0 0 0 0 0 0 0 0 0 0 0 0 0 0 0 0 0 0 0 0 0 0 0 0 0 0 0 0 0 0 618 498 498 498 498 498 498 498 498 498 
0 0 0 0 0 0 0 0 0 0 0 0 0 0 0 0 0 0 0 0 0 0 0 0 0 0 0 0 0 0 618 498 498 498 498 498 498 498 498 498 
0 0 0 0 0 0 0 0 0 0 0 0 0 0 0 0 0 0 0 0 0 0 0 0 0 0 0 0 0 0 618 498 498 498 498 498 498 498 498 498 
0 0 0 0 0 0 0 0 0 0 0 0 0 0 0 0 0 0 0 0 0 0 0 0 0 0 0 0 0 0 618 498 498 498 498 498 498 498 498 498 
0 0 0 0 0 0 0 0 0 0 0 0 0 0 0 0 0 0 0 0 0 0 0 0 0 0 0 0 0 0 618 498 498 498 498 498 498 498 498 498 
0 0 0 0 0 0 0 0 0 0 0 0 0 0 0 0 0 0 0 0 0 0 0 0 0 0 0 0 0 0 618 498 498 498 498 498 498 498 498 498 
0 0 0 0 0 0 0 0 0 0 0 0 0 0 0 0 0 0 0 0 0 0 0 0 0 0 0 0 0 0 618 498 498 498 498 498 498 498 498 498 
0 0 0 0 0 0 0 0 0 0 0 0 0 0 0 0 0 0 0 0 0 0 0 0 0 0 0 0 0 0 618 498 498 498 498 498 498 498 498 498 
1
19 16 10 0
