0 0 0 0 0 0 0 0 0 0 0 0 0 0 0 0 0 0 0 0 0 0 603 483 483 483 483 483 483 483 483 483 483 483 483 483 483 483 483 483 
0 0 0 0 0 0 0 0 0 0 0 0 0 0 0 0 0 0 0 0 0 0 603 483 483 483 483 483 483 483 483 483 483 483 483 483 483 483 483 483 
0 0 0 0 0 0 0 0 0 0 0 0 0 0 0 0 0 0 0 0 0 0 603 483 483 483 483 483 483 483 483 483 483 483 483 483 483 483 483 483 
0 0 0 0 0 0 0 0 0 0 0 0 0 0 0 0 0 0 0 0 0 0 603 483 483 483 483 483 483 483 483 483 483 483 483 483 483 483 483 483 
0 0 0 0 0 0 0 0 0 0 0 0 0 0 0 0 0 0 0 0 0 0 603 483 483 483 483 483 483 483 483 483 483 483 483 483 483 483 483 483 
0 0 0 0 0 0 0 0 0 0 0 0 0 0 0 0 0 0 0 0 0 563 525 483 483 483 483 483 483 483 483 483 483 483 483 483 483 483 483 483 
0 0 0 0 0 0 0 0 0 0 0 0 0 0 0 0 0 0 0 0 0 603 483 483 483 483 483 483 483 483 483 483 483 483 483 483 483 483 483 483 
0 0 0 0 0 0 0 0 0 0 0 0 0 0 0 0 0 0 0 0 0 603 483 483 483 483 483 483 483 483 483 483 483 483 483 483 483 483 483 483 
0 0 0 0 0 0 0 0 0 0 0 0 0 0 0 0 0 0 0 0 0 603 483 483 483 483 483 483 483 483 483 483 483 483 483 483 483 483 483 483 
0 0 0 0 0 0 0 0 0 0 0 0 0 0 0 0 0 0 0 0 563 525 483 483 483 483 483 483 483 483 483 483 483 483 483 483 483 483 483 483 
0 0 0 0 0 0 0 0 0 0 0 0 0 0 0 0 0 0 0 0 603 483 483 483 483 483 483 483 483 483 483 483 483 483 483 483 483 483 483 483 
0 0 0 0 0 0 0 0 0 0 0 0 0 0 0 0 0 0 0 0 603 483 483 483 483 483 483 483 483 483 483 483 483 483 483 483 483 483 483 483 
0 0 0 0 0 0 0 0 0 0 0 0 0 0 0 0 0 0 0 0 603 483 483 483 483 483 483 483 483 483 483 483 483 483 483 483 483 483 483 483 
0 0 0 0 0 0 0 0 0 0 0 0 0 0 0 0 0 0 0 563 525 483 483 483 483 483 483 483 483 483 483 483 483 483 483 483 483 483 483 483 
0 0 0 0 0 0 0 0 0 0 0 0 0 0 0 0 0 0 0 603 483 483 483 483 483 483 483 483 483 483 483 483 483 483 483 483 483 483 483 483 
0 0 0 0 0 0 0 0 0 0 0 0 0 0 0 0 0 0 0 603 483 483 483 483 483 483 483 483 483 483 483 483 483 483 483 483 483 483 483 483 
0 0 0 0 0 0 0 0 0 0 0 0 0 0 0 0 0 0 0 603 483 483 483 483 483 483 483 483 483 483 483 483 483 483 483 483 483 483 483 483 
0 0 0 0 0 0 0 0 0 0 0 0 0 0 0 0 0 0 0 603 483 483 483 483 483 483 483 483 483 483 483 483 483 483 483 483 483 483 483 483 
0 0 0 0 0 0 0 0 0 0 0 0 0 0 0 0 0 0 0 603 483 483 483 483 483 483 483 483 483 483 483 483 483 483 483 483 483 483 483 483 
0 0 0 0 0 0 0 0 0 0 0 0 0 0 0 0 0 0 0 603 483 483 483 483 483 483 483 483 483 483 483 483 483 483 483 483 483 483 483 483 
0 0 0 0 0 0 0 0 0 0 0 0 0 0 0 0 0 0 563 525 483 483 483 483 483 483 483 483 483 483 483 483 483 483 483 483 483 483 483 483 
0 0 0 0 0 0 0 0 0 0 0 0 0 0 0 0 0 0 603 483 483 483 483 483 483 483 483 483 483 483 483 483 483 483 483 483 483 483 483 483 
0 0 0 0 0 0 0 0 0 0 0 0 0 0 0 0 0 0 603 483 483 483 483 483 483 483 483 483 483 483 483 483 483 483 483 483 483 483 483 483 
0 0 0 0 0 0 0 0 0 0 0 0 0 0 0 0 0 0 603 483 483 483 483 483 483 483 483 483 483 483 483 483 483 483 483 483 483 483 483 483 
0 0 0 0 0 0 0 0 0 0 0 0 0 0 0 0 0 0 603 483 483 483 483 483 483 483 483 483 483 483 483 483 483 483 483 483 483 483 483 483 
0 0 0 0 0 0 0 0 0 0 0 0 0 0 0 0 0 563 525 483 483 483 483 483 483 483 483 483 483 483 483 483 483 483 483 483 483 483 483 483 
0 0 0 0 0 0 0 0 0 0 0 0 0 0 0 0 0 603 483 483 483 483 483 483 483 483 483 483 483 483 483 483 483 483 483 483 483 483 483 483 
0 0 0 0 0 0 0 0 0 0 0 0 0 0 0 0 0 603 483 483 483 483 483 483 483 483 483 483 483 483 483 483 483 483 483 483 483 483 483 483 
0 0 0 0 0 0 0 0 0 0 0 0 0 0 0 0 0 603 483 483 483 483 483 483 483 483 483 483 483 483 483 483 483 483 483 483 483 483 483 483 
0 0 0 0 0 0 0 0 0 0 0 0 0 0 0 0 0 603 483 483 483 483 483 483 483 483 483 483 483 483 483 483 483 483 483 483 483 483 483 483 
0
