0 0 0 0 0 0 0 0 0 0 0 0 0 0 0 0 0 0 0 0 0 0 0 0 0 0 0 0 0 603 483 483 483 483 483 483 483 483 483 483 
0 0 0 0 0 0 0 0 0 0 0 0 0 0 0 0 0 0 0 0 0 0 0 0 0 0 0 0 0 603 483 483 483 483 483 483 483 483 483 483 
0 0 0 0 0 0 0 0 0 0 0 0 0 0 0 0 0 0 0 0 0 0 0 0 0 0 0 0 0 603 483 483 483 483 483 483 483 483 483 483 
0 0 0 0 0 0 0 0 0 0 0 0 0 0 0 0 0 0 0 0 0 0 0 0 0 0 0 0 0 603 483 483 483 483 483 483 483 483 483 483 
0 0 0 0 0 0 0 0 0 0 0 0 0 0 0 0 0 0 0 0 0 0 0 0 0 0 0 0 0 603 483 483 483 483 483 483 483 483 483 483 
0 0 0 0 0 0 0 0 0 0 0 0 0 0 0 0 563 564 565 0 0 0 0 0 0 0 0 0 0 603 483 483 483 483 483 483 483 483 483 483 
0 0 0 0 0 0 0 0 0 0 0 0 0 0 0 0 603 483 605 684 684 684 684 684 684 684 684 684 684 603 483 483 483 483 483 483 483 483 483 483 
0 0 0 0 0 0 0 0 0 0 0 0 0 0 0 0 603 483 605 0 0 0 0 0 0 0 0 0 0 643 644 644 644 644 485 483 483 483 483 483 
0 0 0 0 0 0 0 0 0 0 0 0 0 0 0 0 603 483 605 0 0 0 0 0 0 0 0 0 0 0 0 0 0 50 603 483 483 483 483 483 
0 0 0 0 0 0 0 0 0 0 0 0 0 0 0 0 603 483 605 0 0 0 0 0 0 0 0 0 0 0 0 0 0 50 603 483 483 483 483 483 
0 0 0 0 0 0 0 0 0 0 0 0 0 0 0 0 603 483 605 0 0 0 0 0 0 0 0 0 0 0 0 0 0 50 603 483 483 483 483 483 
0 0 0 0 0 0 0 0 0 0 0 0 0 0 0 0 603 483 605 0 0 0 0 0 0 0 0 0 0 0 0 0 0 50 603 483 483 483 483 483 
0 0 0 0 0 0 0 0 0 0 0 0 0 0 0 0 603 483 605 0 0 0 0 0 0 0 0 0 0 0 0 0 0 50 603 483 483 483 483 483 
0 0 0 0 0 0 0 0 0 0 0 0 0 0 0 0 643 644 645 0 683 0 0 0 0 0 0 0 0 563 564 564 564 564 525 483 483 483 483 483 
0 0 0 0 0 0 0 0 0 0 0 0 0 0 0 0 0 683 0 0 683 0 0 0 0 0 0 0 0 603 483 483 483 483 483 483 483 483 483 483 
0 0 0 0 0 0 0 0 0 0 0 0 0 0 0 0 684 685 684 684 685 684 684 684 684 684 684 684 684 603 483 483 483 483 483 483 483 483 483 483 
0 0 0 0 0 0 0 0 0 0 0 0 0 0 0 0 0 683 0 0 683 0 0 0 0 0 0 0 0 603 483 483 483 483 483 483 483 483 483 483 
0 0 0 0 0 0 0 0 0 0 0 0 0 0 0 0 0 683 0 563 564 565 0 0 0 0 0 0 0 643 644 644 644 644 485 483 483 483 483 483 
0 0 0 0 0 0 0 0 0 0 0 0 0 0 0 0 0 683 0 603 483 605 0 0 0 0 0 0 0 0 0 0 0 50 603 483 483 483 483 483 
0 0 0 0 0 0 0 0 0 0 0 0 0 0 0 0 0 0 0 603 483 605 0 0 0 0 0 0 0 0 0 0 0 50 603 483 483 483 483 483 
0 0 0 0 0 0 0 0 0 0 0 0 0 0 0 0 0 0 0 603 483 605 0 0 0 0 0 0 0 0 0 0 0 50 603 483 483 483 483 483 
0 0 0 0 0 0 0 0 0 0 0 0 0 0 0 0 0 0 0 603 483 605 0 0 0 0 0 0 0 0 0 0 0 50 603 483 483 483 483 483 
0 0 0 0 0 0 0 0 0 0 0 0 0 0 0 0 0 0 0 603 483 605 0 0 0 0 0 0 0 0 0 0 0 50 603 483 483 483 483 483 
0 0 0 0 0 0 0 0 0 0 0 0 0 0 0 0 0 0 0 603 483 605 0 0 0 0 0 0 0 563 564 564 564 564 525 483 483 483 483 483 
0 0 0 0 0 0 0 0 0 0 0 0 0 0 0 0 0 0 0 603 483 605 684 684 684 684 684 684 684 603 483 483 483 483 483 483 483 483 483 483 
0 0 0 0 0 0 0 0 0 0 0 0 0 0 0 0 0 0 0 643 644 645 0 0 0 0 0 0 0 603 483 483 483 483 483 483 483 483 483 483 
0 0 0 0 0 0 0 0 0 0 0 0 0 0 0 0 0 0 0 0 0 0 0 0 0 0 0 0 0 603 483 483 483 483 483 483 483 483 483 483 
0 0 0 0 0 0 0 0 0 0 0 0 0 0 0 0 0 0 0 0 0 0 0 0 0 0 0 0 0 603 483 483 483 483 483 483 483 483 483 483 
0 0 0 0 0 0 0 0 0 0 0 0 0 0 0 0 0 0 0 0 0 0 0 0 0 0 0 0 0 603 483 483 483 483 483 483 483 483 483 483 
0 0 0 0 0 0 0 0 0 0 0 0 0 0 0 0 0 0 0 0 0 0 0 0 0 0 0 0 0 603 483 483 483 483 483 483 483 483 483 483 
0
