case rn(49,53):
tmap = new Array();
tmap.push("283,283,283,283,283,283,283,283,283,283,283,283,283,283,283,283,283,283,283,283,283,283,283,283,283,283,283,283,283,283,283,283,283,283,283,283,283,283,283,283");
tmap.push("283,283,283,283,283,283,283,283,283,283,283,283,283,283,283,283,283,283,283,283,283,283,283,283,283,283,283,283,283,283,283,283,283,283,283,283,283,283,283,283");
tmap.push("283,283,283,283,283,283,283,283,283,283,283,283,283,283,283,283,283,283,283,283,283,283,283,283,283,283,283,283,283,283,283,283,283,283,283,283,283,283,283,283");
tmap.push("283,283,283,283,283,283,283,283,283,283,283,283,283,283,283,283,283,283,283,283,283,283,283,283,283,283,283,283,283,283,283,283,283,283,283,283,283,283,283,283");
tmap.push("283,283,283,283,283,283,283,283,283,283,283,283,283,283,283,283,283,283,283,283,283,283,283,283,283,283,283,283,283,283,283,283,283,283,283,283,283,283,283,283");
tmap.push("283,283,283,283,283,283,283,283,283,283,283,283,283,283,283,283,283,283,283,283,283,283,283,283,283,283,283,283,283,283,283,283,283,283,283,283,283,283,283,283");
tmap.push("283,283,283,283,283,283,283,283,283,283,283,283,283,283,283,283,283,283,283,283,283,283,283,283,283,283,283,283,283,283,283,283,283,283,283,283,283,283,283,283");
tmap.push("283,283,283,283,283,283,283,283,283,283,283,283,283,283,283,284,444,444,444,444,444,444,444,444,444,285,283,283,283,283,283,283,283,283,283,283,283,283,283,283");
tmap.push("444,444,444,444,444,285,283,283,283,283,283,283,283,283,283,405,66,66,66,66,66,66,66,66,66,403,283,283,283,283,283,283,283,283,283,284,444,444,444,444");
tmap.push("66,66,66,66,66,403,283,283,283,283,283,283,283,283,283,405,0,0,0,0,0,0,0,0,0,403,283,283,283,283,283,283,283,283,283,405,66,66,66,66");
tmap.push("0,0,0,0,0,443,444,444,444,444,444,444,444,444,444,445,0,0,0,0,0,0,0,0,0,443,444,444,444,444,444,444,444,444,444,445,0,0,0,0");
tmap.push("0,0,0,0,0,0,0,0,0,0,0,0,0,0,0,0,0,0,0,0,0,0,0,0,0,0,0,0,0,0,0,0,0,0,0,0,0,0,0,0");
tmap.push("0,0,0,0,0,0,0,0,0,0,0,0,0,0,0,0,0,0,0,0,0,0,0,0,0,0,0,0,0,0,0,0,0,0,0,0,0,0,0,0");
tmap.push("0,0,0,0,0,0,0,0,0,0,0,0,0,0,0,0,0,0,0,0,0,0,0,0,0,0,0,0,0,0,0,0,0,0,0,0,0,0,0,0");
tmap.push("0,0,0,0,0,0,0,0,0,0,0,0,0,0,0,0,0,0,0,0,0,0,0,0,0,0,0,0,0,0,0,0,0,0,0,0,0,0,0,0");
tmap.push("0,0,0,0,0,0,0,0,0,0,0,0,0,0,0,0,0,0,0,0,0,0,0,0,0,0,0,0,0,0,0,0,0,0,0,0,0,0,0,0");
tmap.push("0,0,0,0,0,0,0,0,0,0,0,0,0,0,0,0,0,0,0,0,0,0,0,0,0,0,0,0,0,0,0,0,0,0,0,0,0,0,0,0");
tmap.push("0,0,0,0,0,0,0,0,0,0,0,0,0,0,0,0,0,0,0,0,0,0,0,0,0,0,0,0,0,0,0,0,0,0,0,0,0,0,0,0");
tmap.push("364,364,364,364,364,365,0,0,0,0,0,0,0,0,0,363,364,364,364,364,364,364,364,364,364,365,0,0,0,0,0,0,0,0,0,363,364,364,364,364");
tmap.push("283,283,283,283,283,405,0,0,0,0,0,0,0,0,0,403,283,283,283,283,283,283,283,283,283,405,0,0,0,0,0,0,0,0,0,403,283,283,283,283");
tmap.push("283,283,283,283,283,405,65,65,65,65,65,65,65,65,65,403,283,283,283,283,283,283,283,283,283,405,65,65,65,65,65,65,65,65,65,403,283,283,283,283");
tmap.push("283,283,283,283,283,324,364,364,364,364,364,364,364,364,364,325,283,283,283,283,283,283,283,283,283,324,364,364,364,364,364,364,364,364,364,325,283,283,283,283");
tmap.push("283,283,283,283,283,283,283,283,283,283,283,283,283,283,283,283,283,283,283,283,283,283,283,283,283,283,283,283,283,283,283,283,283,283,283,283,283,283,283,283");
tmap.push("283,283,283,283,283,283,283,283,283,283,283,283,283,283,283,283,283,283,283,283,283,283,283,283,283,283,283,283,283,283,283,283,283,283,283,283,283,283,283,283");
tmap.push("283,283,283,283,283,283,283,283,283,283,283,283,283,283,283,283,283,283,283,283,283,283,283,283,283,283,283,283,283,283,283,283,283,283,283,283,283,283,283,283");
tmap.push("283,283,283,283,283,283,283,283,283,283,283,283,283,283,283,283,283,283,283,283,283,283,283,283,283,283,283,283,283,283,283,283,283,283,283,283,283,283,283,283");
tmap.push("283,283,283,283,283,283,283,283,283,283,283,283,283,283,283,283,283,283,283,283,283,283,283,283,283,283,283,283,283,283,283,283,283,283,283,283,283,283,283,283");
tmap.push("283,283,283,283,283,283,283,283,283,283,283,283,283,283,283,283,283,283,283,283,283,283,283,283,283,283,283,283,283,283,283,283,283,283,283,283,283,283,283,283");
tmap.push("283,283,283,283,283,283,283,283,283,283,283,283,283,283,283,283,283,283,283,283,283,283,283,283,283,283,283,283,283,283,283,283,283,283,283,283,283,283,283,283");

obj.createentity(game, 43, 88, 12, 56);  // (vertical gravity line)
obj.createentity(game, 123, 88, 12, 56);  // (vertical gravity line)
obj.createentity(game, 203, 88, 12, 56);  // (vertical gravity line)
obj.createentity(game, 283, 88, 12, 56);  // (vertical gravity line)
obj.createentity(game, 152, 128, 10, 0, 253490);  // (savepoint)
rcol=1;
break;
