case rn(51,52):
tmap = new Array();
tmap.push("280,402,51,0,0,0,0,0,0,0,0,0,0,0,0,0,0,52,400,280,280,280,280,280,280,280,280,280,280,280,280,280,280,280,280,280,280,280,280,280");
tmap.push("280,402,51,0,0,0,0,0,0,0,0,0,0,0,0,0,0,52,400,280,280,280,280,280,280,280,280,280,280,281,441,441,441,441,441,441,441,441,441,441");
tmap.push("280,402,51,0,0,0,0,0,0,0,0,0,0,0,0,0,0,52,400,280,280,280,280,280,280,280,280,280,281,442,64,64,64,64,64,64,64,64,64,64");
tmap.push("280,402,51,0,0,0,0,0,0,0,0,0,0,0,0,0,0,52,400,280,280,280,280,281,441,441,441,441,442,51,0,0,0,0,0,0,0,0,0,0");
tmap.push("280,402,51,0,0,0,0,0,0,0,0,0,0,0,0,0,0,52,400,280,280,280,281,442,0,0,0,0,0,0,0,0,0,0,0,0,0,0,0,0");
tmap.push("280,402,51,0,0,0,0,0,0,0,0,0,0,0,0,0,0,52,400,280,280,280,402,51,0,0,0,0,0,0,0,0,0,0,0,0,0,0,0,0");
tmap.push("280,402,51,0,0,0,0,0,0,0,0,0,0,0,0,0,0,52,400,280,280,280,402,51,0,0,0,0,0,0,0,0,0,0,0,0,0,0,0,0");
tmap.push("280,402,51,0,0,0,0,0,0,0,0,0,0,0,0,0,0,52,400,280,280,280,402,51,0,0,0,0,0,0,0,0,0,0,0,0,0,0,0,0");
tmap.push("280,402,51,0,0,0,0,0,0,0,0,0,0,0,0,0,0,52,400,280,280,280,402,51,0,0,0,0,0,0,0,0,0,0,0,0,0,0,0,0");
tmap.push("280,402,51,0,0,0,0,0,0,0,0,0,0,0,0,0,0,52,400,280,280,280,402,51,0,0,0,0,0,0,0,0,0,0,0,0,0,0,0,0");
tmap.push("280,402,51,0,0,0,0,0,0,0,0,0,0,0,0,0,0,52,440,282,280,281,442,51,0,0,0,0,0,0,0,0,0,0,0,0,0,0,0,0");
tmap.push("280,402,51,0,0,0,0,0,0,0,0,0,0,0,0,0,0,0,64,440,344,442,64,0,0,0,0,0,0,0,0,0,0,0,0,0,0,0,0,0");
tmap.push("280,402,51,0,0,0,0,0,0,0,0,0,0,0,0,0,0,0,0,64,464,64,0,0,0,0,0,0,0,0,0,0,0,0,0,0,0,0,0,0");
tmap.push("280,402,51,0,0,0,0,0,0,0,0,0,0,0,0,0,0,0,0,0,64,0,0,0,0,0,0,0,0,0,0,0,0,0,0,0,0,0,0,0");
tmap.push("280,402,51,0,0,0,0,0,0,0,0,0,0,0,0,0,0,0,0,0,0,0,0,0,0,0,0,0,0,0,0,0,360,361,361,361,361,361,361,361");
tmap.push("280,402,51,0,0,0,0,0,0,0,0,0,0,0,0,0,0,0,0,0,0,0,0,0,0,0,0,0,0,0,0,0,400,280,280,280,280,280,280,280");
tmap.push("280,402,51,0,0,0,0,0,0,0,0,0,0,0,0,0,0,0,0,0,0,0,0,0,0,0,0,0,0,0,0,0,400,280,280,280,280,280,280,280");
tmap.push("280,402,51,0,0,0,0,0,0,0,0,0,0,0,0,0,0,0,0,0,0,0,0,0,0,0,0,0,0,0,0,52,400,280,280,280,280,280,280,280");
tmap.push("280,402,51,0,0,0,0,0,0,0,0,0,0,0,0,0,0,0,0,0,0,0,0,0,0,0,0,0,0,0,0,52,400,280,280,280,280,280,280,280");
tmap.push("280,402,51,0,0,0,0,0,0,0,0,0,0,0,0,0,0,0,0,0,0,0,0,0,0,0,0,0,0,0,0,52,400,280,280,280,280,280,280,280");
tmap.push("280,402,51,0,0,0,0,0,0,0,0,0,0,0,0,0,0,0,0,0,0,0,0,0,0,0,0,0,0,0,0,52,400,280,280,280,280,280,280,280");
tmap.push("280,402,51,0,0,0,0,0,0,0,0,0,0,0,0,0,0,0,0,0,0,0,0,0,0,0,0,0,0,0,0,52,400,280,280,280,280,280,280,280");
tmap.push("280,402,51,0,0,0,0,0,0,0,0,0,0,0,0,0,0,0,0,0,0,0,0,0,0,0,0,0,0,0,0,52,400,280,280,280,280,280,280,280");
tmap.push("280,402,51,0,0,0,0,0,0,0,0,0,0,0,0,0,0,0,0,0,0,0,0,0,0,0,0,0,0,0,0,52,400,280,280,280,280,280,280,280");
tmap.push("280,402,51,0,0,0,0,0,0,0,0,0,0,0,0,0,0,0,0,0,0,0,0,0,0,0,0,0,0,0,0,52,400,280,280,280,280,280,280,280");
tmap.push("280,402,51,0,0,0,0,0,0,0,0,0,0,0,0,0,0,0,0,0,0,0,0,0,0,0,0,0,0,0,0,52,400,280,280,280,280,280,280,280");
tmap.push("280,402,51,0,0,0,0,0,0,0,0,0,0,0,0,0,0,0,0,0,0,0,0,0,0,0,0,0,0,0,0,52,400,280,280,280,280,280,280,280");
tmap.push("280,321,362,63,63,63,63,63,63,63,63,63,63,63,63,63,63,63,63,63,63,63,63,63,63,63,63,63,63,63,63,360,322,280,280,280,280,280,280,280");
tmap.push("280,280,321,361,361,361,361,361,361,361,361,361,361,361,361,361,361,361,361,361,361,361,361,361,361,361,361,361,361,361,361,322,280,280,280,280,280,280,280,280");

obj.createentity(game, 24, 188, 11, 224);  // (horizontal gravity line)
obj.createentity(game, 280, 96, 10, 1, 252510);  // (savepoint)
obj.createentity(game, 204, 32, 10, 0, 252511);  // (savepoint)
rcol=0;
break;
