case rn(52,58):
tmap = new Array();
tmap.push("295,295,295,295,295,417,0,415,295,295,295,295,295,295,295,295,295,417,0,0,0,0,0,415,295,295,295,295,295,295,295,295,295,295,295,295,295,295,295,295");
tmap.push("295,295,295,295,295,417,0,415,295,295,295,295,295,295,295,295,295,417,0,0,0,0,0,415,295,295,295,295,295,295,295,295,295,295,295,295,295,295,295,295");
tmap.push("295,295,295,295,295,417,0,415,295,295,295,295,295,295,295,295,295,417,0,0,0,0,0,415,295,295,295,295,295,295,295,295,295,295,295,295,295,295,295,295");
tmap.push("295,295,295,295,295,417,0,415,295,295,296,456,456,456,456,456,456,457,0,0,0,0,0,455,456,456,456,456,456,456,456,456,456,456,456,297,295,295,295,295");
tmap.push("295,295,295,295,295,417,0,415,295,295,417,0,0,0,0,0,0,0,0,0,0,0,0,0,0,0,0,0,0,0,0,0,0,0,0,415,295,295,295,295");
tmap.push("295,295,295,295,295,417,0,415,295,295,417,0,375,376,376,376,376,377,0,0,0,0,0,375,376,376,376,376,376,376,376,376,376,377,0,415,295,295,295,295");
tmap.push("295,295,295,295,295,417,0,415,295,295,417,0,415,295,295,295,295,417,0,0,0,0,0,415,295,295,295,295,295,295,295,295,295,417,0,415,295,295,295,295");
tmap.push("295,295,295,295,295,417,0,415,295,295,417,0,415,295,296,456,456,457,0,0,0,0,0,455,456,456,456,456,456,456,456,297,295,417,0,415,295,295,295,295");
tmap.push("295,295,295,295,295,417,0,415,295,295,417,0,415,295,417,0,0,0,0,0,0,0,0,0,0,0,0,0,0,0,0,415,295,417,0,415,295,295,295,295");
tmap.push("295,295,295,295,295,417,0,415,295,295,417,0,415,295,417,0,375,377,0,0,0,0,0,375,376,376,376,376,376,377,0,415,295,417,0,415,295,295,295,295");
tmap.push("295,295,295,295,295,417,0,415,295,295,417,0,415,295,417,0,415,417,0,0,0,0,0,455,456,456,456,456,297,417,0,415,295,417,0,415,295,295,295,295");
tmap.push("295,295,295,295,295,417,0,415,295,295,417,0,415,295,417,0,415,417,0,0,0,0,0,0,0,0,0,0,415,417,0,415,295,417,0,415,295,295,295,295");
tmap.push("295,295,295,295,295,417,0,415,295,295,417,0,415,295,417,0,415,417,0,0,0,0,0,375,376,376,377,0,415,417,0,415,295,417,0,415,295,295,295,295");
tmap.push("295,295,295,295,295,417,0,415,295,295,417,0,415,295,417,0,415,417,0,0,0,0,0,455,456,297,417,0,415,417,0,415,295,417,0,415,295,295,295,295");
tmap.push("295,295,295,295,295,417,0,415,295,295,417,0,415,295,417,0,415,417,0,0,0,0,0,0,0,415,417,0,415,417,0,415,295,417,0,415,295,295,295,295");
tmap.push("295,295,295,295,295,417,0,415,295,295,417,0,415,295,417,0,415,417,0,0,0,0,0,396,0,415,417,0,415,417,0,415,295,417,0,415,295,295,295,295");
tmap.push("295,295,295,295,295,417,0,415,295,295,417,0,415,295,417,0,415,417,0,0,0,0,0,476,0,415,417,0,415,417,0,415,295,417,0,415,295,295,295,295");
tmap.push("295,295,295,295,295,417,0,415,295,295,417,0,415,295,417,0,415,417,0,0,0,0,0,0,0,415,417,0,415,417,0,415,295,417,0,415,295,295,295,295");
tmap.push("295,295,295,295,295,417,0,415,295,295,417,0,415,295,417,0,415,417,0,0,0,0,0,375,376,337,417,0,415,417,0,415,295,417,0,415,295,295,295,295");
tmap.push("456,456,456,456,456,457,0,455,456,456,457,0,455,456,457,0,455,457,0,0,0,0,0,455,456,456,457,0,415,417,0,415,295,417,0,415,295,295,295,295");
tmap.push("0,0,0,0,0,0,0,0,0,0,0,0,0,0,0,0,0,0,0,0,0,0,0,0,0,0,0,0,415,417,0,415,295,417,0,415,295,295,295,295");
tmap.push("0,0,0,0,0,0,0,0,0,0,0,0,0,0,0,0,0,0,0,0,0,0,0,375,376,376,376,376,337,417,0,415,295,417,0,415,295,295,295,295");
tmap.push("0,0,0,0,0,0,0,0,0,0,0,0,0,0,0,0,0,0,0,0,0,0,0,455,456,456,456,456,456,457,0,415,295,417,0,415,295,295,295,295");
tmap.push("0,0,0,0,0,0,0,0,0,0,0,0,0,0,0,0,0,0,0,0,0,0,0,0,0,0,0,0,0,0,0,415,295,417,0,415,295,295,295,295");
tmap.push("0,0,0,0,0,0,0,0,0,0,0,0,0,0,0,0,0,0,0,0,0,0,0,375,376,376,376,376,376,376,376,337,295,417,0,415,295,295,295,295");
tmap.push("376,376,376,376,376,377,0,375,376,376,377,0,375,376,376,376,376,376,376,376,376,376,376,337,295,295,295,295,295,295,295,295,295,417,0,415,295,295,295,295");
tmap.push("295,295,295,295,295,417,0,415,295,295,417,0,455,456,456,456,456,456,456,456,456,456,456,456,456,456,456,456,456,456,456,456,456,457,0,415,295,295,295,295");
tmap.push("295,295,295,295,295,417,0,415,295,295,417,0,0,0,0,0,0,0,0,0,0,0,0,0,0,0,0,0,0,0,0,0,0,0,0,415,295,295,295,295");
tmap.push("295,295,295,295,295,417,0,415,295,295,336,376,376,376,376,376,376,376,376,376,376,376,376,376,376,376,376,376,376,376,376,376,376,376,376,337,295,295,295,295");

obj.createentity(game, 112, 184, 10, 1, 258520);  // (savepoint)
rcol=5;
break;
