case rn(54,51):
tmap = new Array();
tmap.push("0,0,0,0,0,0,0,0,0,56,406,286,408,55,0,0,0,0,0,0,0,0,0,0,0,0,56,406,286,408,55,0,0,0,0,0,0,0,0,0");
tmap.push("0,0,0,0,0,0,0,0,0,56,406,286,408,55,0,0,0,0,0,0,0,0,0,0,0,0,56,406,286,408,55,0,0,0,0,0,0,0,0,0");
tmap.push("0,0,0,0,0,0,0,0,0,56,406,286,408,55,0,0,0,0,0,0,0,0,0,0,0,0,56,446,399,448,55,0,0,0,0,0,0,0,0,0");
tmap.push("0,0,0,0,0,0,0,0,0,56,406,286,408,55,0,0,0,0,0,0,0,0,0,0,0,0,0,68,470,68,0,0,0,0,0,0,0,0,0,0");
tmap.push("0,0,0,0,0,0,0,0,0,56,406,286,408,55,0,0,0,0,0,0,0,0,0,0,0,0,0,0,68,0,0,0,0,0,0,0,0,0,0,0");
tmap.push("0,0,0,0,0,0,0,0,0,56,406,286,408,55,0,0,0,0,0,0,0,0,0,0,0,0,0,0,0,0,0,0,0,0,0,0,0,0,0,0");
tmap.push("0,0,0,0,0,0,0,0,0,56,406,286,408,55,0,0,0,0,0,0,0,0,0,0,0,0,0,0,0,0,0,0,0,0,0,0,0,0,0,0");
tmap.push("0,0,0,0,0,0,0,0,0,56,406,286,408,55,0,0,0,0,0,0,0,0,0,0,0,0,0,0,0,0,0,0,0,0,0,0,0,0,0,0");
tmap.push("0,0,0,0,0,0,0,0,0,56,406,286,408,55,0,0,0,0,0,0,0,0,0,0,0,0,0,0,0,0,0,0,0,0,0,0,0,0,0,0");
tmap.push("0,0,0,0,0,0,0,0,0,56,406,286,408,55,0,0,0,0,0,0,0,0,0,0,0,0,0,0,0,0,0,0,0,0,0,0,0,0,0,0");
tmap.push("0,0,0,0,0,0,0,0,0,56,406,286,408,55,0,0,0,0,0,0,0,0,0,0,0,0,0,0,0,0,0,0,0,0,0,0,0,0,0,0");
tmap.push("0,0,0,0,0,0,0,0,0,56,406,286,408,55,0,0,0,0,0,0,0,0,0,0,0,0,0,0,0,0,0,0,0,0,0,0,0,0,0,0");
tmap.push("0,0,0,0,0,0,0,0,0,56,406,286,408,55,0,0,0,0,0,0,0,0,0,0,0,0,0,0,0,0,0,0,0,0,0,0,0,0,0,0");
tmap.push("0,0,0,0,0,0,0,0,0,56,406,286,408,55,0,0,0,0,0,0,0,0,0,0,0,0,0,0,0,0,0,0,0,0,0,0,0,0,0,0");
tmap.push("0,0,0,0,0,0,0,0,0,56,406,286,408,55,0,0,0,0,0,0,0,0,0,0,0,0,0,0,0,0,0,0,0,0,0,0,0,0,0,0");
tmap.push("0,0,0,0,0,0,0,0,0,56,406,286,408,55,0,0,0,0,0,0,0,0,0,0,0,0,0,0,0,0,0,0,0,0,0,0,0,0,0,0");
tmap.push("0,0,0,0,0,0,0,0,0,56,406,286,408,55,0,0,0,0,0,0,0,0,0,0,0,0,0,0,0,0,0,0,0,0,0,0,0,0,0,0");
tmap.push("0,0,0,0,0,0,0,0,0,56,406,286,408,55,0,0,0,0,0,0,0,0,0,0,0,0,0,0,0,0,0,0,0,0,0,0,0,0,0,0");
tmap.push("0,0,0,0,0,0,0,0,0,56,406,286,408,55,0,0,0,0,0,0,0,0,0,0,0,0,0,0,67,0,0,0,0,0,0,0,0,0,0,0");
tmap.push("0,0,0,0,0,0,0,0,0,56,406,286,408,55,0,0,0,0,0,0,0,0,0,0,0,0,0,67,390,67,0,0,0,0,0,0,0,0,0,0");
tmap.push("0,0,0,0,0,0,0,0,0,56,406,286,408,55,0,0,0,0,0,0,0,0,0,0,0,0,56,366,350,368,55,0,0,0,0,0,0,0,0,0");
tmap.push("0,0,0,0,0,0,0,0,0,56,406,286,408,55,0,0,0,0,0,0,0,0,0,0,0,0,56,406,286,408,55,0,0,0,0,0,0,0,0,0");
tmap.push("0,0,0,0,0,0,0,0,0,56,406,286,408,55,0,0,0,0,0,0,0,0,0,0,0,0,56,406,286,408,55,0,0,0,0,0,0,0,0,0");
tmap.push("0,0,0,0,0,0,0,0,0,56,406,286,408,55,0,0,0,0,0,0,0,0,0,0,0,0,56,406,286,408,55,0,0,0,0,0,0,0,0,0");
tmap.push("0,0,0,0,0,0,0,0,0,56,406,286,408,55,0,0,0,0,0,0,0,0,0,0,0,0,56,406,286,408,55,0,0,0,0,0,0,0,0,0");
tmap.push("67,67,67,67,67,67,67,67,67,366,328,286,327,368,67,67,67,67,67,67,67,67,67,67,67,67,366,328,286,327,368,67,67,67,67,67,67,67,67,67");
tmap.push("367,367,367,367,367,367,367,367,367,328,286,286,286,327,367,367,367,367,367,367,367,367,367,367,367,367,328,286,286,286,327,367,367,367,367,367,367,367,367,367");
tmap.push("286,286,286,286,286,286,286,286,286,286,286,286,286,286,286,286,286,286,286,286,286,286,286,286,286,286,286,286,286,286,286,286,286,286,286,286,286,286,286,286");
tmap.push("286,286,286,286,286,286,286,286,286,286,286,286,286,286,286,286,286,286,286,286,286,286,286,286,286,286,286,286,286,286,286,286,286,286,286,286,286,286,286,286");

obj.createentity(game, -8, 180, 11, 80);  // (horizontal gravity line)
obj.createentity(game, 112, 180, 11, 96);  // (horizontal gravity line)
obj.createentity(game, 248, 180, 11, 80);  // (horizontal gravity line)
rcol=2;
break;
