case rn(55,49):
tmap = new Array();
tmap.push("295,295,295,295,295,295,295,295,295,295,295,295,295,295,295,295,295,295,295,295,295,295,295,295,295,295,295,295,295,295,295,295,295,295,295,295,295,295,295,295");
tmap.push("295,296,456,456,456,456,456,456,456,456,456,456,297,295,295,295,295,295,295,295,295,295,295,295,295,295,295,295,295,295,295,295,295,295,295,295,295,295,295,295");
tmap.push("295,417,0,0,0,0,0,0,0,0,0,62,415,295,295,295,295,295,295,295,295,295,295,295,295,295,295,295,295,295,295,295,295,295,295,295,295,295,295,295");
tmap.push("295,417,0,0,0,0,0,0,0,0,0,62,415,295,295,295,295,295,295,295,295,295,295,295,295,295,295,295,295,295,295,295,295,295,295,295,295,295,295,295");
tmap.push("456,457,0,0,0,0,0,0,0,0,0,62,455,456,456,456,456,456,456,456,456,456,456,456,456,297,296,456,456,456,456,456,456,456,456,456,456,456,297,295");
tmap.push("0,0,0,0,375,376,377,61,0,0,0,0,0,0,0,0,0,0,0,0,0,0,0,0,0,415,417,61,0,0,0,0,0,0,0,0,0,62,415,295");
tmap.push("0,0,0,0,415,295,417,61,0,0,0,0,0,0,0,0,0,0,0,0,0,0,0,0,0,415,417,61,0,0,0,0,0,0,0,0,0,62,415,295");
tmap.push("0,0,0,0,415,295,417,61,0,0,0,0,0,0,0,0,0,0,0,0,0,0,0,0,0,415,417,61,0,0,0,0,0,0,0,0,0,62,415,295");
tmap.push("0,0,0,0,415,295,417,61,0,0,0,0,0,0,0,0,0,0,0,0,0,0,0,0,0,415,417,61,0,0,0,0,0,0,0,0,0,62,415,295");
tmap.push("376,376,376,376,337,295,417,61,0,0,0,0,0,0,0,0,0,0,0,0,0,0,0,0,0,415,417,61,0,0,0,0,0,0,0,0,0,62,415,295");
tmap.push("295,295,295,295,295,295,417,61,0,0,0,0,0,0,0,0,0,0,0,0,0,0,0,0,0,415,417,61,0,0,0,0,0,0,0,0,0,62,415,295");
tmap.push("295,295,295,295,295,295,417,61,0,0,0,0,0,0,0,0,0,0,0,0,0,0,0,0,0,415,417,61,0,0,0,0,0,0,0,0,0,62,415,295");
tmap.push("295,295,295,295,295,295,417,61,0,0,0,0,0,0,0,0,0,0,0,0,0,0,0,0,0,455,457,61,0,0,0,0,0,0,0,0,0,62,415,295");
tmap.push("295,295,295,295,295,295,417,61,0,0,0,0,0,0,0,0,0,0,0,0,0,0,0,0,0,0,0,0,0,0,0,0,0,0,0,0,0,62,415,295");
tmap.push("295,295,295,295,295,295,417,61,0,0,0,0,0,0,0,0,0,0,0,0,0,0,0,0,0,0,0,0,0,0,0,0,0,0,0,0,0,62,415,295");
tmap.push("295,295,295,295,295,295,417,61,0,0,0,0,0,0,0,0,0,0,0,0,0,0,0,0,0,0,0,0,0,0,0,0,0,0,0,0,0,62,415,295");
tmap.push("295,295,295,295,295,295,417,61,0,0,0,0,0,0,0,0,0,0,0,0,0,0,0,0,0,0,0,0,0,0,0,0,0,0,0,0,0,62,415,295");
tmap.push("295,295,295,295,295,295,417,61,0,0,0,0,0,0,0,0,0,0,0,0,0,0,0,0,0,0,0,0,0,0,0,0,0,0,0,0,0,62,415,295");
tmap.push("295,295,295,295,295,295,417,61,0,0,0,0,0,0,0,0,0,0,0,0,0,0,0,0,0,0,0,0,0,0,0,0,0,0,0,0,0,62,415,295");
tmap.push("295,295,295,295,295,295,417,61,0,0,0,0,0,0,0,0,0,0,0,0,0,0,0,0,0,0,0,0,0,0,0,0,0,0,0,0,0,62,415,295");
tmap.push("295,295,295,295,295,295,336,376,376,376,376,376,376,376,376,376,376,376,376,376,376,376,376,376,376,376,376,376,376,377,0,0,0,0,0,0,0,62,415,295");
tmap.push("295,295,295,295,295,295,296,456,456,456,456,456,456,456,456,456,456,456,456,456,456,456,456,456,456,456,456,456,456,457,0,0,0,0,0,0,0,62,415,295");
tmap.push("295,295,295,295,295,295,417,0,0,0,0,0,0,0,0,0,0,0,0,0,0,0,0,0,0,0,0,0,0,0,0,0,0,0,0,0,0,62,415,295");
tmap.push("295,295,295,295,295,295,417,0,0,0,0,0,0,0,0,0,0,0,0,0,0,0,0,0,0,0,0,0,0,0,0,0,0,0,0,0,0,62,415,295");
tmap.push("295,295,295,295,295,295,417,0,0,0,0,0,0,0,0,0,0,0,0,0,0,0,0,0,0,0,0,0,0,0,0,0,0,0,0,0,0,62,415,295");
tmap.push("295,295,295,295,295,295,417,0,0,0,0,0,0,0,0,0,0,0,0,0,0,0,0,0,0,0,0,0,0,0,0,0,0,0,0,0,0,62,415,295");
tmap.push("295,295,295,295,295,295,417,0,0,0,0,0,0,0,0,0,0,0,0,0,0,0,0,0,0,0,0,0,0,0,0,0,0,0,0,0,0,62,415,295");
tmap.push("295,295,295,295,295,295,417,0,0,0,0,0,0,0,0,0,0,0,0,0,0,0,0,0,0,0,0,0,0,0,0,0,0,0,0,0,0,62,415,295");
tmap.push("295,295,295,295,295,295,417,0,0,0,0,0,0,0,0,0,0,0,0,0,0,0,0,0,0,0,0,0,0,0,0,0,0,0,0,0,0,62,415,295");

obj.createentity(game, 160, 176, 10, 0, 249550);  // (savepoint)
obj.createentity(game, 224, 68, 11, 72);  // (horizontal gravity line)
rcol=5;
break;
