740 740 740 740 740 740 740 740 740 740 740 740 740 740 740 740 740 740 740 740 740 740 740 740 740 740 740 740 740 740 740 740 740 740 740 740 740 740 740 740 
740 740 740 740 740 740 740 740 740 740 740 740 740 740 740 740 740 740 740 740 740 740 740 740 740 740 740 740 740 740 740 740 740 740 740 740 740 740 740 740 
740 740 740 740 740 740 740 740 740 740 740 740 740 740 740 740 740 740 740 740 740 740 740 740 740 740 740 740 740 740 740 740 740 740 740 740 740 740 740 740 
740 740 740 740 740 740 740 740 740 740 740 740 740 740 740 740 740 740 740 740 740 740 740 740 740 740 740 740 740 740 740 740 740 740 740 740 740 740 740 740 
0 0 0 0 0 0 0 0 0 0 740 740 740 740 740 740 740 740 740 740 740 740 740 740 740 740 740 740 740 740 740 740 740 740 740 740 740 740 740 740 
0 0 0 0 0 0 0 0 0 0 0 740 740 740 740 740 740 740 740 740 740 740 740 740 740 740 740 740 740 740 740 740 740 740 740 740 740 740 740 740 
0 0 0 0 0 0 0 0 0 0 0 0 740 740 740 740 740 740 740 740 740 740 740 740 740 740 740 7 7 7 7 7 7 740 740 740 740 740 740 740 
0 0 0 0 0 0 0 0 0 0 0 0 0 740 740 740 740 740 740 740 740 740 740 740 7 7 7 0 0 0 0 0 0 7 7 7 740 740 740 740 
740 740 740 740 740 740 740 0 0 0 0 0 0 7 740 740 740 740 740 740 740 740 7 7 0 0 0 0 0 0 0 0 0 0 0 0 7 7 7 7 
740 740 740 740 740 740 740 740 0 0 0 0 0 0 7 7 7 7 7 7 7 7 0 0 0 0 0 0 0 0 0 0 0 0 0 0 0 0 0 0 
740 740 740 740 740 740 740 740 740 0 0 0 0 0 0 0 0 0 0 0 0 0 0 0 0 0 0 0 0 0 0 0 0 0 0 0 0 0 0 0 
740 740 740 740 740 740 740 740 740 740 0 0 0 0 0 0 0 0 0 0 0 0 0 0 0 0 0 0 0 0 0 0 0 0 0 0 0 0 0 0 
740 740 740 740 740 740 740 740 740 740 0 0 0 0 0 0 0 0 0 0 0 0 0 0 0 0 0 0 0 0 0 0 0 0 0 0 0 0 0 0 
740 740 740 740 740 740 740 740 740 740 0 0 0 0 0 0 0 0 0 0 0 0 0 0 0 0 0 0 0 0 0 0 0 0 0 0 0 0 0 0 
740 740 740 740 740 740 740 740 740 740 0 0 0 0 0 0 0 0 0 0 0 0 0 0 0 0 0 0 0 0 0 0 0 0 0 0 0 0 0 0 
740 740 740 740 740 740 740 740 740 740 0 0 0 0 0 0 0 0 0 0 0 0 0 0 0 0 0 0 0 0 0 0 0 0 0 0 0 0 0 0 
740 740 740 740 740 740 740 740 740 740 0 0 0 0 0 0 0 0 0 0 0 0 0 0 0 0 0 0 0 0 0 0 0 0 0 0 0 0 0 0 
740 740 740 740 740 740 740 740 740 740 0 0 0 0 0 0 0 0 0 0 0 0 0 0 0 0 0 0 0 0 0 0 0 0 0 0 0 0 0 0 
740 740 740 740 740 740 740 740 740 740 0 0 0 0 0 0 0 0 0 0 0 0 0 0 0 0 0 0 0 0 0 0 0 0 0 0 0 0 0 0 
740 740 740 740 740 740 740 740 740 740 0 0 0 0 0 0 0 0 0 0 0 0 0 0 0 0 0 0 0 0 0 0 0 0 0 0 0 0 0 0 
740 740 740 740 740 740 740 740 740 740 6 6 6 6 6 6 6 6 6 6 6 6 0 0 0 0 0 0 0 0 0 0 0 0 0 0 0 0 6 6 
740 740 740 740 740 740 740 740 740 740 740 740 740 740 740 740 740 740 740 740 740 740 6 6 6 6 6 6 6 0 0 0 0 0 6 6 6 6 740 740 
740 740 740 740 740 740 740 740 740 740 740 740 740 740 740 740 740 740 740 740 740 740 740 740 740 740 740 740 740 6 6 6 6 6 740 740 740 740 740 740 
740 740 740 740 740 740 740 740 740 740 740 740 740 740 740 740 740 740 740 740 740 740 740 740 740 740 740 740 740 740 740 740 740 740 740 740 740 740 740 740 
740 740 740 740 740 740 740 740 740 740 740 740 740 740 740 740 740 740 740 740 740 740 740 740 740 740 740 740 740 740 740 740 740 740 740 740 740 740 740 740 
740 740 740 740 740 740 740 740 740 740 740 740 740 740 740 740 740 740 740 740 740 740 740 740 740 740 740 740 740 740 740 740 740 740 740 740 740 740 740 740 
740 740 740 740 740 740 740 740 740 740 740 740 740 740 740 740 740 740 740 740 740 740 740 740 740 740 740 740 740 740 740 740 740 740 740 740 740 740 740 740 
740 740 740 740 740 740 740 740 740 740 740 740 740 740 740 740 740 740 740 740 740 740 740 740 740 740 740 740 740 740 740 740 740 740 740 740 740 740 740 740 
740 740 740 740 740 740 740 740 740 740 740 740 740 740 740 740 740 740 740 740 740 740 740 740 740 740 740 740 740 740 740 740 740 740 740 740 740 740 740 740 
8
2 6 10 1
12 18 2 4 0 0 0 320 240
16 18 2 4 0 0 0 320 240
20 18 2 4 0 0 0 320 240
26 10 2 4 0 0 0 320 240
30 10 2 4 0 0 0 320 240
34 10 2 4 0 0 0 320 240
38 10 2 4 0 0 0 320 240
