483 483 483 483 483 483 483 483 483 483 483 483 483 483 483 483 483 483 483 605 0 0 0 0 0 0 0 0 603 483 483 483 483 483 483 483 483 483 483 483 
483 483 483 483 483 483 483 483 483 483 483 483 483 483 483 483 483 483 483 605 0 0 0 0 0 0 0 0 603 483 483 483 483 483 483 483 483 483 483 483 
483 483 483 483 483 483 483 483 483 483 483 483 483 483 483 483 483 483 483 605 123 123 123 123 123 123 123 123 603 483 483 483 483 483 483 483 483 483 483 483 
483 483 483 483 483 483 483 483 483 483 483 483 483 483 483 483 483 483 483 605 123 123 123 123 123 123 123 123 603 483 483 483 483 483 483 483 483 483 483 483 
483 483 483 483 483 483 483 483 483 483 483 483 483 483 483 483 483 483 483 605 0 0 0 0 0 0 0 0 603 483 483 483 483 483 483 483 483 483 483 483 
483 483 483 483 483 483 483 483 483 483 483 483 483 483 483 483 483 483 483 605 0 0 0 0 0 0 0 0 603 483 483 483 483 483 483 483 483 483 483 483 
483 483 483 483 483 483 483 483 483 483 483 483 483 483 483 483 483 483 483 605 0 0 0 0 0 0 0 0 643 485 483 483 483 484 644 644 644 644 644 644 
483 483 483 483 483 483 483 483 483 483 483 483 483 483 483 483 483 483 483 605 0 0 0 0 0 0 0 0 0 603 483 483 484 645 0 0 0 0 0 0 
483 483 483 483 483 483 483 483 483 483 483 483 483 483 483 483 483 483 483 605 0 0 0 0 0 0 0 0 0 603 483 484 645 0 0 0 0 0 0 0 
483 483 483 483 483 483 483 483 483 483 483 483 483 483 483 483 483 483 483 605 0 0 0 0 0 0 0 0 0 643 644 645 0 0 0 0 0 0 0 0 
483 483 483 483 483 483 483 483 483 483 483 483 483 483 483 483 483 483 483 605 0 0 0 0 0 0 0 0 0 0 683 0 0 0 0 0 0 0 0 0 
483 483 483 483 483 483 483 483 483 483 483 483 483 483 483 483 483 483 483 605 0 0 0 0 0 0 0 0 0 0 683 0 0 0 0 0 0 0 0 0 
483 483 483 483 483 483 483 483 483 483 483 483 483 483 483 483 483 483 483 605 0 0 0 0 0 0 0 0 0 0 683 0 0 0 0 0 0 0 0 0 
483 483 483 483 483 483 483 483 483 483 483 483 483 483 483 483 483 483 483 605 0 0 0 0 0 0 0 0 0 0 683 0 0 0 0 0 0 0 0 0 
483 483 483 483 483 483 483 483 483 483 483 483 483 483 483 483 484 644 644 645 0 0 0 0 0 0 0 0 0 0 683 0 0 0 0 0 0 0 0 0 
483 483 483 483 483 483 483 483 483 483 483 483 483 483 483 483 605 0 0 0 0 0 0 0 0 0 0 0 0 0 683 0 0 0 0 0 0 0 0 0 
483 483 483 483 483 483 483 483 483 483 483 483 483 483 483 483 605 0 0 0 0 0 0 0 0 0 0 0 0 0 683 0 0 0 0 0 0 0 0 0 
483 483 483 483 483 483 483 483 483 483 483 483 483 483 483 483 605 684 684 684 684 684 684 684 684 684 684 684 684 684 685 684 684 684 684 684 684 0 0 0 
483 483 483 483 483 483 483 483 483 483 483 483 483 483 483 483 605 0 0 0 0 0 0 0 0 0 0 0 0 0 683 0 0 0 0 0 0 0 0 0 
483 483 483 483 483 483 483 483 483 483 483 483 483 483 483 483 605 0 0 0 0 0 0 0 0 0 0 0 0 0 683 0 0 0 0 0 0 0 0 0 
483 483 483 483 483 483 483 483 483 483 483 483 483 483 484 644 645 0 0 0 0 0 0 0 0 0 0 0 0 0 683 0 0 0 0 0 0 0 0 0 
483 483 483 483 483 483 483 483 483 483 483 483 483 483 605 0 0 0 0 0 0 0 0 0 0 0 0 0 0 0 683 0 0 0 0 0 0 0 0 0 
483 483 483 483 483 483 483 483 483 483 484 644 644 644 645 0 0 0 0 0 0 0 0 0 0 0 0 0 0 0 683 0 0 0 0 0 0 0 0 0 
644 644 644 644 644 644 644 644 644 644 645 0 0 0 0 0 0 0 0 0 0 0 0 0 0 0 0 0 563 564 564 564 564 564 564 565 0 0 0 0 
0 0 0 0 0 0 0 0 0 0 0 0 0 0 0 0 0 0 0 0 0 0 0 0 0 0 0 0 603 483 483 483 483 483 483 605 0 0 0 0 
0 0 0 0 0 0 0 0 0 0 0 0 0 0 0 0 0 0 0 0 0 0 0 0 0 0 0 0 643 644 644 644 644 644 644 645 0 0 0 0 
0 0 0 0 0 0 0 0 0 0 0 0 0 0 0 0 0 0 0 0 0 0 0 0 0 0 0 0 0 0 0 0 0 0 0 0 0 0 0 0 
0 0 0 0 0 0 0 0 0 0 0 0 0 0 0 0 0 0 0 0 0 0 0 0 0 0 0 0 0 0 0 0 0 0 0 0 0 0 0 0 
0 0 0 0 0 0 0 0 0 0 0 0 0 0 0 0 0 0 0 0 0 0 0 0 0 0 0 0 0 0 0 0 0 0 0 0 0 0 0 0 
1
33 21 10 1
