tmap.push("12,12,12,12,12,12,12,12,12,12,12,12,12,12,12,12,12,12,12,12,12,12,12,12,12,12,12,12,12,12,12,12,12,12,12,12,12,12,12,12");
tmap.push("12,12,12,12,12,12,12,12,12,12,12,12,12,12,12,12,12,12,12,12,12,12,12,12,12,12,12,12,12,12,12,12,12,12,12,12,12,12,12,12");
tmap.push("12,12,12,12,12,12,12,12,12,12,12,12,12,12,12,12,12,12,12,12,12,12,12,12,12,12,12,12,12,12,12,12,12,12,12,12,12,12,12,12");
tmap.push("12,12,12,12,12,12,12,12,12,12,12,12,12,12,12,12,12,12,12,12,12,12,12,12,12,12,12,12,12,12,12,12,12,12,12,12,12,12,12,12");
tmap.push("12,12,12,12,12,12,12,12,12,12,12,12,12,12,12,12,12,12,12,12,12,12,12,12,12,12,12,12,12,12,12,12,12,12,12,12,12,12,12,12");
tmap.push("12,12,12,12,12,12,12,12,12,12,12,13,23,23,23,23,23,23,23,23,23,23,23,23,23,23,23,23,23,23,23,23,23,23,23,23,23,23,23,23");
tmap.push("12,12,12,12,12,12,12,12,12,12,12,21,28,28,28,28,28,28,28,28,28,28,28,28,28,28,28,28,28,28,28,28,28,28,28,28,28,28,28,28");
tmap.push("12,12,12,12,12,12,12,12,12,12,12,21,28,28,28,28,28,28,28,28,28,28,28,28,28,28,28,28,28,28,28,28,28,28,28,28,28,28,28,28");
tmap.push("12,12,12,12,12,12,12,12,12,12,12,21,28,28,28,28,28,28,28,28,28,28,28,28,28,28,28,28,28,28,28,28,28,28,28,28,28,28,28,28");
tmap.push("12,12,12,12,12,12,12,12,12,12,12,21,28,28,28,28,28,28,28,28,28,28,28,28,28,28,28,28,28,28,28,28,28,28,28,28,28,28,28,28");
tmap.push("12,12,12,12,12,12,12,12,12,12,12,21,28,28,28,28,28,28,28,28,28,28,28,28,28,28,28,28,28,28,28,28,28,28,28,28,28,28,28,28");
tmap.push("12,12,12,12,12,12,12,12,12,12,12,21,28,28,28,28,28,28,28,28,28,28,28,28,28,28,28,28,28,28,28,28,28,28,28,28,28,28,28,28");
tmap.push("12,12,12,12,12,12,12,12,12,12,12,21,28,28,28,28,28,28,28,28,28,28,28,28,28,28,28,28,28,28,28,28,28,28,28,28,28,28,28,28");
tmap.push("12,12,12,12,12,12,12,12,12,12,12,21,28,28,28,28,28,28,28,28,28,28,28,28,28,28,28,28,28,28,28,28,28,28,28,28,28,28,28,28");
tmap.push("12,12,12,12,12,12,12,12,12,12,12,21,28,28,28,28,28,28,28,28,28,28,28,28,28,28,28,28,28,28,28,28,28,28,28,28,28,28,28,28");
tmap.push("12,12,12,12,12,12,12,12,12,12,12,21,28,28,28,28,28,28,28,28,28,28,28,28,28,28,28,28,28,28,28,28,28,28,28,28,28,28,28,28");
tmap.push("12,12,12,12,12,12,12,12,12,12,12,15,18,18,18,18,18,19,28,28,28,28,17,18,18,18,18,18,18,18,18,18,18,18,18,18,18,18,18,18");
tmap.push("12,12,12,12,12,12,12,12,12,12,12,12,12,12,13,23,23,24,28,28,28,28,22,23,23,14,12,12,12,12,12,12,12,12,12,12,12,12,12,12");
tmap.push("12,12,12,12,12,12,12,12,12,12,12,12,12,12,21,28,0,0,28,28,28,28,0,0,28,20,12,12,12,12,12,12,12,12,12,12,12,12,12,12");
tmap.push("12,12,12,12,12,12,12,12,12,12,12,12,12,12,21,28,0,0,28,28,28,28,0,0,28,20,12,12,12,12,12,12,12,12,12,12,12,12,12,12");
tmap.push("12,12,12,12,12,12,12,12,12,12,12,12,12,12,21,28,0,0,0,28,28,0,0,0,28,20,12,12,12,12,12,12,12,12,12,12,12,12,12,12");
tmap.push("12,12,12,12,12,12,12,12,12,12,12,13,23,23,24,28,0,0,17,18,18,19,0,0,28,22,23,23,14,12,12,12,12,12,12,12,12,12,12,12");
tmap.push("12,12,12,12,12,12,12,12,12,12,12,21,10,0,28,28,0,0,22,23,23,24,0,0,28,28,0,11,20,12,12,12,12,12,12,12,12,12,12,12");
tmap.push("12,12,12,12,12,12,12,12,12,12,12,21,10,0,28,28,0,0,0,28,28,0,0,0,28,28,0,11,20,12,12,12,12,12,12,12,12,12,12,12");
tmap.push("12,12,12,12,12,12,12,12,12,12,12,21,10,0,28,28,0,0,0,28,28,0,0,0,28,28,0,11,20,12,12,12,12,12,12,12,12,12,12,12");
tmap.push("12,12,12,12,12,12,12,12,12,12,12,21,10,0,28,28,0,0,0,28,28,0,0,0,28,28,0,11,20,12,12,12,12,12,12,12,12,12,12,12");
tmap.push("12,12,12,12,12,12,12,12,12,12,12,21,10,0,28,28,0,0,0,28,28,0,0,0,28,28,0,11,20,12,12,12,12,12,12,12,12,12,12,12");
tmap.push("12,12,12,12,12,12,12,12,12,12,12,15,18,18,18,18,19,0,0,28,28,0,0,17,18,18,18,18,16,12,12,12,12,12,12,12,12,12,12,12");
tmap.push("12,12,12,12,12,12,12,12,12,12,12,12,12,12,12,12,21,10,0,28,28,0,11,20,12,12,12,12,12,12,12,12,12,12,12,12,12,12,12,12");
tmap.push("12,12,12,12,12,12,12,12,12,12,12,12,12,12,12,12,21,10,0,28,28,0,11,20,12,12,12,12,12,12,12,12,12,12,12,12,12,12,12,12");
tmap.push("12,12,12,12,12,12,12,12,12,12,12,12,12,12,12,12,21,10,0,28,28,0,11,20,12,12,12,12,12,12,12,12,12,12,12,12,12,12,12,12");
tmap.push("12,12,12,12,12,12,12,12,12,12,12,12,12,12,12,12,21,10,0,28,28,0,11,20,12,12,12,12,12,12,12,12,12,12,12,12,12,12,12,12");
tmap.push("12,12,12,12,12,12,12,12,12,12,12,12,12,12,12,12,21,10,0,28,28,0,11,20,12,12,12,12,12,12,12,12,12,12,12,12,12,12,12,12");
tmap.push("12,12,12,12,12,12,12,12,12,12,12,12,12,12,12,12,21,10,0,28,28,0,11,20,12,12,12,12,12,12,12,12,12,12,12,12,12,12,12,12");
tmap.push("12,12,12,12,12,12,12,12,12,12,12,12,12,12,12,12,21,10,0,28,28,0,11,20,12,12,12,12,12,12,12,12,12,12,12,12,12,12,12,12");
tmap.push("12,12,12,12,12,12,12,12,12,12,12,13,23,23,23,23,24,0,0,28,28,0,0,22,23,23,23,23,14,12,12,12,12,12,12,12,12,12,12,12");
tmap.push("12,12,12,12,12,12,12,12,12,12,12,21,10,0,28,28,0,0,0,28,28,0,0,0,28,28,0,11,20,12,12,12,12,12,12,12,12,12,12,12");
tmap.push("12,12,12,12,12,12,12,12,12,12,12,21,10,0,28,28,0,0,0,28,28,0,0,0,28,28,0,11,20,12,12,12,12,12,12,12,12,12,12,12");
tmap.push("12,12,12,12,12,12,12,12,12,12,12,21,10,0,28,28,0,0,0,28,28,0,0,0,28,28,0,11,20,12,12,12,12,12,12,12,12,12,12,12");
tmap.push("12,12,12,12,12,12,12,12,12,12,12,21,10,0,28,28,0,0,0,28,28,0,0,0,28,28,0,11,20,12,12,12,12,12,12,12,12,12,12,12");
tmap.push("12,12,12,12,12,12,12,12,12,12,12,21,10,0,28,28,0,0,0,28,28,0,0,0,28,28,0,11,20,12,12,12,12,12,12,12,12,12,12,12");
tmap.push("12,12,12,12,12,12,12,12,12,12,12,21,10,0,28,28,0,0,0,28,28,0,0,0,28,28,0,11,20,12,12,12,12,12,12,12,12,12,12,12");
tmap.push("12,12,12,12,12,12,12,12,12,12,12,21,10,0,28,28,0,0,0,28,28,0,0,0,28,28,0,11,20,12,12,12,12,12,12,12,12,12,12,12");
tmap.push("12,12,12,12,12,12,12,12,12,12,12,21,10,0,28,28,0,0,0,28,28,0,0,0,28,28,0,11,20,12,12,12,12,12,12,12,12,12,12,12");
tmap.push("12,12,12,12,12,12,12,12,12,12,12,21,10,0,28,28,0,0,0,28,28,0,0,0,28,28,0,11,20,12,12,12,12,12,12,12,12,12,12,12");
tmap.push("12,12,12,12,12,12,12,12,12,12,12,21,10,0,28,28,0,0,0,28,28,0,0,0,28,28,0,11,20,12,12,12,12,12,12,12,12,12,12,12");
tmap.push("12,12,12,12,12,12,12,12,12,12,12,21,10,0,28,28,0,0,0,28,28,0,0,0,28,28,0,11,20,12,12,12,12,12,12,12,12,12,12,12");
tmap.push("12,12,12,12,12,12,12,12,12,12,12,21,10,0,28,28,0,0,0,28,28,0,0,0,28,28,0,11,20,12,12,12,12,12,12,12,12,12,12,12");
tmap.push("12,12,12,12,12,12,12,12,12,12,12,21,10,0,28,28,0,0,0,28,28,0,0,0,28,28,0,11,20,12,12,12,12,12,12,12,12,12,12,12");
tmap.push("12,12,12,12,12,12,12,12,12,12,12,21,10,0,28,28,0,0,17,18,18,19,0,0,28,28,0,11,20,12,12,12,12,12,12,12,12,12,12,12");
tmap.push("12,12,12,12,12,12,12,12,12,12,12,21,10,0,28,28,0,0,22,14,13,24,0,0,28,28,0,11,20,12,12,12,12,12,12,12,12,12,12,12");
tmap.push("12,12,12,12,12,12,12,12,12,12,12,21,10,0,28,28,0,0,0,22,24,0,0,0,28,28,0,11,20,12,12,12,12,12,12,12,12,12,12,12");
tmap.push("12,12,12,12,12,12,12,12,12,12,12,21,10,0,28,28,0,0,0,28,28,0,0,0,28,28,0,11,20,12,12,12,12,12,12,12,12,12,12,12");
tmap.push("12,12,12,12,12,12,12,12,12,12,12,21,10,0,28,28,0,0,0,28,28,0,0,0,28,28,0,11,20,12,12,12,12,12,12,12,12,12,12,12");
tmap.push("12,12,12,12,12,12,12,12,12,12,12,21,10,0,28,28,0,0,0,28,28,0,0,0,28,28,0,11,20,12,12,12,12,12,12,12,12,12,12,12");
tmap.push("12,12,12,12,12,12,12,12,12,12,12,21,10,0,28,28,0,0,0,28,28,0,0,0,28,28,0,11,20,12,12,12,12,12,12,12,12,12,12,12");
tmap.push("12,12,12,12,12,12,12,12,12,12,12,21,10,0,28,28,0,0,0,28,28,0,0,0,28,28,0,11,20,12,12,12,12,12,12,12,12,12,12,12");
tmap.push("12,12,12,12,12,12,12,12,12,12,12,21,10,0,28,28,0,0,0,28,28,0,0,0,28,28,0,11,20,12,12,12,12,12,12,12,12,12,12,12");
tmap.push("12,12,12,12,12,12,12,12,12,12,12,21,10,0,28,28,0,0,0,28,28,0,0,0,28,28,0,11,20,12,12,12,12,12,12,12,12,12,12,12");
tmap.push("12,12,12,12,12,12,12,12,12,12,12,21,10,0,28,28,0,0,0,28,28,0,0,0,28,28,0,11,20,12,12,12,12,12,12,12,12,12,12,12");
tmap.push("12,12,12,12,12,12,12,12,12,12,12,21,10,0,28,28,0,0,0,28,28,0,0,0,28,28,0,11,20,12,12,12,12,12,12,12,12,12,12,12");
tmap.push("12,12,12,12,12,12,12,12,12,12,12,15,18,18,18,18,19,10,0,28,28,0,11,17,18,18,18,18,16,12,12,12,12,12,12,12,12,12,12,12");
tmap.push("12,12,12,12,12,12,12,12,12,12,12,13,23,23,23,23,24,0,0,28,28,0,0,22,23,23,23,23,14,12,12,12,12,12,12,12,12,12,12,12");
tmap.push("12,12,12,12,12,12,12,12,12,12,12,21,10,0,28,28,0,0,0,28,28,0,0,0,28,28,0,11,20,12,12,12,12,12,12,12,12,12,12,12");
tmap.push("12,12,12,12,12,12,12,12,12,12,12,21,10,0,28,28,0,0,0,28,28,0,0,0,28,28,0,11,20,12,12,12,12,12,12,12,12,12,12,12");
tmap.push("12,12,12,12,12,12,12,12,12,12,12,21,10,0,28,28,0,0,0,28,28,0,0,0,28,28,0,11,20,12,12,12,12,12,12,12,12,12,12,12");
tmap.push("12,12,12,12,12,12,12,12,12,12,12,21,10,0,28,28,0,0,0,28,28,0,0,0,28,28,0,11,20,12,12,12,12,12,12,12,12,12,12,12");
tmap.push("12,12,12,12,12,12,12,12,12,12,12,21,10,0,28,28,0,0,0,28,28,0,0,0,28,28,0,11,20,12,12,12,12,12,12,12,12,12,12,12");
tmap.push("12,12,12,12,12,12,12,12,12,12,12,21,10,0,28,28,0,0,0,28,28,0,0,0,28,28,0,11,20,12,12,12,12,12,12,12,12,12,12,12");
tmap.push("12,12,12,12,12,12,12,12,12,12,12,15,18,18,18,18,18,18,18,18,18,18,19,0,28,28,0,11,20,12,12,12,12,12,12,12,12,12,12,12");
tmap.push("12,12,12,12,12,12,12,12,12,12,12,13,23,23,23,23,23,23,23,23,23,23,24,0,28,28,0,11,20,12,12,12,12,12,12,12,12,12,12,12");
tmap.push("12,12,12,12,12,12,12,12,12,12,12,21,10,0,28,28,0,0,0,28,28,0,0,0,28,28,0,11,20,12,12,12,12,12,12,12,12,12,12,12");
tmap.push("12,12,12,12,12,12,12,12,12,12,12,21,10,0,28,28,0,0,0,28,28,0,0,0,28,28,0,11,20,12,12,12,12,12,12,12,12,12,12,12");
tmap.push("12,12,12,12,12,12,12,12,12,12,12,21,10,0,28,28,0,0,0,28,28,0,0,0,28,28,0,11,20,12,12,12,12,12,12,12,12,12,12,12");
tmap.push("12,12,12,12,12,12,12,12,12,12,12,21,10,0,28,28,0,0,0,28,28,0,0,0,28,28,0,11,20,12,12,12,12,12,12,12,12,12,12,12");
tmap.push("12,12,12,12,12,12,12,12,12,12,12,21,10,0,28,28,0,17,18,18,18,18,18,18,18,18,18,18,16,12,12,12,12,12,12,12,12,12,12,12");
tmap.push("12,12,12,12,12,12,12,12,12,12,12,21,10,0,28,28,0,22,23,23,23,23,23,23,23,23,23,23,14,12,12,12,12,12,12,12,12,12,12,12");
tmap.push("12,12,12,12,12,12,12,12,12,12,12,21,10,0,28,28,0,0,0,28,28,0,0,0,28,28,0,11,20,12,12,12,12,12,12,12,12,12,12,12");
tmap.push("12,12,12,12,12,12,12,12,12,12,12,21,10,0,28,28,0,0,0,28,28,0,0,0,28,28,0,11,20,12,12,12,12,12,12,12,12,12,12,12");
tmap.push("12,12,12,12,12,12,12,12,12,12,12,21,10,0,28,28,0,0,0,28,28,0,0,0,28,28,0,11,20,12,12,12,12,12,12,12,12,12,12,12");
tmap.push("12,12,12,12,12,12,12,12,12,12,12,21,10,0,28,28,0,0,0,28,28,0,0,0,28,28,0,11,20,12,12,12,12,12,12,12,12,12,12,12");
tmap.push("12,12,12,12,12,12,12,12,12,12,12,15,18,18,18,18,18,18,18,18,18,18,18,19,28,28,0,11,20,12,12,12,12,12,12,12,12,12,12,12");
tmap.push("12,12,12,12,12,12,12,12,12,12,12,13,23,23,23,23,23,23,23,23,23,23,23,24,28,28,0,11,20,12,12,12,12,12,12,12,12,12,12,12");
tmap.push("12,12,12,12,12,12,12,12,12,12,12,21,10,0,28,28,0,0,0,28,28,0,0,0,28,28,0,11,20,12,12,12,12,12,12,12,12,12,12,12");
tmap.push("12,12,12,12,12,12,12,12,12,12,12,21,10,0,28,28,0,0,0,28,28,0,0,0,28,28,0,11,20,12,12,12,12,12,12,12,12,12,12,12");
tmap.push("12,12,12,12,12,12,12,12,12,12,12,21,10,0,28,28,0,0,0,28,28,0,0,0,28,28,0,11,20,12,12,12,12,12,12,12,12,12,12,12");
tmap.push("12,12,12,12,12,12,12,12,12,12,12,21,10,0,28,28,0,0,0,28,28,0,0,0,28,28,0,11,20,12,12,12,12,12,12,12,12,12,12,12");
tmap.push("12,12,12,12,12,12,12,12,12,12,12,21,10,0,28,28,0,17,18,18,18,18,18,18,18,18,18,18,16,12,12,12,12,12,12,12,12,12,12,12");
tmap.push("12,12,12,12,12,12,12,12,12,12,12,21,10,0,28,28,0,22,23,23,23,23,23,14,12,12,12,12,12,12,12,12,12,12,12,12,12,12,12,12");
tmap.push("12,12,12,12,12,12,12,12,12,12,12,21,10,0,28,28,0,0,0,28,28,0,11,20,12,12,12,12,12,12,12,12,12,12,12,12,12,12,12,12");
tmap.push("12,12,12,12,12,12,12,12,12,12,12,21,10,0,28,28,0,0,0,28,28,0,11,20,12,12,12,12,12,12,12,12,12,12,12,12,12,12,12,12");
tmap.push("12,12,12,12,12,12,12,12,12,12,12,21,10,0,28,28,0,0,0,28,28,0,11,20,12,12,12,12,12,12,12,12,12,12,12,12,12,12,12,12");
tmap.push("12,12,12,12,12,12,12,12,12,12,12,21,10,0,28,28,0,0,0,28,28,0,11,20,12,12,12,12,12,12,12,12,12,12,12,12,12,12,12,12");
tmap.push("12,12,12,12,12,12,12,12,12,12,12,21,10,0,28,28,0,0,0,28,28,0,11,20,12,12,12,12,12,12,12,12,12,12,12,12,12,12,12,12");
tmap.push("12,12,12,12,12,12,12,12,12,12,12,15,18,18,18,18,18,19,0,28,28,0,11,20,12,12,12,12,12,12,12,12,12,12,12,12,12,12,12,12");
tmap.push("12,12,12,12,12,12,12,12,12,12,12,12,12,12,12,12,12,21,10,28,28,0,11,20,12,12,12,12,12,12,12,12,12,12,12,12,12,12,12,12");
tmap.push("12,12,12,12,12,12,12,12,12,12,12,12,12,12,12,12,12,21,10,28,28,0,11,20,12,12,12,12,12,12,12,12,12,12,12,12,12,12,12,12");
tmap.push("12,12,12,12,12,12,12,12,12,12,12,12,12,12,12,12,12,21,10,28,28,0,11,20,12,12,12,12,12,12,12,12,12,12,12,12,12,12,12,12");
tmap.push("12,12,12,12,12,12,12,12,12,12,12,12,12,12,12,12,12,21,10,28,28,0,11,20,12,12,12,12,12,12,12,12,12,12,12,12,12,12,12,12");
tmap.push("12,12,12,12,12,12,12,12,12,12,12,12,12,12,12,12,13,24,10,28,28,0,11,22,14,12,12,12,12,12,12,12,12,12,12,12,12,12,12,12");
tmap.push("12,12,12,12,12,12,12,12,12,12,12,12,12,12,12,12,21,10,0,28,28,0,0,11,20,12,12,12,12,12,12,12,12,12,12,12,12,12,12,12");
tmap.push("12,12,12,12,12,12,12,12,12,12,12,12,12,12,12,12,21,10,0,28,28,0,0,11,20,12,12,12,12,12,12,12,12,12,12,12,12,12,12,12");
tmap.push("12,12,12,12,12,12,12,12,12,12,12,12,12,12,12,12,21,10,0,28,28,0,0,11,20,12,12,12,12,12,12,12,12,12,12,12,12,12,12,12");
tmap.push("12,12,12,12,12,12,12,12,12,12,12,12,12,12,12,12,21,10,0,28,28,0,0,11,20,12,12,12,12,12,12,12,12,12,12,12,12,12,12,12");
tmap.push("12,12,12,12,12,12,12,12,12,12,12,12,12,12,12,12,21,10,0,28,28,0,0,11,20,12,12,12,12,12,12,12,12,12,12,12,12,12,12,12");
tmap.push("12,12,12,12,12,12,12,12,12,12,12,12,12,12,12,13,24,10,0,28,28,0,0,11,20,12,12,12,12,12,12,12,12,12,12,12,12,12,12,12");
tmap.push("12,12,12,12,12,12,12,12,12,12,12,12,12,12,12,21,10,0,0,28,28,0,11,17,16,12,12,12,12,12,12,12,12,12,12,12,12,12,12,12");
tmap.push("12,12,12,12,12,12,12,12,12,12,12,12,12,12,12,21,10,0,0,28,28,0,11,20,12,12,12,12,12,12,12,12,12,12,12,12,12,12,12,12");
tmap.push("12,12,12,12,12,12,12,12,12,12,12,12,12,12,12,21,10,0,0,28,28,0,11,20,12,12,12,12,12,12,12,12,12,12,12,12,12,12,12,12");
tmap.push("12,12,12,12,12,12,12,12,12,12,12,12,12,12,12,21,10,0,0,28,28,0,11,20,12,12,12,12,12,12,12,12,12,12,12,12,12,12,12,12");
tmap.push("12,12,12,12,12,12,12,12,12,12,12,12,12,12,12,21,10,0,0,28,28,0,11,20,12,12,12,12,12,12,12,12,12,12,12,12,12,12,12,12");
tmap.push("12,12,12,12,12,12,12,12,12,12,12,13,23,23,23,24,0,0,0,28,28,0,0,22,23,23,23,23,14,12,12,12,12,12,12,12,12,12,12,12");
tmap.push("12,12,12,12,12,12,12,12,12,12,12,21,10,0,28,28,0,0,0,28,28,0,0,0,28,28,0,11,20,12,12,12,12,12,12,12,12,12,12,12");
tmap.push("12,12,12,12,12,12,12,12,12,12,12,21,10,0,28,28,0,0,0,28,28,0,0,0,28,28,0,11,20,12,12,12,12,12,12,12,12,12,12,12");
tmap.push("12,12,12,12,12,12,12,12,12,12,12,21,10,0,28,28,0,0,0,28,28,0,0,0,28,28,0,11,20,12,12,12,12,12,12,12,12,12,12,12");
tmap.push("12,12,12,12,12,12,12,12,12,12,12,21,10,0,28,28,0,0,0,28,28,0,0,0,28,28,0,11,20,12,12,12,12,12,12,12,12,12,12,12");
tmap.push("12,12,12,12,12,12,12,12,12,12,12,21,10,0,28,28,11,17,18,18,18,18,19,10,28,28,0,11,20,12,12,12,12,12,12,12,12,12,12,12");
tmap.push("12,12,12,12,12,12,12,12,12,12,12,21,10,0,28,28,0,22,23,23,23,23,24,0,28,28,0,11,20,12,12,12,12,12,12,12,12,12,12,12");
tmap.push("12,12,12,12,12,12,12,12,12,12,12,21,10,0,28,28,0,0,0,28,28,0,0,0,28,28,0,11,20,12,12,12,12,12,12,12,12,12,12,12");
tmap.push("12,12,12,12,12,12,12,12,12,12,12,21,10,0,28,28,0,0,0,28,28,0,0,0,28,28,0,11,20,12,12,12,12,12,12,12,12,12,12,12");
tmap.push("12,12,12,12,12,12,12,12,12,12,12,21,10,0,28,28,0,0,0,28,28,0,0,0,28,28,0,11,20,12,12,12,12,12,12,12,12,12,12,12");
tmap.push("12,12,12,12,12,12,12,12,12,12,12,21,10,0,28,28,0,0,0,28,28,0,0,0,28,28,0,11,20,12,12,12,12,12,12,12,12,12,12,12");
tmap.push("12,12,12,12,12,12,12,12,12,12,12,21,10,0,28,28,0,0,0,28,28,0,0,0,28,28,0,11,20,12,12,12,12,12,12,12,12,12,12,12");
tmap.push("12,12,12,12,12,12,12,12,12,12,12,21,10,0,28,28,0,0,0,28,28,0,0,0,28,28,0,11,20,12,12,12,12,12,12,12,12,12,12,12");
tmap.push("12,12,12,12,12,12,12,12,12,12,12,15,18,18,18,18,19,10,0,28,28,0,11,17,18,18,18,18,16,12,12,12,12,12,12,12,12,12,12,12");
tmap.push("12,12,12,12,12,12,12,12,12,12,12,13,23,23,23,23,24,0,0,28,28,0,0,22,23,23,23,23,14,12,12,12,12,12,12,12,12,12,12,12");
tmap.push("12,12,12,12,12,12,12,12,12,12,12,21,10,0,28,28,0,0,0,28,28,0,0,0,28,28,0,11,20,12,12,12,12,12,12,12,12,12,12,12");
tmap.push("12,12,12,12,12,12,12,12,12,12,12,21,10,0,28,28,0,0,0,28,28,0,0,0,28,28,0,11,20,12,12,12,12,12,12,12,12,12,12,12");
tmap.push("12,12,12,12,12,12,12,12,12,12,12,21,10,0,28,28,0,0,0,28,28,0,0,0,28,28,0,11,20,12,12,12,12,12,12,12,12,12,12,12");
tmap.push("12,12,12,12,12,12,12,12,12,12,12,21,10,0,28,28,0,0,0,28,28,0,0,0,28,28,0,11,20,12,12,12,12,12,12,12,12,12,12,12");
tmap.push("12,12,12,12,12,12,12,12,12,12,12,21,10,0,28,28,0,0,0,28,28,0,0,0,28,28,0,11,20,12,12,12,12,12,12,12,12,12,12,12");
tmap.push("12,12,12,12,12,12,12,12,12,12,12,21,10,0,28,28,0,0,0,28,28,0,0,0,28,28,0,11,20,12,12,12,12,12,12,12,12,12,12,12");
tmap.push("12,12,12,12,12,12,12,12,12,12,12,21,10,0,28,28,0,11,17,18,18,19,10,0,28,28,0,11,20,12,12,12,12,12,12,12,12,12,12,12");
tmap.push("12,12,12,12,12,12,12,12,12,12,12,21,10,0,28,28,0,0,22,23,23,24,0,0,28,28,0,11,20,12,12,12,12,12,12,12,12,12,12,12");
tmap.push("12,12,12,12,12,12,12,12,12,12,12,21,10,0,28,28,0,0,0,28,28,0,0,0,28,28,0,11,20,12,12,12,12,12,12,12,12,12,12,12");
tmap.push("12,12,12,12,12,12,12,12,12,12,12,21,10,0,28,28,0,0,0,28,28,0,0,0,28,28,0,11,20,12,12,12,12,12,12,12,12,12,12,12");
tmap.push("12,12,12,12,12,12,12,12,12,12,12,21,10,0,28,28,0,0,0,28,28,0,0,0,28,28,0,11,20,12,12,12,12,12,12,12,12,12,12,12");
tmap.push("12,12,12,12,12,12,12,12,12,12,12,21,10,0,28,28,0,0,0,28,28,0,0,0,28,28,0,11,20,12,12,12,12,12,12,12,12,12,12,12");
tmap.push("12,12,12,12,12,12,12,12,12,12,12,15,18,18,19,28,0,0,0,28,28,0,0,0,28,17,18,18,16,12,12,12,12,12,12,12,12,12,12,12");
tmap.push("12,12,12,12,12,12,12,12,12,12,12,12,12,12,21,28,0,0,0,28,28,0,0,0,28,20,12,12,12,12,12,12,12,12,12,12,12,12,12,12");
tmap.push("12,12,12,12,12,12,12,12,12,12,12,12,12,12,21,28,0,0,0,28,28,0,0,0,28,20,12,12,12,12,12,12,12,12,12,12,12,12,12,12");
tmap.push("12,12,12,12,12,12,12,12,12,12,12,12,12,12,21,28,0,0,0,28,28,0,0,0,28,20,12,12,12,12,12,12,12,12,12,12,12,12,12,12");
tmap.push("12,12,12,12,12,12,12,12,12,12,12,12,12,12,21,28,0,0,0,28,28,0,0,0,28,20,12,12,12,12,12,12,12,12,12,12,12,12,12,12");
tmap.push("12,12,12,12,12,12,12,12,12,12,12,12,12,12,21,28,0,0,28,28,28,28,0,0,28,20,12,12,12,12,12,12,12,12,12,12,12,12,12,12");
tmap.push("12,12,12,12,12,12,12,12,12,12,12,12,12,12,15,18,18,19,28,28,28,28,17,18,18,16,12,12,12,12,12,12,12,12,12,12,12,12,12,12");
tmap.push("12,12,12,12,12,12,12,12,12,12,12,12,12,12,12,12,12,21,28,28,28,28,20,12,12,12,12,12,12,12,12,12,12,12,12,12,12,12,12,12");
tmap.push("12,12,12,12,12,13,23,23,23,23,23,23,23,23,23,23,23,24,28,28,28,28,20,12,12,12,12,12,12,12,12,12,12,12,12,12,12,12,12,12");
tmap.push("12,12,12,12,12,21,28,28,28,28,28,28,28,28,28,28,28,28,28,28,28,28,20,12,12,12,12,12,12,12,12,12,12,12,12,12,12,12,12,12");
tmap.push("12,12,12,12,12,21,28,28,28,28,28,28,28,28,28,28,28,28,28,28,28,28,20,12,12,12,12,12,12,12,12,12,12,12,12,12,12,12,12,12");
tmap.push("12,12,12,12,12,21,28,28,28,28,28,28,28,28,28,28,28,28,28,28,28,28,20,12,12,12,12,12,12,12,12,12,12,12,12,12,12,12,12,12");
tmap.push("12,12,12,12,12,21,28,28,28,17,18,18,18,18,18,18,18,18,18,18,18,18,16,12,12,12,12,12,12,12,12,12,12,12,12,12,12,12,12,12");
tmap.push("12,12,12,12,12,21,28,28,28,20,12,12,12,12,12,12,12,12,12,12,12,12,12,12,12,12,12,12,12,12,12,12,12,12,12,12,12,12,12,12");
tmap.push("12,12,12,12,12,21,28,28,28,20,12,12,12,12,12,12,12,13,23,23,23,23,23,23,23,23,23,23,14,12,12,12,12,12,12,12,12,12,12,12");
tmap.push("12,12,12,12,12,21,28,28,28,20,12,12,12,12,12,12,12,21,28,28,28,28,28,28,28,28,28,28,20,12,12,12,12,12,12,12,12,12,12,12");
tmap.push("12,12,12,12,12,21,28,28,28,20,12,12,12,12,12,12,12,21,28,28,28,28,28,28,28,28,28,28,20,12,12,12,12,12,12,12,12,12,12,12");
tmap.push("12,12,12,12,12,21,28,28,28,20,12,12,12,12,12,12,12,21,28,28,28,28,28,28,28,28,28,28,20,12,12,12,12,12,12,12,12,12,12,12");
tmap.push("12,12,12,12,12,21,28,28,28,20,12,12,12,12,13,23,23,24,0,0,0,0,0,0,28,28,28,28,20,12,12,12,12,12,12,12,12,12,12,12");
tmap.push("12,12,12,12,12,21,28,28,28,20,12,12,12,12,21,0,0,0,0,0,0,0,0,0,28,28,28,28,20,12,12,12,12,12,12,12,12,12,12,12");
tmap.push("12,12,12,12,12,21,28,28,28,20,12,12,12,12,21,0,0,0,0,0,0,0,0,0,0,0,28,28,20,12,12,12,12,12,12,12,12,12,12,12");
tmap.push("12,12,12,12,12,21,28,28,28,20,12,12,12,12,21,0,0,0,0,0,0,0,8,8,0,0,28,28,20,12,12,12,12,12,12,12,12,12,12,12");
tmap.push("12,12,12,12,12,21,28,28,28,20,12,13,23,23,24,0,0,0,0,0,0,8,17,19,0,0,28,28,20,12,12,12,12,12,12,12,12,12,12,12");
tmap.push("23,23,23,23,23,24,28,28,28,20,12,21,28,28,28,0,0,0,0,0,8,17,16,21,0,0,28,28,22,23,23,23,23,23,23,23,23,23,23,23");
tmap.push("28,28,28,28,28,28,28,28,28,20,12,21,28,28,28,0,0,0,0,8,17,16,12,21,0,0,28,28,28,28,28,28,28,28,28,28,28,28,28,28");
tmap.push("28,28,28,28,28,28,28,28,28,20,12,21,28,28,28,0,0,0,8,17,16,12,12,21,0,0,28,28,28,28,28,28,28,28,28,28,28,28,28,28");
tmap.push("28,28,28,28,28,28,28,28,28,20,12,21,28,28,28,0,0,8,17,16,12,12,12,21,0,0,28,28,28,28,28,28,28,28,28,28,28,28,28,28");
tmap.push("18,18,18,18,18,18,18,18,18,16,12,21,28,28,28,0,0,17,16,12,12,12,12,15,18,18,18,18,18,18,18,18,18,18,18,18,18,18,18,18");
tmap.push("12,12,12,12,12,12,12,12,12,12,12,21,28,28,28,0,0,22,14,12,12,12,12,12,12,12,12,12,12,12,12,12,12,12,12,12,12,12,12,12");
tmap.push("12,12,12,12,12,12,12,12,12,12,12,21,28,28,28,0,0,7,22,14,12,12,12,12,12,12,12,12,12,12,12,12,12,12,12,12,12,12,12,12");
tmap.push("12,12,12,12,12,12,12,12,12,12,12,21,28,28,28,0,0,28,7,22,14,12,12,12,12,12,12,12,12,12,12,12,12,12,12,12,12,12,12,12");
tmap.push("12,12,12,12,12,12,12,12,12,12,12,21,28,28,28,0,0,28,28,9,20,12,12,12,12,12,12,12,12,12,12,12,12,12,12,12,12,12,12,12");
tmap.push("12,12,12,12,12,12,12,12,12,12,12,21,28,28,28,0,0,28,28,0,20,12,12,12,12,12,12,12,12,12,12,12,12,12,12,12,12,12,12,12");
tmap.push("12,12,12,12,12,12,12,12,12,12,12,21,28,28,28,0,0,28,28,0,22,23,23,23,23,14,12,12,12,12,12,12,12,12,12,12,12,12,12,12");
tmap.push("12,12,12,12,12,12,12,12,12,12,12,21,28,28,28,0,0,28,28,0,28,28,0,28,28,20,12,12,12,12,12,12,12,12,12,12,12,12,12,12");
tmap.push("12,12,12,12,12,12,12,12,12,12,12,21,28,28,28,0,0,28,28,0,28,28,0,28,28,22,14,12,12,12,12,12,12,12,12,12,12,12,12,12");
tmap.push("12,12,12,12,12,12,12,12,12,12,12,21,28,28,28,0,0,28,28,0,28,28,0,28,28,7,22,14,12,12,12,12,12,12,12,12,12,12,12,12");
tmap.push("12,12,12,12,12,12,12,12,12,12,12,21,28,28,28,0,0,28,28,0,28,28,0,28,28,28,7,22,14,12,12,12,12,12,12,12,12,12,12,12");
tmap.push("12,12,12,12,12,12,12,12,12,12,12,21,28,28,28,0,0,28,28,0,28,28,0,28,28,28,28,7,20,12,12,12,12,12,12,12,12,12,12,12");
tmap.push("12,12,12,12,12,12,12,12,12,12,12,21,6,28,28,0,0,28,28,0,28,28,0,28,28,28,28,28,20,12,12,12,12,12,12,12,12,12,12,12");
tmap.push("12,12,12,12,12,12,12,12,12,12,12,15,19,6,28,0,0,17,18,19,28,28,0,28,28,28,28,28,20,12,12,12,12,12,12,12,12,12,12,12");
tmap.push("12,12,12,12,12,12,12,12,12,12,12,12,15,19,6,0,0,20,12,21,28,28,0,28,28,28,28,28,22,23,23,23,23,14,12,12,12,12,12,12");
tmap.push("12,12,12,12,12,12,12,12,12,12,12,12,12,15,19,8,0,20,12,21,28,28,0,28,28,28,28,28,28,28,0,0,0,20,12,12,12,12,12,12");
tmap.push("12,12,12,12,12,12,12,12,12,12,12,12,12,12,15,19,8,20,12,21,28,28,0,28,28,28,28,28,28,28,0,0,0,20,12,12,12,12,12,12");
tmap.push("12,12,12,12,12,12,12,12,12,12,12,12,12,12,12,15,18,16,12,21,28,28,0,28,28,28,0,0,0,0,0,0,0,22,14,12,12,12,12,12");
tmap.push("12,12,12,12,12,12,12,12,12,12,12,12,12,12,12,12,12,12,12,21,28,28,0,28,28,28,0,0,0,0,0,0,0,0,20,12,12,12,12,12");
tmap.push("12,12,12,12,12,12,12,12,12,12,12,12,12,12,12,12,12,12,12,21,6,28,0,28,28,28,0,0,0,0,0,0,0,0,20,12,12,12,12,12");
tmap.push("12,12,12,12,12,12,12,12,12,12,12,12,12,12,12,12,12,12,12,15,19,6,0,17,18,18,19,0,0,0,0,0,0,0,22,14,12,12,12,12");
tmap.push("12,12,12,12,12,12,12,12,12,12,12,12,12,12,12,12,12,12,12,12,15,19,8,20,12,12,21,0,0,0,0,0,0,0,28,20,12,12,12,12");
tmap.push("12,12,12,12,12,12,12,12,12,12,12,12,12,12,12,12,12,12,12,12,12,15,18,16,12,12,21,10,0,0,0,0,0,0,28,22,14,12,12,12");
tmap.push("12,12,12,12,12,12,12,12,12,12,12,12,12,12,12,12,12,12,12,12,12,12,12,12,12,12,21,10,0,0,0,0,0,0,28,28,20,12,12,12");
tmap.push("12,12,12,12,12,12,12,12,12,12,12,12,12,12,12,12,12,12,12,12,12,12,12,12,12,12,15,19,10,0,0,0,0,0,28,28,22,14,12,12");
tmap.push("12,12,12,12,12,12,12,12,12,12,12,12,12,12,12,12,12,12,12,12,12,12,12,12,12,12,12,21,10,0,0,0,0,0,28,28,28,20,12,12");
tmap.push("12,12,12,12,12,12,12,12,12,12,12,12,12,12,12,12,12,12,12,12,12,12,12,12,12,12,12,15,19,10,0,0,0,0,28,28,28,20,12,12");
tmap.push("12,12,12,12,12,12,12,12,12,12,12,12,12,12,12,12,12,12,12,12,12,12,12,12,12,12,12,12,21,10,0,0,0,0,28,28,28,20,12,12");
tmap.push("12,12,12,12,12,12,12,12,12,12,12,12,12,12,12,12,12,12,12,12,12,12,12,12,12,12,12,12,21,10,0,0,0,0,28,28,28,20,12,12");
tmap.push("12,12,12,12,12,12,12,12,12,12,12,12,12,12,12,12,12,12,12,12,12,12,12,12,12,12,12,13,24,10,0,0,0,28,28,28,28,20,12,12");
tmap.push("12,12,12,12,12,12,12,12,12,12,12,12,12,12,12,12,12,12,12,12,12,12,12,12,12,12,12,21,10,0,0,0,0,28,28,28,28,20,12,12");
tmap.push("12,12,12,12,12,12,12,12,12,12,12,12,12,12,12,12,12,12,12,12,12,12,12,12,12,12,13,24,10,0,0,0,28,28,28,28,17,16,12,12");
tmap.push("12,12,12,12,12,12,12,12,12,12,12,12,12,12,12,12,12,12,12,12,12,12,12,12,12,12,21,10,0,0,0,0,28,28,28,28,20,12,12,12");
tmap.push("12,12,12,12,12,12,12,12,12,12,12,12,12,12,12,12,12,12,12,12,12,12,12,12,12,13,24,10,0,0,0,28,28,28,28,17,16,12,12,12");
tmap.push("12,12,12,12,12,12,12,12,12,12,12,12,12,12,12,12,12,12,12,12,12,12,12,12,12,21,10,0,0,0,0,28,28,28,28,20,12,12,12,12");
tmap.push("12,12,12,12,12,12,12,12,12,12,12,12,12,12,12,12,12,13,23,23,23,23,23,23,23,24,0,0,0,0,28,28,28,28,17,16,12,12,12,12");
tmap.push("12,12,12,12,12,12,12,12,12,12,12,12,12,12,12,12,13,24,0,0,0,28,28,28,0,0,0,0,0,0,28,28,28,28,20,12,12,12,12,12");
tmap.push("12,12,12,12,12,12,12,12,12,12,12,12,12,12,12,13,24,7,0,0,0,28,28,28,0,0,0,0,28,28,28,28,28,17,16,12,12,12,12,12");
tmap.push("12,12,12,12,12,12,12,12,12,12,12,12,12,12,13,24,7,28,0,0,0,28,28,28,0,0,0,0,28,28,28,28,28,20,12,12,12,12,12,12");
tmap.push("12,12,12,12,12,12,12,12,12,12,12,12,12,13,24,7,28,28,0,0,0,28,28,28,0,0,0,0,28,28,28,28,17,16,12,12,12,12,12,12");
tmap.push("12,12,12,12,12,12,12,12,12,12,12,12,13,24,9,28,28,28,0,0,0,28,28,28,0,0,0,0,28,28,28,28,20,12,12,12,12,12,12,12");
tmap.push("12,12,12,12,12,12,12,12,12,12,12,12,21,9,0,28,28,28,0,0,0,28,28,28,0,0,0,0,28,28,28,17,16,12,12,12,12,12,12,12");
tmap.push("12,12,12,12,12,12,12,12,12,12,12,12,21,0,0,28,28,28,0,0,0,28,28,28,0,0,0,0,28,28,28,20,12,12,12,12,12,12,12,12");
tmap.push("12,12,12,12,12,12,12,12,13,23,23,23,24,0,0,28,28,28,0,0,0,28,28,28,0,0,0,17,18,18,18,16,12,12,12,12,12,12,12,12");
tmap.push("12,12,12,12,12,12,12,12,21,28,28,28,0,0,0,28,28,28,0,0,0,28,28,28,0,0,0,20,12,12,12,12,12,12,12,12,12,12,12,12");
tmap.push("12,12,12,12,12,12,12,12,21,28,28,28,0,0,0,28,28,28,0,0,0,28,28,28,0,0,8,20,12,12,12,12,12,12,12,12,12,12,12,12");
tmap.push("12,12,12,12,12,12,12,12,21,28,28,28,0,0,0,28,28,28,0,0,0,28,28,28,0,8,17,16,12,12,12,12,12,12,12,12,12,12,12,12");
tmap.push("12,12,12,12,12,12,12,12,21,28,28,28,0,0,0,28,28,28,0,0,0,28,28,28,8,17,16,12,12,12,12,12,12,12,12,12,12,12,12,12");
tmap.push("12,12,12,12,12,12,12,12,21,28,28,28,0,0,0,28,28,28,0,0,0,28,28,6,17,16,12,12,12,12,12,12,12,12,12,12,12,12,12,12");
tmap.push("12,12,12,12,12,12,12,12,21,28,28,28,0,0,0,28,28,28,0,0,0,28,6,17,16,12,12,12,12,12,12,12,12,12,12,12,12,12,12,12");
tmap.push("12,12,12,12,12,12,12,12,21,28,28,28,0,0,0,28,28,28,0,0,0,28,17,16,12,12,12,12,12,12,12,12,12,12,12,12,12,12,12,12");
tmap.push("12,12,12,12,12,12,12,12,21,28,28,28,0,0,17,18,18,18,18,18,18,18,16,12,12,12,12,12,12,12,12,12,12,12,12,12,12,12,12,12");
tmap.push("12,12,12,12,12,12,12,12,21,28,28,28,0,0,20,12,12,12,12,12,12,12,12,12,12,12,12,12,12,12,12,12,12,12,12,12,12,12,12,12");
tmap.push("12,12,12,12,12,12,12,12,21,28,28,28,0,0,20,12,12,12,12,12,12,12,12,12,12,12,12,12,12,12,12,12,12,12,12,12,12,12,12,12");
tmap.push("12,12,12,12,12,12,12,12,21,28,28,28,0,0,20,12,12,12,12,12,12,12,12,12,12,12,12,12,12,12,12,12,12,12,12,12,12,12,12,12");
tmap.push("12,12,12,12,12,12,12,12,21,28,28,28,0,0,20,12,12,12,12,12,12,12,12,12,12,12,12,12,12,12,12,12,12,12,12,12,12,12,12,12");
tmap.push("12,12,12,12,12,12,12,12,21,28,28,28,0,0,20,12,12,12,12,12,12,12,12,12,12,12,12,12,12,12,12,12,12,12,12,12,12,12,12,12");
tmap.push("12,12,12,12,12,12,12,12,21,28,28,28,0,0,20,12,12,12,12,12,12,12,12,12,12,12,12,12,12,12,12,12,12,12,12,12,12,12,12,12");
tmap.push("12,12,12,12,12,12,12,12,21,28,28,28,0,8,20,12,12,12,12,12,12,12,12,12,12,12,12,12,12,12,12,12,12,12,12,12,12,12,12,12");
tmap.push("12,12,12,12,12,12,12,12,21,28,28,28,8,17,16,12,12,12,12,12,12,12,12,12,12,12,12,12,12,12,12,12,12,12,12,12,12,12,12,12");
tmap.push("12,12,12,12,12,12,12,12,21,28,28,28,17,16,12,12,12,12,12,12,12,12,12,12,12,12,12,12,12,12,12,12,12,12,12,12,12,12,12,12");
tmap.push("12,12,12,12,12,12,12,12,21,28,28,28,20,12,12,12,12,12,12,12,12,12,12,12,12,12,12,12,12,12,12,12,12,12,12,12,12,12,12,12");
tmap.push("23,23,23,23,23,14,12,12,21,28,28,28,22,23,23,23,23,23,23,23,23,23,23,23,23,23,23,23,23,23,23,23,23,23,23,23,23,23,23,23");
tmap.push("28,28,28,28,28,20,12,12,21,28,28,28,28,28,28,28,28,28,28,28,28,28,28,28,28,28,28,28,28,28,28,28,28,28,28,28,28,28,28,28");
tmap.push("28,28,28,28,28,20,12,12,21,28,28,28,28,28,28,28,28,28,28,28,28,28,28,28,28,28,28,28,28,28,28,28,28,28,28,28,28,28,28,28");
tmap.push("28,28,28,28,28,20,12,12,21,28,28,28,28,28,28,28,28,28,28,28,28,28,28,28,28,28,28,28,28,28,28,28,28,28,28,28,28,28,28,28");
tmap.push("28,28,28,28,28,20,12,12,21,28,28,28,28,28,28,28,28,28,28,28,28,28,28,28,28,28,28,28,28,28,28,28,28,28,28,28,28,28,28,28");
tmap.push("18,19,28,28,28,20,12,12,15,18,18,18,18,18,18,18,18,18,18,18,18,18,18,18,18,18,18,18,18,18,18,18,18,18,18,18,18,18,18,18");
tmap.push("12,21,28,28,28,20,12,12,12,12,12,12,12,12,12,12,12,12,12,12,12,12,12,12,12,12,12,12,12,12,12,12,12,12,12,12,12,12,12,12");
tmap.push("23,24,28,28,28,22,23,23,23,23,23,23,23,23,23,23,23,23,23,23,23,23,23,23,23,23,23,23,23,23,23,23,23,23,23,23,23,23,23,23");
tmap.push("7,7,28,28,28,28,28,28,28,28,28,28,28,28,28,28,7,7,7,7,7,7,7,7,7,7,7,7,7,7,7,7,7,7,7,7,7,7,7,7");
tmap.push("28,28,28,28,28,28,28,28,28,28,28,28,28,28,28,28,28,28,28,28,28,28,28,28,28,28,28,28,28,28,28,28,28,28,28,28,28,28,28,28");
tmap.push("28,28,28,28,28,28,28,28,28,28,28,28,28,28,28,28,28,28,28,28,28,28,28,28,28,28,28,28,28,28,28,28,28,28,28,28,28,28,28,28");
tmap.push("28,28,28,28,28,28,28,28,28,28,28,28,28,28,28,28,28,28,28,28,28,28,28,28,28,28,28,28,28,28,28,28,28,28,28,28,28,28,28,28");
tmap.push("28,28,28,28,28,28,28,28,28,28,28,28,28,28,28,28,28,28,28,28,28,28,28,28,28,28,28,28,28,28,28,28,28,28,28,28,28,28,28,28");
tmap.push("28,28,28,28,0,0,0,0,0,0,0,0,0,0,0,0,0,0,0,0,0,0,0,0,0,0,0,0,0,0,0,0,0,28,28,28,28,28,28,28");
tmap.push("28,28,28,28,0,0,0,0,0,0,0,0,0,0,0,0,0,0,0,0,0,0,0,0,0,0,0,0,0,0,0,0,0,28,28,28,28,28,28,28");
tmap.push("28,28,0,0,0,0,0,8,8,8,0,0,0,0,0,0,0,0,0,0,0,0,0,0,0,0,0,0,0,0,0,0,0,0,0,28,28,28,28,28");
tmap.push("28,28,0,0,0,0,0,17,18,19,0,0,0,0,0,0,0,0,0,0,0,0,0,0,0,0,0,0,0,0,0,0,0,0,0,28,28,28,28,28");
tmap.push("0,0,0,0,0,0,0,22,23,24,0,0,0,0,0,0,0,0,0,0,0,0,0,0,0,0,0,0,0,0,0,0,0,0,0,0,0,0,0,0");
tmap.push("0,0,0,0,0,0,0,28,28,28,0,0,0,0,0,0,0,0,0,0,0,0,0,0,0,0,0,0,0,0,0,0,0,0,0,0,0,0,0,0");
tmap.push("0,0,0,0,0,0,0,28,28,28,0,0,0,0,0,0,0,0,0,0,0,0,0,0,0,0,0,0,0,0,0,0,0,0,0,0,0,0,0,0");
tmap.push("0,0,0,0,0,0,0,28,28,28,0,0,0,0,0,0,0,0,0,0,0,0,0,0,0,0,0,0,0,0,0,0,0,0,0,0,0,0,0,0");
tmap.push("0,8,8,8,0,0,0,28,28,28,0,0,0,0,0,0,0,0,0,0,0,0,0,0,0,0,0,0,0,0,0,0,0,0,0,0,0,0,0,0");
tmap.push("0,17,18,19,0,0,0,0,28,28,0,0,0,0,0,0,0,0,0,0,0,0,0,0,0,0,0,0,0,0,0,0,0,0,0,0,0,0,0,0");
tmap.push("0,22,23,24,0,0,0,0,28,28,0,0,0,0,0,0,0,0,0,0,0,0,0,0,0,0,0,0,0,0,0,0,0,0,0,0,0,0,0,0");
tmap.push("0,28,28,28,0,0,0,0,28,28,0,0,0,0,0,0,0,0,0,0,0,0,0,0,0,0,0,0,0,0,0,0,0,0,0,0,0,0,0,0");
tmap.push("0,28,28,28,0,0,0,0,28,28,0,0,0,0,0,0,0,0,0,0,0,0,0,0,0,0,0,0,0,0,0,0,0,0,0,0,0,0,0,0");
tmap.push("0,28,28,28,0,0,0,0,28,28,0,0,0,0,0,0,0,0,0,0,0,0,0,0,0,0,0,0,0,0,0,0,0,0,0,0,0,0,0,0");
tmap.push("0,28,28,28,0,0,0,0,28,28,0,0,0,0,0,0,0,0,0,0,0,0,0,0,0,0,0,0,0,0,0,0,0,0,0,8,8,8,0,0");
tmap.push("0,0,28,28,0,0,0,0,0,0,0,0,0,0,0,0,0,0,0,0,0,0,0,0,0,0,0,0,0,0,0,0,0,0,0,17,18,19,0,0");
tmap.push("0,0,28,28,0,0,0,0,0,0,0,0,0,0,0,0,0,0,0,0,0,0,0,0,0,0,0,0,0,0,0,0,0,0,0,22,23,24,0,0");
tmap.push("0,0,28,28,0,0,0,0,0,0,0,0,0,0,0,0,0,0,0,0,0,0,0,0,0,0,0,0,0,0,0,0,0,0,0,28,28,28,0,0");
tmap.push("0,0,28,28,0,0,0,0,0,0,0,0,0,0,0,0,0,0,0,0,0,0,0,0,0,0,0,0,0,0,0,0,0,0,0,28,28,28,0,0");
tmap.push("0,0,28,28,0,0,0,0,0,0,0,0,0,0,0,0,0,0,0,0,0,0,0,0,0,0,0,0,0,0,0,0,0,0,0,28,28,28,0,0");
tmap.push("0,0,28,28,0,0,0,0,0,0,0,0,0,0,0,0,0,0,0,0,0,0,0,0,0,0,0,0,0,8,8,8,0,0,0,28,28,28,0,0");
tmap.push("0,0,0,0,0,0,0,0,0,0,0,0,0,0,0,0,0,0,0,0,0,0,0,0,0,0,0,0,0,17,18,19,0,0,0,0,28,28,0,0");
tmap.push("0,0,0,0,0,0,0,0,0,0,0,0,0,0,0,0,0,0,0,0,0,0,0,0,0,0,0,0,0,22,23,24,0,0,0,0,28,28,0,0");
tmap.push("0,0,0,0,0,0,0,0,0,0,0,0,0,0,0,0,0,0,0,0,0,0,0,0,0,0,0,0,0,28,28,28,0,0,0,0,28,28,0,0");
tmap.push("0,0,0,0,0,0,0,0,0,0,0,0,0,0,0,0,0,0,0,0,0,0,0,0,0,0,0,0,0,28,28,28,0,0,0,0,28,28,0,0");
tmap.push("0,0,0,0,0,0,0,0,0,0,0,0,0,0,0,0,0,0,0,0,0,0,0,0,0,0,0,0,0,28,28,28,0,0,0,0,28,28,0,0");
tmap.push("0,0,0,0,0,0,0,0,0,0,0,0,0,0,0,0,0,0,0,0,0,0,0,0,0,0,0,0,0,28,28,28,0,0,0,0,28,28,0,0");
tmap.push("0,0,0,0,0,0,0,0,0,0,0,0,0,0,0,0,0,0,0,0,0,0,0,0,0,0,0,0,0,0,28,28,0,0,0,0,0,0,0,0");
tmap.push("0,0,0,0,0,0,0,8,8,8,8,8,8,8,8,0,0,0,0,0,0,0,0,0,0,0,0,0,0,0,28,28,0,0,0,0,0,0,0,0");
tmap.push("0,0,0,0,0,0,0,17,18,18,18,18,18,18,19,10,0,0,0,0,0,0,0,0,0,0,0,0,0,0,28,28,0,0,0,0,0,0,0,0");
tmap.push("0,0,0,0,0,0,0,22,23,23,23,23,23,23,24,10,0,0,0,0,0,0,0,0,0,0,28,28,0,0,28,28,0,0,0,0,0,0,0,0");
tmap.push("0,0,0,0,0,0,0,7,7,7,7,28,28,28,28,0,0,0,0,0,0,0,0,0,0,0,28,28,0,0,28,28,0,0,0,0,0,0,0,0");
tmap.push("0,0,0,0,0,0,0,28,28,28,28,28,28,28,28,0,0,0,0,0,0,0,0,28,28,28,28,28,0,0,28,28,0,0,0,0,0,0,0,0");
tmap.push("0,0,0,0,0,0,0,28,28,28,28,28,28,28,28,0,0,0,0,0,0,0,0,28,28,28,28,28,0,0,0,0,0,0,0,0,0,0,0,0");
tmap.push("0,0,0,0,0,0,0,28,28,28,28,28,28,28,28,0,0,0,0,0,0,28,28,28,28,28,28,28,0,0,0,0,0,0,0,0,0,0,0,0");
tmap.push("0,0,0,0,0,0,0,0,0,28,28,28,28,28,28,0,0,0,0,0,0,28,28,28,28,28,28,28,0,0,0,0,0,0,0,0,0,0,0,0");
tmap.push("0,0,0,0,0,0,0,0,0,28,28,28,28,28,28,0,0,0,0,0,0,28,28,28,28,28,28,28,0,0,0,0,0,0,0,0,0,0,0,0");
tmap.push("0,0,0,0,0,0,0,0,0,0,0,28,28,28,28,0,0,0,0,28,28,28,28,28,28,28,28,28,0,0,0,0,0,0,0,0,0,0,0,0");
tmap.push("0,0,0,0,0,0,0,0,0,0,0,28,28,28,28,0,0,0,0,28,28,28,28,28,28,28,28,28,0,0,0,0,0,0,0,0,0,0,0,0");
tmap.push("0,0,0,0,0,0,0,0,0,0,0,0,0,28,28,0,0,0,0,28,28,28,28,28,28,28,28,28,0,0,0,0,0,0,0,0,0,0,0,0");
tmap.push("0,0,0,0,0,0,0,0,0,0,0,0,0,28,28,0,0,0,0,28,28,28,28,28,6,6,6,6,0,0,0,0,0,0,0,0,0,0,0,0");
tmap.push("0,0,0,0,0,0,0,0,0,0,0,0,0,0,0,0,0,0,11,17,18,18,18,18,18,18,18,19,0,0,0,0,0,0,0,0,0,0,0,0");
tmap.push("0,0,0,0,0,0,0,0,0,0,0,0,0,0,0,0,0,0,11,22,23,23,23,23,23,23,23,24,0,0,0,0,0,0,0,0,0,0,0,0");
tmap.push("0,0,0,0,0,0,0,0,0,0,0,0,0,0,0,0,0,0,0,28,28,28,28,28,7,7,7,7,0,0,0,0,0,0,0,0,0,0,0,0");
tmap.push("0,0,0,0,0,0,0,0,0,0,0,0,0,0,0,0,0,0,0,28,28,28,28,28,28,28,28,28,0,0,0,0,0,0,0,0,0,0,0,0");
tmap.push("0,0,0,0,0,0,0,0,0,0,0,0,0,0,0,0,0,0,0,28,28,28,28,28,28,28,28,28,0,0,0,0,0,0,0,0,0,0,0,0");
tmap.push("0,0,0,0,0,0,0,0,0,0,0,0,0,0,0,0,0,0,0,28,28,28,28,28,28,28,28,28,0,0,0,0,0,0,0,0,0,0,0,0");
tmap.push("0,0,0,0,0,0,0,0,0,0,0,0,0,0,0,0,0,0,0,0,28,28,28,28,28,28,28,28,0,0,0,0,0,0,0,0,0,0,0,0");
tmap.push("0,0,0,0,0,0,0,0,0,0,0,0,0,0,0,0,0,0,0,0,28,28,28,28,28,28,28,28,0,0,0,0,0,0,0,0,0,0,0,0");
tmap.push("0,0,0,0,0,0,0,0,0,0,0,0,0,0,0,0,0,0,0,0,28,28,28,28,28,28,28,28,0,0,0,0,0,0,0,0,0,0,0,0");
tmap.push("0,0,0,0,0,0,0,0,0,0,0,0,0,0,0,0,0,0,0,0,28,28,28,28,28,28,28,28,0,0,0,0,0,0,0,0,0,0,0,0");
tmap.push("0,0,0,0,0,0,0,0,0,0,0,0,0,0,17,18,19,0,0,0,0,0,28,28,28,28,28,28,0,0,0,0,0,0,0,0,0,0,0,0");
tmap.push("0,0,0,0,0,0,0,0,0,0,0,0,0,0,22,23,24,0,0,0,0,0,28,28,28,28,28,28,0,0,0,0,0,0,0,0,0,0,0,0");
tmap.push("0,0,0,0,0,0,0,0,0,0,0,0,0,0,7,7,7,0,0,0,0,0,0,0,0,0,0,0,0,0,0,0,0,0,0,0,0,0,0,0");
tmap.push("0,0,0,0,0,0,0,0,0,0,0,0,0,0,28,28,28,0,0,0,0,0,0,0,0,0,0,0,0,0,0,0,0,0,0,0,0,0,0,0");
tmap.push("0,0,0,0,0,0,0,0,0,0,0,0,0,0,28,28,28,0,0,0,0,0,0,0,0,0,0,0,0,0,0,0,0,0,0,0,0,0,0,0");
tmap.push("0,0,0,0,0,0,0,0,0,0,0,0,0,0,28,28,28,0,0,0,0,0,0,0,0,0,8,8,8,8,0,0,0,0,0,0,0,0,0,0");
tmap.push("0,0,0,0,0,0,0,0,0,0,0,0,0,0,0,28,28,0,0,0,0,0,0,0,0,0,17,18,18,19,0,0,0,0,0,0,0,0,0,0");
tmap.push("0,0,0,0,0,0,0,0,0,0,0,0,0,0,0,28,28,0,0,0,0,0,0,0,0,0,22,23,23,24,0,0,0,0,0,0,0,0,0,0");
tmap.push("0,0,0,0,0,0,0,0,0,0,0,0,0,0,0,0,0,0,0,0,0,0,0,0,0,0,28,28,28,28,0,0,0,0,0,0,0,0,0,0");
tmap.push("0,0,0,0,0,0,0,0,0,0,0,0,0,0,0,0,0,0,0,0,0,0,0,0,0,0,28,28,28,28,0,0,0,0,0,0,0,0,0,0");
tmap.push("8,8,0,0,0,0,0,0,0,0,0,0,0,0,0,0,0,0,0,0,0,0,0,0,0,0,28,28,28,28,0,0,8,8,8,8,8,8,8,8");
tmap.push("18,19,0,0,0,0,0,0,0,0,0,0,0,0,0,0,0,0,0,0,0,0,0,0,0,0,28,28,28,28,0,0,17,18,18,18,18,18,18,18");
tmap.push("12,21,8,8,8,8,8,8,0,0,0,0,0,0,0,0,0,0,0,0,0,0,0,0,0,0,28,28,28,28,0,0,22,23,23,23,23,23,14,12");
tmap.push("12,15,18,18,18,18,18,19,0,0,0,0,0,0,0,0,0,0,0,0,0,0,0,0,0,0,28,28,28,28,0,0,28,28,28,28,28,28,20,12");
tmap.push("12,12,12,12,12,12,12,21,8,8,8,0,0,0,0,0,0,0,0,0,0,0,0,0,0,0,28,28,28,28,0,0,28,28,28,28,28,28,20,12");
tmap.push("12,12,12,12,12,12,12,15,18,18,19,0,0,0,0,0,0,0,0,0,0,0,0,0,0,0,28,28,28,28,0,0,28,28,28,28,28,28,20,12");
tmap.push("23,23,14,12,12,12,12,12,12,12,21,0,0,0,0,0,0,0,0,0,0,0,0,0,0,0,28,28,28,28,0,0,28,28,28,28,28,28,22,23");
tmap.push("28,28,20,12,12,12,12,12,12,12,21,0,0,0,0,0,0,0,0,0,0,0,0,0,0,0,0,0,28,28,0,0,0,0,28,28,28,28,28,28");
tmap.push("28,28,22,23,23,23,23,14,12,12,21,0,0,0,0,0,0,0,0,0,0,0,0,0,0,0,0,0,28,28,0,0,0,0,28,28,28,28,28,28");
tmap.push("28,28,28,28,28,28,28,20,12,12,21,0,0,0,0,0,0,0,0,0,0,0,0,0,0,0,0,0,28,28,0,0,0,0,0,0,28,28,28,28");
tmap.push("28,28,28,28,28,28,28,20,12,12,21,0,0,0,0,0,0,0,0,0,0,0,0,0,0,0,0,0,28,28,0,0,0,0,0,0,28,28,28,28");
tmap.push("28,28,28,28,28,28,28,20,12,12,21,0,0,0,0,0,0,0,0,0,0,0,0,0,0,0,0,0,28,28,0,0,0,0,0,0,0,0,28,28");
tmap.push("28,28,28,28,28,28,28,22,23,23,24,0,0,0,0,0,0,0,0,0,0,0,0,0,0,0,0,0,28,28,0,0,0,0,0,0,0,0,28,28");
tmap.push("0,0,0,0,0,28,28,28,28,28,28,0,0,0,0,0,0,0,0,0,0,0,0,0,0,0,0,0,0,0,0,0,0,0,0,0,0,0,0,0");
tmap.push("0,0,0,0,0,28,28,28,28,28,28,0,0,0,0,0,0,0,0,0,0,0,0,0,0,0,0,0,0,0,0,0,0,0,0,0,0,0,0,0");
tmap.push("0,0,0,0,0,0,0,28,28,28,28,0,0,0,0,0,0,0,0,0,0,0,0,0,0,0,0,0,0,0,0,0,0,0,0,0,0,0,0,0");
tmap.push("0,0,0,0,0,0,0,28,28,28,28,0,0,0,0,0,0,0,0,0,0,0,0,0,0,0,0,0,0,0,0,0,0,0,0,0,0,0,0,0");
tmap.push("0,0,0,0,0,0,0,28,28,28,28,0,0,0,0,0,0,0,0,0,0,0,0,0,0,0,0,0,0,0,0,0,0,0,0,0,0,0,0,0");
tmap.push("0,0,0,0,0,0,0,28,28,28,28,0,0,0,0,0,0,0,0,0,0,0,0,0,0,0,0,0,0,0,0,0,0,0,0,0,0,0,0,0");
tmap.push("8,8,8,0,0,0,0,0,0,28,28,0,0,0,0,0,0,0,0,0,0,0,0,0,0,0,0,0,0,0,0,0,0,0,0,0,0,8,8,8");
tmap.push("18,18,19,0,0,0,0,0,0,0,0,0,0,0,0,0,0,0,0,0,0,0,0,0,0,0,0,0,0,0,0,0,0,0,0,0,0,17,18,18");
tmap.push("12,12,21,0,0,0,0,0,0,0,0,0,0,0,0,0,0,0,0,8,8,8,8,8,8,8,0,0,0,0,0,0,0,0,0,0,0,20,12,12");
tmap.push("12,12,21,28,28,0,0,0,0,0,0,0,0,0,0,0,0,0,0,17,18,18,18,18,18,19,0,0,0,0,0,0,0,0,0,0,0,20,12,12");
tmap.push("12,12,21,28,28,0,0,0,0,0,0,0,0,0,0,0,0,0,0,22,23,23,23,23,23,24,0,0,0,0,0,0,0,0,0,0,0,20,12,12");
tmap.push("12,12,21,28,28,28,28,28,28,0,0,0,0,0,0,0,0,0,0,28,28,28,28,28,28,28,0,0,0,0,0,0,0,0,0,0,0,20,12,12");
tmap.push("12,12,21,28,28,28,28,28,28,0,0,0,0,0,0,0,0,0,0,28,28,28,28,28,28,28,0,0,0,0,0,0,0,0,0,0,0,20,12,12");
tmap.push("12,12,21,28,28,28,28,28,28,28,28,0,0,0,0,0,0,0,0,28,28,28,28,28,28,28,0,0,0,0,0,0,0,0,0,0,0,20,12,12");
tmap.push("12,12,21,6,6,6,6,6,6,28,28,0,0,0,0,0,0,0,0,0,0,28,28,28,28,28,0,0,0,0,0,0,0,0,0,0,0,20,12,12");
tmap.push("12,12,15,18,18,18,18,18,19,28,28,0,0,0,0,0,0,0,0,0,0,28,28,28,28,28,0,0,0,0,0,8,8,8,8,8,8,20,12,12");
tmap.push("12,12,12,12,12,12,12,12,21,28,28,0,0,0,0,0,0,0,0,0,0,0,0,28,28,28,0,0,0,0,0,17,18,18,18,18,18,16,12,12");
tmap.push("12,12,12,12,12,12,12,12,21,0,0,0,0,0,0,0,0,0,0,0,0,0,0,28,28,28,0,0,0,0,0,20,12,12,12,12,12,12,12,12");
tmap.push("12,12,12,12,12,12,12,12,21,0,0,0,0,0,0,0,0,0,0,0,0,0,0,0,0,0,0,0,0,8,8,20,12,12,12,12,12,12,12,12");
tmap.push("12,12,12,12,12,12,12,12,21,0,0,0,0,0,0,0,0,0,0,0,0,0,0,0,0,0,0,28,28,17,18,16,12,12,12,12,12,12,12,12");
tmap.push("12,12,12,12,12,12,12,12,21,0,0,0,0,0,0,0,0,0,0,0,0,0,0,0,0,0,0,28,28,22,23,14,12,12,12,12,12,12,12,12");
tmap.push("12,12,12,12,12,12,12,12,21,0,0,0,0,0,0,0,0,0,0,0,0,0,0,0,0,0,0,28,28,28,28,20,12,12,12,12,12,12,12,12");
tmap.push("12,12,12,12,12,12,12,12,21,0,0,0,0,0,0,0,0,0,0,0,0,0,0,0,0,0,0,28,28,28,28,20,12,12,12,12,12,12,12,12");
tmap.push("12,12,12,12,12,12,12,12,21,0,0,0,0,0,0,0,0,0,0,0,0,0,0,0,0,0,0,0,0,0,0,20,12,12,12,12,12,12,12,12");
tmap.push("12,12,12,12,12,12,12,12,21,0,0,0,0,0,0,0,0,0,0,0,0,0,0,0,0,0,0,0,0,0,0,20,12,12,12,12,12,12,12,12");
tmap.push("12,12,12,12,12,12,12,12,21,0,0,0,0,0,0,0,0,0,0,0,0,0,0,0,0,0,0,0,0,0,0,20,12,12,12,12,12,12,12,12");
tmap.push("12,12,12,12,12,12,12,12,21,0,0,0,0,0,0,0,0,0,0,0,0,0,0,0,0,0,0,0,0,0,0,20,12,12,12,12,12,12,12,12");
tmap.push("12,12,12,12,12,12,12,12,21,0,0,0,0,0,0,0,0,0,0,0,0,0,0,0,0,0,0,0,0,0,0,20,12,12,12,12,12,12,12,12");
tmap.push("12,12,12,12,12,12,12,12,21,0,0,0,0,0,0,0,0,0,0,28,28,28,28,28,28,28,0,0,0,0,0,20,12,12,12,12,12,12,12,12");
tmap.push("12,12,12,12,12,12,12,12,21,0,0,0,0,0,0,0,0,0,0,0,28,28,28,28,28,28,0,0,0,0,0,20,12,12,12,12,12,12,12,12");
tmap.push("12,12,12,12,12,12,12,12,21,0,0,0,0,0,0,0,0,0,0,0,0,28,28,28,28,28,0,0,0,0,0,20,12,12,12,12,12,12,12,12");
tmap.push("12,12,12,12,12,12,12,12,21,0,0,0,0,0,0,0,0,0,0,0,0,28,28,28,28,28,0,0,0,0,0,20,12,12,12,12,12,12,12,12");
tmap.push("12,12,12,12,12,12,12,12,21,0,0,0,0,0,0,0,0,0,0,0,28,28,28,28,28,28,0,0,0,0,0,20,12,12,12,12,12,12,12,12");
tmap.push("12,12,12,12,12,12,12,12,21,0,0,0,0,0,0,0,0,0,0,28,28,28,0,0,28,28,0,0,0,0,0,20,12,12,12,12,12,12,12,12");
tmap.push("12,12,12,12,12,12,12,12,21,0,0,0,0,0,0,0,0,0,28,28,28,0,0,0,0,28,0,0,0,0,0,20,12,12,12,12,12,12,12,12");
tmap.push("12,12,12,12,12,12,12,12,21,0,0,0,0,0,0,0,0,28,28,28,0,0,0,0,0,0,0,0,0,28,28,20,12,12,12,12,12,12,12,12");
tmap.push("12,12,12,12,12,12,12,12,21,0,0,0,0,0,0,0,28,28,28,0,0,0,0,0,0,0,0,0,0,28,28,20,12,12,12,12,12,12,12,12");
tmap.push("12,12,12,12,12,12,12,12,21,0,0,0,0,0,0,28,28,28,0,0,0,0,0,0,0,0,0,0,0,28,28,20,12,12,12,12,12,12,12,12");
tmap.push("12,12,12,12,12,12,12,12,21,0,0,0,0,0,0,28,28,0,0,0,0,0,0,0,0,0,0,0,0,28,28,20,12,12,12,12,12,12,12,12");
tmap.push("12,12,12,12,12,12,12,12,21,0,0,0,0,0,0,0,0,0,0,0,0,0,0,0,0,0,0,0,0,28,28,20,12,12,12,12,12,12,12,12");
tmap.push("12,12,12,12,12,12,12,12,21,0,0,0,0,0,0,0,0,0,0,0,0,0,0,0,0,0,0,0,0,28,28,20,12,12,12,12,12,12,12,12");
tmap.push("12,12,12,12,12,12,12,12,21,0,0,0,0,0,0,0,0,0,0,0,0,0,0,0,0,0,0,28,28,28,28,20,12,12,12,12,12,12,12,12");
tmap.push("12,12,12,12,12,12,12,12,21,0,0,0,0,0,0,0,0,0,0,0,0,0,0,0,0,0,0,28,28,28,28,20,12,12,12,12,12,12,12,12");
tmap.push("12,12,12,12,12,12,12,12,21,0,0,0,0,0,0,0,0,0,0,0,0,0,0,0,0,0,0,28,28,28,28,20,12,12,12,12,12,12,12,12");
tmap.push("12,12,12,12,12,12,12,12,21,0,0,0,0,0,0,0,0,0,0,0,0,0,0,0,0,0,0,28,28,28,28,20,12,12,12,12,12,12,12,12");
tmap.push("12,12,12,12,12,12,12,12,21,0,0,0,0,0,0,0,0,0,0,0,0,0,0,0,0,28,28,28,28,28,28,20,12,12,12,12,12,12,12,12");
tmap.push("12,12,12,12,12,12,12,12,21,8,8,0,0,0,0,0,0,0,0,0,0,0,0,0,0,28,28,28,28,28,28,20,12,12,12,12,12,12,12,12");
tmap.push("12,12,12,12,12,12,12,12,15,18,19,0,0,0,0,0,0,0,0,0,0,0,0,0,0,28,28,28,28,28,28,20,12,12,12,12,12,12,12,12");
tmap.push("12,12,12,12,12,12,12,12,13,23,24,0,0,0,0,0,0,0,0,0,0,0,0,0,0,28,28,28,28,28,28,20,12,12,12,12,12,12,12,12");
tmap.push("12,12,12,12,12,12,12,12,21,0,0,0,0,0,0,0,0,0,0,0,0,0,0,28,28,28,28,28,28,28,28,20,12,12,12,12,12,12,12,12");
tmap.push("12,12,12,12,12,12,12,12,21,0,0,0,0,0,0,0,0,0,0,0,0,0,0,28,28,28,28,28,28,28,28,20,12,12,12,12,12,12,12,12");
tmap.push("12,12,12,12,12,12,12,12,21,0,0,0,0,0,0,0,0,0,0,0,0,0,0,28,28,28,28,28,28,28,28,20,12,12,12,12,12,12,12,12");
tmap.push("12,12,12,12,12,12,12,12,21,0,0,0,0,0,0,0,0,0,0,0,0,0,0,28,28,28,28,28,28,28,28,20,12,12,12,12,12,12,12,12");
tmap.push("12,12,12,12,12,12,12,12,21,0,0,0,0,0,0,0,0,0,0,0,0,28,28,28,28,28,28,28,28,28,28,20,12,12,12,12,12,12,12,12");
tmap.push("12,12,12,12,12,12,12,12,21,0,0,0,0,0,0,0,0,0,0,0,0,28,28,28,28,28,28,28,28,28,28,20,12,12,12,12,12,12,12,12");
tmap.push("12,12,12,12,12,12,12,12,21,0,0,0,0,0,0,0,0,0,0,0,0,28,28,28,28,28,28,28,28,28,28,20,12,12,12,12,12,12,12,12");
tmap.push("12,12,12,12,12,12,12,12,21,0,0,0,0,0,0,0,0,0,0,0,0,28,28,28,28,28,28,28,28,28,28,20,12,12,12,12,12,12,12,12");
tmap.push("12,12,12,12,12,12,12,12,21,0,0,0,0,0,0,0,0,0,0,28,28,28,28,28,28,28,28,28,28,28,28,20,12,12,12,12,12,12,12,12");
tmap.push("12,12,12,12,12,12,12,12,21,8,8,0,0,0,0,0,0,0,0,28,28,28,28,28,28,28,28,28,28,28,28,20,12,12,12,12,12,12,12,12");
tmap.push("12,12,12,12,12,12,12,12,15,18,19,0,0,0,0,0,0,0,0,28,28,28,28,28,28,28,28,28,28,28,28,20,12,12,12,12,12,12,12,12");
tmap.push("12,12,12,12,12,12,12,12,13,23,24,0,0,0,0,0,0,0,0,28,28,28,28,28,28,28,28,28,28,28,28,20,12,12,12,12,12,12,12,12");
tmap.push("12,12,12,12,12,12,12,12,21,0,0,0,0,0,8,8,8,8,8,6,6,6,6,6,6,6,6,6,6,6,6,20,12,12,12,12,12,12,12,12");
tmap.push("12,12,12,12,12,12,12,12,21,0,0,0,0,0,17,18,18,18,18,18,18,18,18,18,18,18,18,18,18,18,18,16,12,12,12,12,12,12,12,12");
tmap.push("12,12,12,12,12,12,12,12,21,0,0,0,0,0,20,12,12,12,12,12,12,12,12,12,12,12,12,12,12,12,12,12,12,12,12,12,12,12,12,12");
tmap.push("12,12,12,12,12,12,12,12,21,0,0,0,0,0,20,12,12,12,12,12,12,12,12,12,12,12,12,12,12,12,12,12,12,12,12,12,12,12,12,12");
tmap.push("12,12,12,12,12,12,12,12,21,0,0,0,0,0,20,12,12,12,12,12,12,12,12,12,12,12,12,12,12,12,12,12,12,12,12,12,12,12,12,12");
tmap.push("12,12,12,12,12,12,12,12,21,0,0,0,0,0,20,12,12,12,12,12,12,12,12,12,12,12,12,12,12,12,12,12,12,12,12,12,12,12,12,12");
tmap.push("12,12,12,12,12,12,12,12,21,0,0,0,0,0,20,12,12,12,12,12,12,12,12,12,12,12,12,12,12,12,12,12,12,12,12,12,12,12,12,12");
tmap.push("12,12,12,12,12,12,12,12,21,0,0,0,0,0,20,12,12,12,12,12,12,12,12,12,12,12,12,12,12,12,12,12,12,12,12,12,12,12,12,12");
tmap.push("12,12,12,12,12,12,12,12,21,0,0,0,0,0,20,12,12,12,12,12,12,12,12,12,12,12,12,12,12,12,12,12,12,12,12,12,12,12,12,12");
tmap.push("12,12,12,12,12,12,12,12,21,8,8,0,0,0,20,12,12,12,12,12,12,12,12,12,12,12,12,12,12,12,12,12,12,12,12,12,12,12,12,12");
tmap.push("12,12,12,12,12,12,12,12,15,18,19,0,0,0,20,12,12,12,12,12,12,12,12,12,12,12,12,12,12,12,12,12,12,12,12,12,12,12,12,12");
tmap.push("12,12,12,12,12,12,12,12,13,23,24,0,0,0,20,12,12,12,12,12,12,12,12,12,12,12,12,12,12,12,12,12,12,12,12,12,12,12,12,12");
tmap.push("12,12,12,12,12,12,12,12,21,0,0,0,0,0,20,12,12,12,12,12,12,12,12,12,12,12,12,12,12,12,12,12,12,12,12,12,12,12,12,12");
tmap.push("12,12,12,12,12,12,12,12,21,0,0,0,0,0,20,12,12,12,12,12,12,12,12,12,12,12,12,12,12,12,12,12,12,12,12,12,12,12,12,12");
tmap.push("12,12,12,12,12,12,12,12,21,0,0,0,0,0,20,12,12,12,12,12,12,12,12,12,12,12,12,12,12,12,12,12,12,12,12,12,12,12,12,12");
tmap.push("12,12,12,12,12,12,12,12,21,0,0,0,0,0,20,12,12,12,12,12,12,12,12,12,12,12,12,12,12,12,12,12,12,12,12,12,12,12,12,12");
tmap.push("12,12,12,12,12,12,12,12,21,0,0,0,0,0,20,12,12,12,12,12,12,12,12,12,12,12,12,12,12,12,12,12,12,12,12,12,12,12,12,12");
tmap.push("12,12,12,12,12,12,12,12,21,0,0,0,0,0,20,12,12,12,12,12,12,12,12,12,12,12,12,12,12,12,12,12,12,12,12,12,12,12,12,12");
tmap.push("12,12,12,12,12,12,12,12,21,0,0,0,0,0,20,12,12,12,12,12,12,12,12,12,12,12,12,12,12,12,12,12,12,12,12,12,12,12,12,12");
tmap.push("12,12,12,12,12,12,12,12,21,0,0,0,8,8,20,12,12,12,12,12,12,12,12,12,12,12,12,12,12,12,12,12,12,12,12,12,12,12,12,12");
tmap.push("12,12,12,12,12,12,12,12,21,0,0,0,17,18,16,12,12,12,12,12,12,12,12,12,12,12,12,12,12,12,12,12,12,12,12,12,12,12,12,12");
tmap.push("12,13,23,23,23,23,23,14,21,0,0,0,20,12,12,12,13,23,14,12,12,12,12,12,12,12,12,12,12,12,12,12,12,12,12,12,12,12,12,12");
tmap.push("12,21,9,9,9,9,9,20,21,0,0,0,20,12,12,12,21,9,22,14,12,12,12,12,12,12,12,12,12,12,12,12,12,12,12,12,12,12,12,12");
tmap.push("12,21,0,0,0,0,0,20,21,0,0,0,20,12,12,12,21,0,9,22,14,12,12,12,12,12,12,12,12,12,12,12,12,12,12,12,12,12,12,12");
tmap.push("12,21,0,0,0,0,0,20,21,0,0,0,22,23,23,23,24,0,0,9,22,14,12,12,12,12,12,12,12,12,12,12,12,12,12,12,12,12,12,12");
tmap.push("12,21,0,0,0,0,0,20,21,0,0,0,0,0,0,0,0,0,0,0,9,20,12,12,12,12,12,12,12,12,12,12,12,13,23,23,23,23,14,12");
tmap.push("23,24,0,0,0,0,0,20,21,0,0,0,0,0,0,0,0,0,0,0,0,20,12,12,12,12,12,12,12,12,12,12,12,21,0,0,0,0,22,23");
tmap.push("0,0,0,0,0,0,0,20,21,0,0,0,0,0,0,0,0,0,0,0,0,20,12,12,12,12,12,12,12,12,12,12,12,21,0,0,0,0,0,0");
tmap.push("0,0,0,0,0,0,0,22,24,0,0,0,0,0,0,0,0,0,0,0,0,22,23,23,23,23,14,12,12,12,12,12,12,21,0,0,0,0,0,0");
tmap.push("0,0,0,0,0,0,0,0,0,0,0,0,0,0,0,0,0,0,0,0,0,0,0,0,0,0,20,12,12,12,12,12,12,21,0,0,0,0,0,0");
tmap.push("18,18,18,19,0,0,0,0,0,0,0,0,0,0,0,0,0,0,0,0,0,0,0,0,0,0,20,12,12,12,12,12,12,15,19,0,0,17,18,18");
tmap.push("12,12,12,21,0,0,0,0,0,0,0,0,0,0,0,0,0,0,0,0,0,0,0,0,0,0,20,12,12,12,12,12,12,13,24,0,0,20,12,12");
tmap.push("12,12,12,15,18,18,18,18,18,18,18,19,0,0,0,0,0,0,0,0,0,0,0,0,0,0,20,12,12,12,12,12,12,21,0,0,0,20,12,12");
tmap.push("12,12,12,12,12,12,12,12,12,12,12,21,0,0,0,0,0,0,0,0,0,0,0,0,0,0,20,12,12,12,12,12,12,21,0,0,0,20,12,12");
tmap.push("12,12,12,12,12,12,12,12,12,12,12,21,8,0,0,0,0,0,0,0,0,0,0,0,0,0,22,23,23,23,23,14,12,21,0,0,0,20,12,12");
tmap.push("12,12,12,12,12,12,12,12,12,12,12,15,19,8,0,0,0,0,0,0,0,0,0,0,0,0,0,0,0,0,11,20,12,21,0,0,17,16,12,12");
tmap.push("12,12,12,12,12,12,12,12,12,12,12,12,15,19,8,0,0,17,18,18,18,19,0,0,0,0,0,0,0,0,11,20,12,21,0,0,22,23,23,14");
tmap.push("12,12,12,12,12,12,12,12,12,12,12,12,12,15,19,8,0,20,12,12,12,21,0,0,0,0,0,0,0,0,11,20,12,21,0,0,0,0,0,20");
tmap.push("12,12,12,12,12,12,12,12,12,12,12,12,12,12,15,19,8,20,12,12,12,21,8,8,8,8,0,0,0,0,11,20,12,21,0,0,0,0,0,20");
tmap.push("12,12,12,12,12,12,12,12,12,12,12,12,12,12,12,15,18,16,12,12,12,15,18,18,18,19,10,0,0,0,11,20,12,21,0,0,0,0,0,20");
tmap.push("23,23,23,23,14,12,12,12,12,12,12,12,12,12,12,12,12,12,12,12,12,12,12,12,12,21,10,0,0,0,11,20,12,21,0,0,0,0,0,22");
tmap.push("9,9,9,9,22,14,12,12,12,12,12,12,12,12,12,12,12,12,12,12,12,12,12,12,12,21,10,0,0,0,11,20,12,21,0,0,0,0,0,9");
tmap.push("0,0,0,0,11,22,14,12,12,12,12,12,12,12,12,12,12,12,12,12,12,12,12,12,12,21,10,0,0,0,11,20,12,21,0,0,0,0,0,0");
tmap.push("0,0,0,0,0,11,20,12,12,12,12,12,12,12,12,12,12,12,12,12,12,12,12,12,12,21,10,0,0,0,11,20,12,15,18,18,19,0,0,0");
tmap.push("0,0,0,0,0,11,22,14,12,12,12,12,12,12,12,12,12,12,12,12,12,12,12,12,12,21,10,0,0,0,11,20,12,12,12,13,24,0,0,0");
tmap.push("0,0,0,0,0,0,11,20,12,13,23,23,23,23,23,23,23,23,14,12,12,12,12,12,12,21,10,0,0,0,11,20,12,12,13,24,0,0,0,0");
tmap.push("0,0,0,0,0,0,11,20,13,24,9,9,9,9,9,9,9,9,20,12,12,12,12,12,12,21,10,0,0,0,11,20,12,12,21,10,0,0,0,0");
tmap.push("0,0,0,0,0,0,11,20,21,10,0,0,0,0,0,0,0,0,20,12,12,12,12,12,12,21,10,0,0,0,11,20,12,12,21,10,0,0,0,0");
tmap.push("0,0,0,0,0,0,11,20,21,10,0,0,0,0,0,0,0,0,22,23,23,23,23,23,23,24,10,0,0,0,11,20,12,12,21,10,0,0,0,0");
tmap.push("0,0,0,0,0,0,11,20,21,10,0,0,0,0,0,0,0,0,0,0,0,0,0,0,0,0,0,0,0,0,11,20,12,12,21,10,0,0,0,0");
tmap.push("0,0,0,0,0,0,11,20,21,10,0,0,0,0,0,0,0,0,0,0,0,0,0,0,0,0,0,0,0,0,11,20,12,12,21,10,0,0,0,0");
tmap.push("0,0,0,0,0,0,11,20,21,10,0,0,0,0,0,0,0,0,0,0,0,0,0,0,0,0,0,0,0,0,11,20,12,12,21,10,0,0,0,0");
tmap.push("0,0,0,0,0,0,11,20,21,10,0,0,0,28,28,28,28,28,28,28,0,0,0,0,0,0,0,0,0,0,11,20,12,12,21,10,0,0,0,0");
tmap.push("0,0,0,0,0,0,11,20,21,10,0,0,0,28,28,28,28,28,28,28,0,0,0,0,0,0,0,0,0,0,17,16,12,12,21,10,0,0,0,0");
tmap.push("0,0,0,0,0,0,11,20,21,10,0,28,28,28,28,28,28,28,28,28,0,0,17,18,18,18,18,18,18,18,16,12,12,12,21,10,0,0,0,0");
tmap.push("0,0,0,0,0,0,17,16,21,10,0,28,28,28,28,28,28,28,28,28,0,0,20,12,12,12,12,12,12,12,12,12,12,12,21,10,0,0,0,0");
tmap.push("0,0,0,0,0,17,16,12,21,10,0,28,28,28,28,28,28,28,28,28,0,0,20,12,12,12,12,12,12,12,12,12,12,12,21,10,0,0,0,0");
tmap.push("0,0,0,0,0,22,14,12,15,19,8,6,6,6,6,6,6,6,28,28,0,0,20,12,12,12,12,12,12,12,12,12,12,12,21,10,0,0,0,0");
tmap.push("0,0,0,0,0,0,22,14,12,15,18,18,18,18,18,18,18,19,28,28,0,0,20,12,12,12,12,12,12,12,12,12,12,12,21,10,0,0,0,0");
tmap.push("0,0,0,0,0,0,11,20,12,12,12,12,12,12,12,12,12,21,28,28,0,0,20,12,12,12,12,12,12,12,12,12,12,12,21,10,0,0,0,0");
tmap.push("0,0,0,0,0,0,11,20,12,12,12,12,12,12,12,12,12,21,28,28,0,0,20,12,12,12,12,12,12,12,12,12,12,12,21,10,0,0,0,0");
tmap.push("0,0,0,0,0,0,11,20,12,12,12,12,12,12,12,12,12,21,28,28,0,0,20,12,12,12,12,12,12,12,12,12,12,12,21,10,0,0,0,0");
tmap.push("0,0,0,0,0,0,11,20,12,12,12,12,12,12,12,12,12,21,0,0,0,0,20,12,12,12,12,12,12,12,12,12,12,12,21,10,0,0,0,0");
tmap.push("0,0,0,0,0,0,11,20,12,12,12,12,12,12,12,12,12,21,0,0,0,0,20,12,12,12,12,12,12,12,12,12,12,12,21,10,0,0,0,0");
tmap.push("0,0,0,0,0,0,11,20,12,12,12,12,12,13,23,23,23,24,0,0,0,0,20,12,12,12,12,12,12,12,12,12,12,12,21,10,0,0,0,0");
tmap.push("0,0,0,0,0,0,11,20,12,13,23,23,23,24,28,28,0,0,0,0,0,0,20,12,12,12,12,12,12,12,12,12,12,12,15,19,0,0,0,0");
tmap.push("0,0,0,0,0,0,11,20,12,21,28,28,28,28,28,28,0,0,0,0,0,0,20,12,12,12,12,12,12,12,12,12,12,12,12,15,18,19,0,0");
tmap.push("18,18,19,0,0,0,11,20,12,21,28,28,28,28,28,28,0,0,0,0,0,0,20,12,12,12,12,12,12,13,23,23,23,23,14,12,12,15,18,18");
tmap.push("12,12,21,0,0,0,11,20,12,21,28,28,28,28,28,28,28,28,0,0,0,0,20,12,12,12,12,12,12,21,28,28,28,28,22,23,23,23,14,12");
tmap.push("23,23,24,0,0,0,11,20,12,21,28,28,28,28,28,28,28,28,0,0,0,0,20,12,12,12,12,12,12,21,28,28,28,28,0,0,0,0,22,23");
tmap.push("0,0,0,0,0,0,11,20,12,21,28,28,28,28,17,18,18,19,0,0,0,0,20,12,12,12,12,12,12,21,28,28,28,28,0,0,0,0,0,0");
tmap.push("0,0,0,0,0,0,11,20,12,21,28,28,28,28,20,12,12,15,18,18,18,18,16,12,12,12,12,12,12,21,28,28,28,28,0,0,0,0,0,0");
tmap.push("0,0,0,0,0,0,11,20,12,21,28,28,28,28,20,12,12,12,12,12,12,12,12,12,12,12,12,12,12,21,28,28,28,28,0,0,0,0,0,0");
tmap.push("0,0,0,0,0,0,11,20,12,21,28,28,28,28,22,23,23,23,14,12,12,12,12,12,12,12,12,12,12,21,28,28,28,28,0,0,0,0,0,0");
tmap.push("0,0,0,0,0,0,11,20,12,21,28,28,28,28,28,28,28,28,22,23,23,23,14,12,12,12,12,12,12,21,28,28,28,28,0,0,0,0,0,0");
tmap.push("0,0,0,0,0,0,11,20,12,21,28,28,28,28,28,28,28,28,28,28,0,0,22,23,23,23,14,12,12,21,28,28,28,28,17,18,18,19,0,0");
tmap.push("18,19,0,0,0,0,11,20,12,21,28,28,28,28,28,28,28,28,28,28,0,0,0,0,0,0,20,12,12,21,28,28,28,28,20,12,12,15,18,18");
tmap.push("12,15,18,18,18,18,18,16,12,21,28,28,28,28,28,28,28,28,28,28,0,0,0,0,0,0,20,12,12,21,28,28,28,28,20,12,12,12,12,12");
tmap.push("12,12,12,12,12,12,12,12,12,21,28,28,28,28,28,28,28,28,28,28,0,0,0,0,0,0,20,12,12,21,28,28,28,28,22,23,23,23,14,12");
tmap.push("23,23,14,12,12,12,12,12,12,15,18,18,18,19,28,28,28,28,28,28,0,0,0,0,0,0,20,12,12,21,28,28,28,28,0,0,0,0,22,23");
tmap.push("0,0,22,23,23,23,14,12,12,12,12,12,12,21,28,28,28,28,6,6,8,8,0,0,0,0,20,12,12,21,28,28,28,28,0,0,0,0,0,0");
tmap.push("0,0,0,0,0,0,22,23,23,23,14,12,12,21,28,28,28,28,17,18,18,19,0,0,0,0,20,12,12,21,28,28,28,28,0,0,0,0,0,0");
tmap.push("0,0,0,0,0,0,0,0,28,28,22,23,23,24,28,28,28,28,20,12,12,21,0,0,0,0,20,12,12,21,28,28,28,28,0,0,0,0,0,0");
tmap.push("0,0,0,0,0,0,0,0,28,28,28,28,28,28,28,28,28,28,20,12,12,21,0,0,0,0,20,12,12,21,6,6,6,6,0,0,0,0,0,0");
tmap.push("0,0,0,0,0,0,0,0,28,28,28,28,28,28,28,28,28,28,20,12,12,21,28,28,0,0,20,12,12,15,18,18,18,19,8,8,8,8,0,0");
tmap.push("8,8,0,0,0,0,0,0,28,28,28,28,28,28,28,28,28,28,20,12,12,21,28,28,0,0,20,12,12,12,12,12,12,15,18,18,18,19,8,8");
tmap.push("18,19,8,8,8,8,0,0,28,28,28,28,28,28,28,28,28,28,20,12,12,21,28,28,0,0,22,23,23,23,14,12,12,12,12,12,12,15,18,18");
tmap.push("12,15,18,18,18,19,0,0,28,28,28,28,28,28,28,28,28,28,20,12,12,21,28,28,0,0,0,0,0,0,22,23,23,23,14,12,12,12,12,12");
tmap.push("12,12,12,12,12,15,18,18,18,19,28,28,28,28,28,28,28,28,20,12,12,21,28,28,0,0,0,0,0,0,28,28,28,28,22,23,23,23,14,12");
tmap.push("12,12,12,12,12,12,12,12,12,15,18,18,18,19,28,28,28,28,20,12,12,21,28,28,0,0,0,0,0,0,28,28,28,28,28,28,28,28,20,12");
tmap.push("12,12,12,12,12,12,12,12,12,12,12,12,12,15,18,18,18,18,16,12,12,21,28,28,0,0,0,0,0,0,0,0,28,28,28,28,28,28,20,12");
tmap.push("12,12,12,12,12,12,12,12,12,12,12,12,12,12,12,12,12,12,12,12,12,21,6,6,8,8,0,0,0,0,0,0,28,28,28,28,28,28,20,12");
tmap.push("12,12,12,12,12,12,12,12,12,12,12,12,12,12,12,12,12,12,12,12,12,15,18,18,18,19,8,8,8,8,0,0,28,28,28,28,28,28,20,12");
tmap.push("12,12,12,12,12,12,12,12,12,12,12,12,12,12,12,12,12,12,12,12,12,12,12,12,12,15,18,18,18,19,0,0,28,28,28,28,28,28,20,12");
tmap.push("12,12,12,12,12,12,12,12,12,12,12,12,12,12,12,12,12,12,12,12,12,12,12,12,12,12,12,12,12,15,18,18,18,19,28,28,28,28,20,12");
tmap.push("12,12,12,12,12,12,12,12,12,12,12,12,12,12,12,12,12,12,12,12,12,12,12,12,12,12,12,12,12,12,12,12,12,21,28,28,28,28,20,12");
tmap.push("12,12,12,12,12,12,12,12,12,12,12,12,12,12,12,12,12,12,12,12,12,12,12,12,12,12,12,12,12,12,12,12,12,21,28,28,28,28,20,12");
tmap.push("12,12,12,12,12,12,12,12,12,12,12,12,12,12,12,12,12,12,12,12,12,12,12,12,12,12,12,12,12,12,12,12,12,21,28,28,28,28,20,12");
tmap.push("12,12,12,12,12,12,12,12,12,12,12,12,12,12,12,12,12,12,12,12,12,12,12,12,12,12,12,12,12,12,12,12,12,21,28,28,28,28,20,12");
tmap.push("23,23,23,23,23,23,23,23,23,23,23,23,23,23,23,23,23,23,23,23,23,23,23,23,23,23,23,23,23,23,23,23,14,21,28,28,28,28,22,23");
tmap.push("0,0,0,0,0,0,0,0,0,0,0,0,0,0,28,28,28,28,28,28,28,28,28,28,28,28,28,0,0,0,0,11,20,21,28,28,28,28,0,0");
tmap.push("0,0,0,0,0,0,0,0,0,0,0,0,0,0,28,28,28,28,28,28,28,28,28,28,28,28,28,0,0,0,0,11,20,21,28,28,28,28,0,0");
tmap.push("0,0,0,0,0,0,0,0,0,0,0,0,0,0,28,28,28,28,28,28,28,28,28,28,28,28,28,28,28,0,0,11,20,21,28,28,28,28,0,0");
tmap.push("0,0,0,0,0,0,0,0,0,0,0,0,0,0,28,28,28,28,28,28,28,28,28,28,28,28,28,28,28,0,0,11,20,21,28,28,28,28,0,0");
tmap.push("18,18,18,18,18,18,18,18,18,18,18,18,18,18,18,18,18,18,18,18,18,18,18,18,18,18,19,28,28,0,0,11,20,15,18,18,18,18,18,18");
tmap.push("12,12,12,13,23,23,23,23,23,23,23,23,23,23,23,23,23,23,23,23,23,23,23,23,23,23,24,28,28,0,0,11,20,12,12,12,12,12,12,12");
tmap.push("12,12,12,21,10,0,0,0,0,0,0,0,0,0,28,28,28,28,28,28,28,28,28,28,28,28,28,28,28,0,0,11,20,12,12,12,12,12,12,12");
tmap.push("12,12,12,21,10,0,0,0,0,0,0,0,0,0,28,28,28,28,28,28,28,28,28,28,28,28,28,28,28,0,0,11,20,12,12,12,12,12,12,12");
tmap.push("12,12,12,21,10,0,0,0,0,0,0,0,0,0,28,28,28,28,28,28,28,28,28,28,28,28,28,28,28,0,0,11,20,12,12,12,12,12,12,12");
tmap.push("12,12,12,21,10,0,0,0,0,0,0,0,0,0,28,28,28,28,28,28,28,28,28,28,28,28,28,28,28,0,0,11,20,12,12,12,12,12,12,12");
tmap.push("12,12,12,21,10,0,0,0,0,17,18,18,18,18,18,18,18,18,18,18,18,18,18,18,18,18,18,18,18,18,18,18,16,12,12,12,12,12,12,12");
tmap.push("12,12,12,21,10,0,0,0,0,22,23,23,23,23,23,23,23,23,23,23,23,23,23,23,23,23,23,23,23,23,23,23,14,12,12,12,12,12,12,12");
tmap.push("12,12,12,21,10,0,0,0,0,0,0,0,28,28,28,28,28,28,28,28,28,28,28,28,28,28,0,0,0,0,0,11,20,12,12,12,12,12,12,12");
tmap.push("12,12,12,21,10,0,0,0,0,0,0,0,28,28,28,28,28,28,28,28,28,28,28,28,28,28,0,0,0,0,0,11,20,12,12,12,12,12,12,12");
tmap.push("12,12,12,21,10,0,0,0,0,0,0,0,28,28,28,28,28,28,28,28,28,28,28,28,28,28,0,0,0,0,0,11,20,12,12,12,12,12,12,12");
tmap.push("12,12,12,21,10,0,0,0,0,0,0,0,28,28,28,28,28,28,28,28,28,28,28,28,28,28,0,0,0,0,0,11,20,12,12,12,12,12,12,12");
tmap.push("12,12,12,15,18,18,18,18,18,18,18,18,18,18,18,18,18,18,18,18,18,18,18,18,18,18,19,0,0,0,0,11,20,12,12,12,12,12,12,12");
tmap.push("12,12,12,12,12,12,12,13,23,23,23,23,23,23,23,23,23,23,23,23,23,23,23,23,23,23,24,0,0,0,0,11,20,12,12,12,12,12,12,12");
tmap.push("12,12,12,12,12,12,12,21,10,0,0,0,0,0,0,0,28,28,28,28,28,28,0,0,0,0,0,0,0,0,0,11,20,12,12,12,12,12,12,12");
tmap.push("12,12,12,12,12,12,12,21,10,0,0,0,0,0,0,0,28,28,28,28,28,28,0,0,0,0,0,0,0,0,0,11,20,12,12,12,12,12,12,12");
tmap.push("12,12,12,12,12,12,12,21,10,0,0,0,0,0,0,0,0,0,0,0,0,0,0,0,0,0,0,0,0,0,0,11,20,12,12,12,12,12,12,12");
tmap.push("12,12,12,12,12,12,12,21,10,0,0,0,0,0,0,0,0,0,0,0,0,0,0,0,0,0,0,0,0,0,0,11,20,12,12,12,12,12,12,12");
tmap.push("12,12,12,12,12,12,12,21,10,0,0,0,0,17,18,18,18,18,18,18,18,18,18,18,18,18,18,18,18,18,18,18,16,12,12,12,12,12,12,12");
tmap.push("12,12,12,12,12,12,12,21,10,0,0,0,0,22,23,23,23,23,23,23,23,23,23,23,23,23,23,14,12,12,12,12,12,12,12,12,12,12,12,12");
tmap.push("12,12,12,12,12,12,12,21,10,0,0,0,0,0,0,0,28,28,28,28,28,28,28,28,28,28,28,20,12,12,12,12,12,12,12,12,12,12,12,12");
tmap.push("12,12,12,12,12,12,12,21,10,0,0,0,0,0,0,0,28,28,28,28,28,28,28,28,28,28,28,20,12,12,12,12,12,12,12,12,12,12,12,12");
tmap.push("12,12,12,12,12,12,12,21,10,0,0,0,0,0,0,0,0,0,28,28,28,28,28,28,28,28,28,20,12,12,12,12,12,12,12,12,12,12,12,12");
tmap.push("12,12,12,12,12,12,12,21,10,0,0,0,0,0,0,0,0,0,28,28,28,28,28,28,28,28,28,20,12,12,12,12,12,12,12,12,12,12,12,12");
tmap.push("12,12,12,12,12,12,12,15,18,18,18,18,18,18,18,18,18,18,18,18,18,18,19,28,28,28,28,20,12,12,12,12,12,12,12,12,12,12,12,12");
tmap.push("12,12,12,12,12,12,12,12,12,12,12,12,13,23,23,23,23,23,23,23,23,23,24,28,28,28,28,20,12,12,12,12,12,12,12,12,12,12,12,12");
tmap.push("12,12,12,12,12,12,12,12,12,12,12,12,21,0,0,0,0,0,0,0,28,28,28,28,28,28,28,20,12,12,12,12,12,12,12,12,12,12,12,12");
tmap.push("12,12,12,12,12,12,12,12,12,12,12,12,21,0,0,0,0,0,0,0,28,28,28,28,28,28,28,20,12,12,12,12,12,12,12,12,12,12,12,12");
tmap.push("12,12,12,12,12,12,12,12,12,12,12,12,21,0,0,0,0,0,0,0,0,0,28,28,28,28,28,20,12,12,12,12,12,12,12,12,12,12,12,12");
tmap.push("12,12,12,12,12,12,12,12,12,12,12,12,21,0,0,0,0,0,0,0,0,0,28,28,28,28,28,20,12,12,12,12,12,12,12,12,12,12,12,12");
tmap.push("12,12,12,12,12,12,12,12,12,12,12,12,21,0,0,0,0,17,18,18,18,18,18,18,18,18,18,16,12,12,12,12,12,12,12,12,12,12,12,12");
tmap.push("12,12,12,12,12,12,12,12,12,12,12,12,21,0,0,0,0,22,23,23,23,23,14,12,12,12,12,12,12,12,12,12,12,12,12,12,12,12,12,12");
tmap.push("12,12,12,12,12,12,12,12,12,12,12,12,21,0,0,0,0,0,0,0,0,0,20,12,12,12,12,12,12,12,12,12,12,12,12,12,12,12,12,12");
tmap.push("12,12,12,12,12,12,12,12,12,12,12,12,21,0,0,0,0,0,0,0,0,0,20,12,12,12,12,12,12,12,12,12,12,12,12,12,12,12,12,12");
tmap.push("12,12,12,12,12,12,12,12,12,12,12,12,21,0,0,0,0,0,0,0,0,0,20,12,12,12,12,12,12,12,12,12,12,12,12,12,12,12,12,12");
tmap.push("12,12,12,12,12,12,12,12,12,12,12,12,21,0,0,0,0,0,0,0,0,0,22,23,23,23,23,23,23,14,12,12,12,12,12,12,12,12,12,12");
tmap.push("12,12,12,12,12,12,12,12,12,12,12,12,21,0,0,0,0,0,0,0,0,0,0,0,0,0,0,0,0,20,12,12,12,12,12,12,12,12,12,12");
tmap.push("12,12,12,12,12,12,12,12,12,12,12,12,21,0,0,0,0,0,0,0,0,0,0,0,0,0,0,0,0,20,12,12,12,12,12,12,12,12,12,12");
tmap.push("12,12,12,12,12,12,12,12,12,12,12,12,21,0,0,0,0,0,0,0,0,0,0,0,0,0,0,0,0,20,12,12,12,12,12,12,12,12,12,12");
tmap.push("12,12,12,12,12,12,12,12,12,12,12,12,21,0,0,0,0,0,0,0,0,0,0,0,0,0,0,0,0,20,12,12,12,12,12,12,12,12,12,12");
tmap.push("12,12,12,12,12,12,12,12,12,12,12,12,21,0,0,0,0,0,0,0,0,0,0,0,0,0,0,0,0,20,12,12,12,12,12,12,12,12,12,12");
tmap.push("12,12,12,12,12,12,12,12,12,12,12,12,21,0,0,0,0,0,0,0,0,0,0,0,0,0,0,0,0,22,23,23,14,12,12,12,12,12,12,12");
tmap.push("12,12,12,12,12,12,12,12,12,12,12,12,21,0,0,0,0,0,0,0,0,0,0,0,0,0,0,0,0,0,0,0,20,12,12,12,12,12,12,12");
tmap.push("12,12,12,12,12,12,12,12,12,12,12,12,21,0,0,0,0,0,0,0,0,0,0,0,0,0,0,0,0,0,0,0,20,12,12,12,12,12,12,12");
tmap.push("12,12,12,12,12,12,12,12,12,12,12,12,21,0,0,0,0,0,0,0,0,0,0,0,0,0,0,0,0,0,0,0,20,12,12,12,12,12,12,12");
tmap.push("12,12,12,12,12,12,12,12,12,12,12,12,21,0,0,0,0,0,0,0,0,0,0,0,0,0,0,0,0,0,0,0,20,12,12,12,12,12,12,12");
tmap.push("12,13,23,23,23,23,23,23,23,23,23,23,24,0,0,0,0,0,0,0,0,0,0,0,0,0,0,0,0,0,0,0,20,12,12,12,12,12,12,12");
tmap.push("12,21,28,28,28,28,28,28,28,28,28,28,0,0,0,0,0,0,0,0,0,0,0,0,0,0,0,0,0,0,0,0,20,12,12,12,12,12,12,12");
tmap.push("12,21,28,28,28,28,28,28,28,28,28,28,0,0,0,0,0,0,0,0,0,0,0,0,0,0,0,0,0,0,0,0,20,12,12,12,12,12,12,12");
tmap.push("12,21,28,28,28,28,28,28,28,28,28,28,28,28,0,0,0,0,0,0,0,0,0,0,0,0,0,0,0,0,0,0,20,12,12,12,12,12,12,12");
tmap.push("12,21,28,28,28,28,28,28,28,28,28,28,28,28,0,0,0,0,0,0,0,0,0,0,0,0,0,0,0,0,0,0,20,12,12,12,12,12,12,12");
tmap.push("12,21,28,28,28,28,6,6,6,6,6,6,6,6,8,8,8,0,0,0,0,0,0,0,0,0,0,0,0,0,0,0,20,12,12,12,12,12,12,12");
tmap.push("12,21,28,28,28,28,17,18,18,18,18,18,18,18,18,18,19,0,0,0,0,0,0,17,18,18,19,0,0,0,0,0,20,12,12,12,12,12,12,12");
tmap.push("12,21,28,28,28,28,20,12,12,12,12,12,12,12,12,12,21,0,0,0,0,0,0,22,23,23,24,0,0,0,0,0,20,12,12,12,12,12,12,12");
tmap.push("12,21,28,28,28,28,20,12,13,23,23,23,23,23,23,23,24,0,0,0,0,0,0,0,0,0,0,0,0,0,0,0,20,12,12,12,12,12,12,12");
tmap.push("12,21,28,28,28,28,20,12,21,28,28,28,28,28,28,28,0,0,0,0,0,0,0,0,0,0,0,0,0,0,0,0,20,12,12,12,12,12,12,12");
tmap.push("12,21,28,28,28,28,20,12,21,28,28,28,28,28,28,28,0,0,0,0,0,0,0,0,0,0,0,0,0,0,0,0,20,12,12,12,12,12,12,12");
tmap.push("12,21,28,28,28,28,20,12,21,28,28,28,28,28,28,28,28,28,28,28,28,28,0,0,0,0,0,0,0,0,0,0,20,12,12,12,12,12,12,12");
tmap.push("12,21,28,28,28,28,20,12,21,28,28,28,28,28,28,28,28,28,28,28,28,28,0,0,0,0,0,0,0,0,17,18,16,12,12,12,12,12,12,12");
tmap.push("12,21,28,28,28,28,20,12,21,28,28,28,28,28,28,28,28,28,28,28,28,28,28,28,0,0,0,0,0,0,22,23,23,23,23,23,14,12,12,12");
tmap.push("12,21,28,28,28,28,20,12,21,28,28,28,28,28,28,28,28,28,6,6,6,6,28,28,0,0,0,0,0,0,0,0,0,0,0,0,20,12,12,12");
tmap.push("12,21,28,28,28,28,20,12,21,28,28,28,28,28,28,28,28,28,17,18,18,19,28,28,0,0,0,0,0,0,0,0,0,0,0,0,20,12,12,12");
tmap.push("12,21,28,28,28,28,20,12,21,28,28,28,28,28,28,28,28,28,22,23,23,24,28,28,0,0,0,0,0,0,0,0,0,0,0,0,20,12,12,12");
tmap.push("12,21,28,28,28,28,20,12,21,28,28,28,28,28,28,28,28,28,28,28,28,28,28,28,0,0,0,0,0,0,0,0,0,0,0,0,20,12,12,12");
tmap.push("12,21,28,28,28,28,20,12,21,28,28,28,28,28,28,28,28,28,28,28,28,28,28,28,0,0,0,0,0,0,0,0,0,0,0,0,20,12,12,12");
tmap.push("12,21,28,28,28,28,20,12,21,28,28,28,28,28,28,28,28,28,28,28,28,28,28,28,0,0,0,0,0,0,0,0,0,0,0,0,20,12,12,12");
tmap.push("12,21,28,28,28,28,20,12,21,28,28,28,28,28,28,28,28,28,28,28,28,28,28,28,0,0,0,0,0,0,0,0,0,0,0,0,20,12,12,12");
tmap.push("12,21,28,28,28,28,22,23,24,28,28,28,28,28,28,28,28,28,28,28,28,28,28,28,28,28,0,0,0,0,17,18,19,0,0,0,20,12,12,12");
tmap.push("12,21,28,28,28,28,28,28,28,28,28,28,28,28,28,28,28,28,28,28,28,28,28,28,28,28,0,0,0,0,22,23,24,0,0,0,20,12,12,12");
tmap.push("12,21,28,28,28,28,28,28,28,28,28,28,28,17,19,28,28,28,28,28,28,28,28,28,28,28,28,28,0,0,0,0,0,0,0,0,20,12,12,12");
tmap.push("12,21,28,28,28,28,28,28,28,28,28,28,28,20,21,28,28,28,28,28,28,28,28,28,28,28,28,28,0,0,0,0,0,0,0,0,20,12,12,12");
tmap.push("12,15,18,18,18,18,18,18,18,18,18,18,18,16,21,28,28,28,28,28,28,28,28,28,28,28,28,28,28,28,28,28,0,0,0,0,20,12,12,12");
tmap.push("12,12,12,12,12,12,12,12,12,12,12,12,12,12,21,6,6,6,6,6,28,28,28,28,28,28,28,28,28,28,28,28,0,0,0,0,20,12,12,12");
tmap.push("12,12,12,12,12,12,12,12,12,12,12,12,12,12,15,18,18,18,18,19,28,28,28,28,28,17,19,28,28,28,28,28,28,28,0,0,20,12,12,12");
tmap.push("12,12,12,12,12,12,12,12,12,12,12,12,12,12,12,12,12,12,12,21,6,6,6,6,6,20,21,28,28,28,28,28,28,28,0,0,20,12,12,12");
tmap.push("12,12,12,12,12,12,12,12,12,12,12,12,12,12,12,12,12,12,12,15,18,18,18,18,18,16,21,28,28,28,28,28,28,28,0,0,20,12,12,12");
tmap.push("12,12,12,12,12,12,12,12,12,12,12,12,12,12,12,12,12,12,12,12,12,12,12,12,12,12,21,28,28,28,17,18,18,18,18,18,16,12,12,12");
tmap.push("12,12,12,12,12,12,12,12,12,12,12,12,12,12,12,12,12,12,12,12,12,12,12,12,12,12,21,28,28,28,22,23,14,12,12,12,12,12,12,12");
tmap.push("12,12,12,12,12,12,12,12,12,12,12,12,12,12,12,12,12,12,12,12,12,12,12,12,12,12,21,28,28,28,28,28,20,12,12,12,12,12,12,12");
tmap.push("12,12,12,12,12,12,12,12,12,12,12,12,12,12,12,12,12,12,12,12,12,12,12,12,12,12,21,28,28,28,28,28,20,12,12,12,12,12,12,12");
tmap.push("12,12,12,12,12,12,12,12,12,12,12,12,12,12,12,12,12,12,12,12,12,12,12,12,12,12,21,28,28,28,28,28,20,12,12,12,12,12,12,12");
tmap.push("12,12,12,12,12,12,12,12,12,12,12,12,12,12,12,12,12,12,12,12,12,12,12,12,12,12,21,28,28,28,28,28,20,12,12,12,12,12,12,12");
tmap.push("23,23,23,23,23,14,13,23,23,23,23,23,23,14,12,12,12,12,12,12,12,12,12,12,12,12,21,28,28,28,28,28,22,14,13,23,23,23,23,23");
tmap.push("28,28,28,28,28,22,24,28,28,28,28,28,28,20,12,12,12,12,12,12,12,12,12,12,12,12,21,28,28,28,28,28,28,22,24,28,28,28,28,28");
tmap.push("28,28,28,28,28,7,7,28,28,28,28,28,28,20,12,12,12,12,12,12,12,12,12,12,12,12,21,28,28,28,28,28,28,7,7,28,28,28,28,28");
tmap.push("28,28,28,28,28,28,28,28,28,28,28,28,28,20,12,12,12,12,12,12,12,12,12,12,12,12,21,28,28,28,28,28,28,28,28,28,28,28,28,28");
tmap.push("28,28,28,28,28,28,28,28,28,28,28,28,28,20,12,12,12,12,12,12,12,12,12,12,12,12,21,28,28,28,28,28,28,28,28,28,28,28,28,28");
tmap.push("28,28,28,28,28,28,28,28,28,28,28,28,28,20,12,12,12,12,12,12,12,12,12,12,12,12,21,28,28,28,28,28,28,28,28,28,28,28,28,28");
tmap.push("28,28,28,28,28,28,28,28,28,28,28,28,28,20,12,12,12,12,12,12,12,12,12,12,12,12,21,28,28,28,28,28,28,28,28,28,28,28,28,28");
tmap.push("18,18,18,18,18,18,18,18,19,28,28,28,28,20,12,12,12,12,12,12,12,12,12,12,12,12,15,18,18,18,18,18,18,18,18,18,18,18,18,18");
tmap.push("12,12,12,12,12,12,12,12,21,28,28,28,28,20,12,12,12,12,12,12,12,12,12,12,12,12,12,12,12,12,12,12,12,12,12,12,12,12,12,12");
tmap.push("12,12,12,12,12,12,12,12,21,28,28,28,28,20,12,12,12,12,12,12,12,12,12,12,12,12,12,12,12,12,12,12,12,12,12,12,12,12,12,12");
tmap.push("12,12,12,12,12,12,12,12,21,28,28,28,28,20,12,12,12,12,12,12,12,12,12,12,12,12,12,12,12,12,12,12,12,12,12,12,12,12,12,12");
tmap.push("12,12,12,12,12,12,12,12,21,28,28,28,28,20,12,12,12,12,12,12,12,12,12,12,12,12,12,12,12,12,12,12,12,12,12,12,12,12,12,12");
tmap.push("12,12,12,12,12,12,12,12,21,28,28,28,28,20,12,12,12,12,12,12,12,12,12,12,12,12,12,12,12,12,12,12,12,12,12,12,12,12,12,12");
tmap.push("12,12,12,12,12,12,12,12,21,28,28,28,28,20,12,12,12,12,12,12,12,12,12,12,12,12,12,12,12,12,12,12,12,12,12,12,12,12,12,12");
tmap.push("12,12,12,12,12,12,12,12,21,28,28,28,28,22,23,23,23,23,23,14,13,23,23,23,23,23,23,23,23,23,23,23,23,23,23,23,14,12,12,12");
tmap.push("12,12,12,12,12,12,12,12,21,28,28,28,28,28,28,28,28,28,28,22,24,28,28,28,0,0,0,0,0,0,0,0,0,0,0,11,20,12,12,12");
tmap.push("12,12,12,12,12,12,12,12,21,28,28,28,28,28,28,28,28,28,28,7,7,28,28,28,0,0,0,0,0,0,0,0,0,0,0,11,20,12,12,12");
tmap.push("12,12,12,12,12,12,12,12,21,28,28,28,28,28,28,28,28,28,28,28,28,28,0,0,0,0,0,0,0,0,0,0,0,0,0,11,20,12,12,12");
tmap.push("12,12,12,12,12,12,12,12,21,28,28,28,28,28,28,28,28,28,28,28,28,28,0,0,0,0,0,0,0,0,0,0,0,0,0,11,20,12,12,12");
tmap.push("12,12,12,12,12,12,12,12,21,28,28,28,28,28,6,6,28,28,28,28,28,28,0,0,0,0,0,0,0,0,0,0,0,0,0,11,20,12,12,12");
tmap.push("12,12,12,12,12,12,12,12,21,28,28,28,28,28,17,19,28,28,28,28,28,28,0,0,0,0,0,0,0,0,0,0,0,0,0,11,20,12,12,12");
tmap.push("12,12,12,12,12,12,12,12,15,18,18,18,18,18,16,15,18,18,18,18,18,18,19,10,0,0,0,0,0,0,0,0,0,0,0,11,20,12,12,12");
tmap.push("12,12,12,12,12,12,12,12,12,12,12,12,12,12,12,12,12,12,12,12,12,12,21,10,0,0,0,0,0,0,0,0,0,0,0,11,20,12,12,12");
tmap.push("12,12,12,12,12,12,12,12,12,12,12,12,12,12,12,12,12,12,12,12,12,12,21,10,0,0,0,0,0,0,0,0,0,0,0,11,20,12,12,12");
tmap.push("12,12,12,12,12,12,12,12,12,12,12,12,12,12,12,12,12,12,12,12,12,12,15,19,10,0,0,0,0,0,0,0,0,0,0,11,20,12,12,12");
tmap.push("12,12,12,12,12,12,12,12,12,12,12,12,12,12,12,12,12,12,12,12,12,12,12,21,10,0,0,0,0,0,0,0,0,0,0,11,20,12,12,12");
tmap.push("12,12,12,12,12,12,12,12,12,12,12,12,12,12,12,12,12,12,12,12,12,12,12,21,10,0,0,0,0,0,0,0,0,0,0,11,20,12,12,12");
tmap.push("12,12,12,12,12,12,12,12,12,12,12,12,12,12,12,12,12,12,12,12,12,12,12,15,19,10,0,0,0,0,0,0,0,0,0,11,20,12,12,12");
tmap.push("12,12,12,12,12,12,12,12,12,12,12,12,12,12,12,12,12,12,12,12,12,12,12,12,21,10,0,0,0,0,0,0,0,0,0,11,20,12,12,12");
tmap.push("12,12,12,12,12,12,12,12,12,12,12,12,12,12,12,12,12,12,12,12,12,12,12,12,21,10,0,0,0,0,0,0,17,18,18,18,16,12,12,12");
tmap.push("12,12,12,12,12,12,12,12,12,12,12,12,12,12,12,12,12,12,12,12,12,12,12,12,15,19,10,0,0,0,0,0,22,23,23,23,14,12,12,12");
tmap.push("12,12,12,12,12,12,12,12,12,12,12,12,12,12,12,12,12,12,12,12,12,12,12,12,12,21,10,0,0,0,0,0,0,0,28,28,20,12,12,12");
tmap.push("12,12,12,12,12,12,12,12,12,12,12,12,12,12,12,12,12,12,12,12,12,12,12,12,12,21,10,0,0,0,0,0,0,0,28,28,20,12,12,12");
tmap.push("12,12,12,12,12,12,12,12,12,13,23,23,23,14,12,13,23,23,23,23,23,23,23,23,23,24,10,0,0,0,0,0,0,0,28,28,20,12,12,12");
tmap.push("12,12,12,12,12,12,12,12,13,24,9,9,9,20,12,21,7,7,7,7,7,7,7,7,9,9,0,0,0,0,0,0,0,0,28,28,20,12,12,12");
tmap.push("12,12,12,12,12,12,12,12,21,10,0,0,0,22,23,24,28,28,28,28,28,28,28,28,0,0,0,0,0,0,0,0,0,0,28,28,20,12,12,12");
tmap.push("12,12,12,12,12,12,12,12,21,10,0,0,0,28,28,28,28,28,28,28,28,28,28,28,0,0,0,0,0,0,0,0,0,0,28,28,20,12,12,12");
tmap.push("12,12,12,12,12,12,12,12,21,10,0,0,0,28,28,28,28,28,28,28,28,28,28,28,0,0,0,0,0,0,0,0,0,0,28,28,20,12,12,12");
tmap.push("12,12,12,12,12,12,12,12,21,10,0,0,0,28,28,28,28,28,28,28,28,28,28,28,0,0,0,0,0,0,0,0,28,28,28,28,20,12,12,12");
tmap.push("12,12,12,12,12,12,12,12,21,10,0,0,0,28,28,28,28,28,28,28,28,28,28,28,0,0,0,0,0,0,0,0,28,28,28,28,20,12,12,12");
tmap.push("12,12,12,12,12,12,12,12,21,10,0,0,0,28,28,28,28,28,28,28,28,28,28,28,0,0,0,0,0,0,0,0,28,28,28,28,20,12,12,12");
tmap.push("12,12,12,12,12,12,12,12,21,10,0,0,0,28,28,28,28,28,28,28,28,28,28,28,0,0,0,0,0,0,0,0,28,28,28,28,20,12,12,12");
tmap.push("12,12,12,12,12,12,12,12,21,10,0,0,0,28,28,28,28,17,18,18,18,18,18,18,18,18,18,18,18,18,18,18,18,18,18,18,16,12,12,12");
tmap.push("12,12,12,12,12,12,12,12,21,10,0,0,0,28,28,28,28,22,23,23,23,23,23,23,23,23,23,23,23,23,23,14,12,12,12,12,12,12,12,12");
tmap.push("12,12,12,12,12,12,12,12,21,10,0,0,0,28,28,28,28,28,28,28,28,28,28,28,0,0,0,0,0,0,0,22,14,12,12,12,12,12,12,12");
tmap.push("12,12,12,12,12,12,12,12,21,10,0,0,0,28,28,28,28,28,28,28,28,28,28,28,0,0,0,0,0,0,0,11,20,12,12,12,12,12,12,12");
tmap.push("12,12,12,12,12,12,12,12,21,10,0,0,0,28,28,28,28,28,28,28,28,28,28,28,0,0,0,0,0,0,0,11,20,12,12,12,12,12,12,12");
tmap.push("12,12,12,12,12,12,12,12,21,10,0,0,0,0,0,28,28,28,28,28,28,28,28,28,0,0,0,0,0,0,0,11,20,12,12,12,12,12,12,12");
tmap.push("12,12,12,12,12,12,12,12,21,10,0,0,0,0,0,28,28,28,28,28,28,28,28,28,0,0,0,0,0,0,0,11,20,12,12,12,12,12,12,12");
tmap.push("12,12,12,12,12,12,12,12,21,10,0,0,0,0,0,28,28,28,28,28,28,28,28,28,0,0,0,0,0,0,0,11,20,12,12,12,12,12,12,12");
tmap.push("12,12,12,12,12,12,12,12,21,10,0,0,0,17,18,19,28,28,28,28,28,28,28,28,0,0,0,0,0,0,0,11,20,12,12,12,12,12,12,12");
tmap.push("12,12,12,12,12,12,12,12,15,19,8,8,8,20,12,21,6,6,6,6,6,6,6,6,8,8,0,0,0,0,0,11,20,12,12,12,12,12,12,12");
tmap.push("12,12,12,12,12,12,12,12,12,15,18,18,18,16,12,15,18,18,18,18,18,18,18,18,18,19,0,0,0,0,0,11,20,12,12,12,12,12,12,12");
tmap.push("12,12,12,12,12,12,12,12,12,12,12,12,12,12,12,12,12,13,23,23,23,23,23,23,23,24,0,0,0,0,0,11,20,12,12,12,12,12,12,12");
tmap.push("12,12,12,12,12,12,12,12,13,23,23,23,23,23,23,23,23,24,7,7,7,7,7,9,9,9,0,0,0,0,0,11,20,12,12,12,12,12,12,12");
tmap.push("12,12,12,12,12,12,12,13,24,0,0,0,0,28,28,28,28,28,28,28,28,28,28,0,0,0,0,0,0,0,0,11,20,12,12,12,12,12,12,12");
tmap.push("12,12,12,12,12,12,12,21,10,0,0,0,0,28,28,28,28,28,28,28,28,0,0,0,0,0,0,0,0,0,0,11,20,12,12,12,12,12,12,12");
tmap.push("12,12,12,12,12,12,12,21,10,0,0,0,0,28,28,28,28,28,28,28,28,0,0,0,0,0,0,0,0,0,0,11,20,12,12,12,12,12,12,12");
tmap.push("12,12,12,12,12,12,12,21,10,0,0,0,0,28,28,28,28,28,28,28,28,0,0,0,0,0,0,0,0,0,0,11,20,12,12,12,12,12,12,12");
tmap.push("12,12,12,12,12,12,12,21,10,0,0,0,0,28,28,28,28,28,28,28,28,0,0,0,0,0,0,0,0,0,0,17,16,12,12,12,12,12,12,12");
tmap.push("12,12,12,12,12,12,12,21,10,0,0,0,0,28,28,28,28,28,17,18,18,18,18,18,18,18,18,18,18,18,18,16,12,12,12,12,12,12,12,12");
tmap.push("12,12,12,12,12,12,12,21,10,0,0,0,0,28,6,6,6,6,20,12,12,12,12,12,12,12,12,12,12,12,12,12,12,12,12,12,12,12,12,12");
tmap.push("12,12,12,12,12,12,12,21,10,0,0,0,0,28,17,18,18,18,16,12,12,12,12,12,12,12,12,12,12,12,12,12,12,12,12,12,12,12,12,12");
tmap.push("12,12,12,12,12,12,12,21,10,0,0,0,0,28,22,23,23,23,23,23,23,23,23,23,23,23,23,23,23,23,14,12,12,12,12,12,12,12,12,12");
tmap.push("12,12,12,12,12,12,12,21,10,0,0,0,0,28,28,28,28,28,28,0,0,0,0,0,0,0,0,0,0,0,20,12,12,12,12,12,12,12,12,12");
tmap.push("12,12,12,12,12,12,12,21,10,0,0,0,0,28,28,28,28,28,28,0,0,0,0,0,0,0,0,0,0,0,20,12,12,12,12,12,12,12,12,12");
tmap.push("12,12,12,12,12,12,12,21,10,0,0,0,0,28,28,28,28,28,28,0,0,0,0,0,0,0,0,0,0,0,20,12,12,12,12,12,12,12,12,12");
tmap.push("12,12,12,12,12,12,12,21,10,0,0,0,0,28,28,28,28,28,28,0,0,0,0,0,0,0,0,0,0,0,20,12,12,12,12,12,12,12,12,12");
tmap.push("12,12,12,12,12,12,12,21,10,0,0,0,0,0,0,28,28,28,28,28,28,0,0,0,0,0,0,0,0,0,20,12,12,12,12,12,12,12,12,12");
tmap.push("12,12,12,12,12,12,12,15,19,0,0,0,0,0,0,28,28,28,28,28,28,0,0,0,0,0,0,0,0,0,20,12,12,12,12,12,12,12,12,12");
tmap.push("12,12,12,12,12,12,12,12,15,18,18,18,18,18,18,18,18,18,18,18,18,18,18,18,18,19,0,0,0,0,20,12,12,12,12,12,12,12,12,12");
tmap.push("12,12,12,12,12,12,12,12,12,12,12,12,12,12,12,12,12,12,12,12,12,12,12,12,12,21,0,0,0,0,20,12,12,12,12,12,12,12,12,12");
tmap.push("12,12,12,12,12,12,12,12,13,23,23,23,23,23,23,23,23,23,23,23,23,23,23,23,23,24,0,0,0,0,20,12,12,12,12,12,12,12,12,12");
tmap.push("12,12,12,12,12,12,12,12,21,0,0,0,0,0,0,28,28,28,28,28,28,0,0,0,0,0,0,0,0,0,20,12,12,12,12,12,12,12,12,12");
tmap.push("12,12,12,12,12,12,12,12,21,0,0,0,0,0,0,28,28,28,28,28,28,0,0,0,0,0,0,0,0,0,20,12,12,12,12,12,12,12,12,12");
tmap.push("12,12,12,12,12,12,12,12,21,0,0,0,0,0,0,28,28,28,28,28,28,0,0,0,0,0,0,0,0,0,20,12,12,12,12,12,12,12,12,12");
tmap.push("12,12,12,12,12,12,12,12,21,0,0,0,0,0,0,28,28,28,28,28,28,0,0,0,0,0,0,0,0,0,20,12,12,12,12,12,12,12,12,12");
tmap.push("12,12,12,12,12,12,12,12,21,0,0,0,0,0,0,28,28,28,28,28,28,0,0,0,0,0,0,0,0,0,20,12,12,12,12,12,12,12,12,12");
tmap.push("12,12,12,12,12,12,12,12,21,0,0,0,0,0,0,28,28,28,28,28,28,0,0,0,0,0,0,0,0,0,20,12,12,12,12,12,12,12,12,12");
tmap.push("12,12,12,12,12,12,12,12,21,0,0,0,0,17,18,18,18,18,18,18,18,18,18,18,18,18,18,18,18,18,16,12,12,12,12,12,12,12,12,12");
tmap.push("12,12,12,12,12,12,12,12,21,0,0,0,0,22,23,23,23,23,14,13,23,23,23,23,23,23,23,23,23,14,12,12,12,12,12,12,12,12,12,12");
tmap.push("12,12,12,12,12,12,12,12,21,0,0,0,0,0,0,0,28,28,20,21,28,28,28,0,0,0,0,0,0,20,12,12,12,12,12,12,12,12,12,12");
tmap.push("12,12,12,12,12,12,12,12,21,0,0,0,0,0,0,0,28,28,22,24,28,28,28,0,0,0,0,0,0,20,12,12,12,12,12,12,12,12,12,12");
tmap.push("12,12,12,12,12,12,12,12,21,0,0,0,0,0,0,0,0,28,28,28,28,28,28,0,0,0,0,0,0,20,12,12,12,12,12,12,12,12,12,12");
tmap.push("12,12,12,12,12,12,12,12,21,0,0,0,0,0,0,0,0,28,28,28,28,28,28,0,0,0,0,0,0,20,12,12,12,12,12,12,12,12,12,12");
tmap.push("12,12,12,12,12,12,12,12,21,0,0,0,0,0,0,0,0,28,28,28,28,28,28,0,0,0,0,0,0,20,12,12,12,12,12,12,12,12,12,12");
tmap.push("12,12,12,12,12,12,12,12,21,0,0,0,0,0,0,0,0,0,0,0,0,0,0,0,0,0,0,0,0,22,14,12,12,12,12,12,12,12,12,12");
tmap.push("12,12,12,12,12,12,12,12,15,18,18,18,18,19,0,0,0,0,0,0,0,0,0,0,17,19,0,0,0,0,20,12,12,12,12,12,12,12,12,12");
tmap.push("12,12,12,12,12,12,12,12,12,12,12,12,12,21,0,0,0,0,0,0,0,0,0,0,20,21,0,0,0,0,20,12,12,12,12,12,12,12,12,12");
tmap.push("12,12,12,12,12,12,12,12,12,12,12,12,12,15,18,18,18,18,18,18,18,18,18,18,16,21,0,0,0,0,20,12,12,12,12,12,12,12,12,12");
tmap.push("12,12,12,12,12,12,12,12,12,12,12,12,12,12,12,12,12,12,12,12,12,12,12,12,12,21,0,28,28,28,20,12,12,12,12,12,12,12,12,12");
tmap.push("12,12,12,12,12,12,12,12,12,12,12,12,12,12,12,12,12,12,12,12,12,12,12,12,12,21,0,28,28,28,20,12,12,12,12,12,12,12,12,12");
tmap.push("12,12,12,12,12,12,12,12,12,12,12,12,12,12,12,12,12,12,12,12,12,12,12,12,12,21,0,28,28,28,20,12,12,12,12,12,12,12,12,12");
tmap.push("12,12,12,12,12,12,12,12,12,12,12,12,12,12,12,12,12,12,12,12,12,12,12,12,12,15,19,28,28,28,20,12,12,12,12,12,12,12,12,12");
tmap.push("12,12,12,12,12,12,12,12,12,12,12,12,12,12,12,12,12,12,12,12,12,12,12,12,12,12,21,28,28,28,20,12,12,12,12,12,12,12,12,12");
tmap.push("12,12,12,12,12,12,12,12,12,13,23,23,23,23,23,23,23,23,23,23,23,23,23,23,23,23,24,28,28,28,20,12,12,12,12,12,12,12,12,12");
tmap.push("12,12,12,12,12,12,12,12,12,21,28,28,28,28,28,28,28,28,28,28,28,28,0,0,0,0,28,28,28,28,20,12,12,12,12,12,12,12,12,12");
tmap.push("12,12,12,12,12,12,12,12,12,21,28,28,28,28,28,28,28,28,28,28,28,28,0,0,0,0,28,28,28,28,20,12,12,12,12,12,12,12,12,12");
tmap.push("12,12,12,12,12,12,12,12,12,21,28,28,28,28,28,28,28,28,28,28,28,28,0,0,0,0,28,28,28,28,20,12,12,12,12,12,12,12,12,12");
tmap.push("12,12,12,12,12,12,12,12,12,21,28,28,28,28,28,28,28,28,28,28,28,28,28,0,0,0,28,28,28,28,20,12,12,12,12,12,12,12,12,12");
tmap.push("12,12,12,12,12,12,12,12,12,21,28,28,28,28,28,28,28,28,28,28,28,28,28,0,0,0,28,28,28,28,20,12,12,12,12,12,12,12,12,12");
tmap.push("12,12,12,12,12,12,12,12,12,21,28,28,28,17,18,18,18,18,18,18,18,18,18,18,18,18,18,18,18,18,16,12,12,12,12,12,12,12,12,12");
tmap.push("12,12,12,12,12,12,12,12,12,21,28,28,28,20,12,12,12,12,12,12,12,12,12,12,12,12,12,12,12,12,12,12,12,12,12,12,12,12,12,12");
tmap.push("12,12,12,12,12,12,12,12,12,21,28,28,28,22,23,23,23,23,23,23,23,23,14,12,12,12,12,12,12,12,12,12,12,12,12,12,12,12,12,12");
tmap.push("12,12,12,12,12,12,12,12,12,21,28,28,28,28,28,28,28,28,28,28,28,28,22,23,23,23,14,12,12,12,12,12,12,12,12,12,12,12,12,12");
tmap.push("12,12,12,12,12,12,12,12,12,21,28,28,28,28,28,28,28,28,28,28,28,28,28,0,0,28,22,23,23,23,14,12,12,12,12,12,12,12,12,12");
tmap.push("12,12,12,12,12,12,12,12,12,21,28,28,28,28,28,28,28,28,28,28,28,28,28,0,0,28,28,28,28,28,20,12,12,12,12,12,12,12,12,12");
tmap.push("12,12,12,12,12,12,12,12,12,21,28,28,28,28,28,28,28,28,28,28,28,28,28,0,0,28,28,28,28,28,20,12,12,12,12,12,12,12,12,12");
tmap.push("12,12,12,12,12,12,12,12,12,21,28,28,28,28,28,28,28,28,28,28,28,28,28,0,0,28,28,28,28,28,20,12,12,12,12,12,12,12,12,12");
tmap.push("12,12,12,12,12,12,12,12,12,15,18,18,18,19,28,28,28,28,28,28,28,28,28,0,0,28,28,28,28,28,20,12,12,12,12,12,12,12,12,12");
tmap.push("12,12,12,12,12,12,12,12,12,12,12,12,12,15,18,18,18,19,28,28,28,28,28,0,0,28,28,28,28,28,20,12,12,12,12,12,12,12,12,12");
tmap.push("12,12,12,12,12,12,12,12,12,12,12,12,12,12,12,12,12,15,18,18,18,18,18,18,18,19,28,28,28,28,20,12,12,12,12,12,12,12,12,12");
tmap.push("12,12,12,12,12,12,12,12,12,12,12,12,13,23,23,23,14,12,12,12,12,12,12,12,12,21,28,28,28,28,20,12,12,12,12,12,12,12,12,12");
tmap.push("12,12,12,12,12,12,12,12,12,12,12,12,21,28,28,28,22,23,23,14,12,12,12,12,12,21,28,28,28,28,20,12,12,12,12,12,12,12,12,12");
tmap.push("12,12,12,12,12,12,12,12,12,12,12,12,21,28,28,28,28,28,28,22,23,23,14,12,12,21,28,28,28,28,20,12,12,12,12,12,12,12,12,12");
tmap.push("12,12,12,12,12,12,12,12,12,12,12,13,24,28,28,28,28,28,28,28,28,28,22,23,23,24,28,28,28,28,20,12,12,12,12,12,12,12,12,12");
tmap.push("23,23,23,23,23,14,12,12,12,12,12,21,28,28,28,28,28,28,28,28,28,28,28,0,0,28,28,28,28,28,20,12,12,12,12,12,12,12,12,12");
tmap.push("28,28,28,28,28,20,12,12,12,12,12,21,28,28,28,28,28,28,28,28,28,28,28,0,0,28,28,28,28,28,20,12,12,12,12,12,12,12,12,12");
tmap.push("28,28,28,28,28,22,23,23,23,23,23,24,28,28,28,28,28,28,28,28,28,28,28,0,0,28,28,28,28,28,20,12,12,12,12,12,12,12,12,12");
tmap.push("28,28,28,28,28,28,28,28,28,28,28,28,28,28,28,28,28,28,28,28,28,28,28,0,0,28,28,28,28,28,20,12,12,12,12,12,12,12,12,12");
tmap.push("28,28,28,28,28,28,28,28,28,28,28,28,28,28,28,28,28,28,28,28,28,28,28,0,0,28,28,28,28,28,20,12,12,12,12,12,12,12,12,12");
tmap.push("28,28,28,28,28,28,28,28,28,28,28,28,28,28,28,28,28,28,28,28,28,28,28,0,0,28,28,28,28,28,20,12,12,12,12,12,12,12,12,12");
tmap.push("28,28,28,28,28,28,28,28,28,28,28,28,28,28,28,28,28,28,28,28,28,28,28,0,0,28,28,28,28,28,20,12,12,12,12,12,12,12,12,12");
tmap.push("18,18,18,18,18,18,18,18,18,18,18,18,18,18,18,18,18,18,18,18,18,18,18,18,18,18,18,18,18,18,16,12,12,12,12,12,12,12,12,12");
tmap.push("12,12,12,12,12,12,12,12,12,12,12,12,12,12,12,12,12,12,12,12,12,12,12,12,12,12,12,12,12,12,12,12,12,12,12,12,12,12,12,12");
tmap.push("12,12,12,12,12,12,12,12,12,12,12,12,12,12,12,12,12,12,12,12,12,12,12,12,12,12,12,12,12,12,12,12,12,12,12,12,12,12,12,12");
tmap.push("12,12,12,12,12,12,12,12,12,12,12,12,12,12,12,12,12,12,12,12,12,12,12,12,12,12,12,12,12,12,12,12,12,12,12,12,12,12,12,12");
tmap.push("12,12,12,12,12,12,12,12,12,12,12,12,12,12,12,12,12,12,12,12,12,12,12,12,12,12,12,12,12,12,12,12,12,12,12,12,12,12,12,12");
tmap.push("12,12,12,12,12,12,12,12,12,12,12,12,12,12,12,12,12,12,12,12,12,12,12,12,12,12,12,12,12,12,12,12,12,12,12,12,12,12,12,12");
tmap.push("12,12,12,12,12,12,12,12,12,12,12,12,12,12,12,12,12,12,12,12,12,12,12,12,12,12,12,12,12,12,12,12,12,12,12,12,12,12,12,12");
tmap.push("12,12,12,12,12,12,12,12,12,12,12,12,12,12,12,12,12,12,12,12,12,12,12,12,12,12,12,12,12,12,12,12,12,12,12,12,12,12,12,12");
tmap.push("12,12,12,12,12,12,12,12,12,12,12,12,12,12,12,12,12,12,12,12,12,12,12,12,12,12,12,12,12,12,12,12,12,12,12,12,12,12,12,12");
tmap.push("12,12,12,12,12,12,12,12,12,12,12,12,12,12,12,12,12,12,12,12,12,12,12,12,12,12,12,12,12,12,12,12,12,12,12,12,12,12,12,12");
tmap.push("12,12,12,12,12,12,12,12,12,12,12,12,12,12,12,12,12,12,12,12,12,12,12,12,12,12,12,12,12,12,12,12,12,12,12,12,12,12,12,12");
tmap.push("12,12,12,12,12,12,12,12,12,12,12,12,12,12,12,12,12,12,12,12,12,12,12,12,12,12,12,12,12,12,12,12,12,12,12,12,12,12,12,12");
tmap.push("12,12,12,12,12,12,12,12,12,12,12,12,12,12,12,12,12,12,12,12,12,12,12,12,12,12,12,12,12,12,12,12,12,12,12,12,12,12,12,12");
tmap.push("12,12,12,12,12,12,12,12,12,12,12,12,12,12,12,12,12,12,12,12,12,12,12,12,12,12,12,12,12,12,12,12,12,12,12,12,12,12,12,12");
tmap.push("12,12,12,12,12,12,12,12,12,12,12,12,12,12,12,12,12,12,12,12,12,12,12,12,12,12,12,12,12,12,12,12,12,12,12,12,12,12,12,12");
tmap.push("12,12,12,12,12,12,12,12,12,12,12,12,12,12,12,12,12,12,12,12,12,12,12,12,12,12,12,12,12,12,12,12,12,12,12,12,12,12,12,12");

obj.createentity(game, 48, 5456, 10, 1, 50500);  // (savepoint)
obj.createentity(game, 224, 4528, 10, 1, 50501);  // (savepoint)
obj.createentity(game, 24, 4216, 9, 0, 0+coin);  // (shiny trinket)
obj.createentity(game, 232, 4168, 10, 0, 50502);  // (savepoint)
obj.createentity(game, 280, 3816, 10, 1, 50503);  // (savepoint)
obj.createentity(game, 152, 3552, 10, 1, 50504);  // (savepoint)
obj.createentity(game, 216, 3280, 10, 0, 50505);  // (savepoint)
obj.createentity(game, 216, 4808, 10, 1, 50506);  // (savepoint)
obj.createentity(game, 72, 3096, 10, 0, 50507);  // (savepoint)
obj.createentity(game, 176, 2600, 10, 0, 50508);  // (savepoint)
obj.createentity(game, 216, 2392, 10, 0, 50509);  // (savepoint)
obj.createentity(game, 280, 3216, 9, 0, 1+coin);  // (shiny trinket)
obj.createentity(game, 152, 1184, 10, 1, 50510);  // (savepoint)
obj.createentity(game, 152, 912, 10, 1, 50511);  // (savepoint)
obj.createentity(game, 152, 536, 10, 1, 50512);  // (savepoint)
obj.createentity(game, 120, 5136, 10, 0, 50513);  // (savepoint)
obj.createentity(game, 144, 1824, 10, 0, 50514);  // (savepoint)
obj.createentity(game, 72, 2904, 10, 0, 50515);  // (savepoint)
obj.createentity(game, 224, 1648, 10, 1, 50516);  // (savepoint)
obj.createentity(game, 112, 5280, 10, 1, 50517);  // (savepoint)
