286 286 286 286 286 286 286 286 286 286 286 286 286 286 286 286 286 286 286 286 286 286 286 286 286 286 286 286 286 286 286 286 286 286 286 286 286 286 286 286 
447 447 447 447 447 447 447 447 447 447 447 447 447 447 447 447 447 447 447 447 447 447 447 447 447 447 447 447 447 447 447 447 447 447 288 286 286 286 286 286 
68 68 68 68 68 68 68 68 68 68 68 68 68 68 68 68 68 68 68 68 68 68 68 68 68 68 68 68 68 68 68 68 68 68 406 286 286 286 286 286 
0 0 0 0 0 0 0 0 0 0 0 0 0 0 0 0 0 0 0 0 0 0 0 0 0 0 0 0 0 0 0 0 0 0 406 286 286 286 286 286 
0 0 0 0 0 0 0 0 0 0 0 0 0 0 0 0 0 0 0 0 0 0 0 0 0 0 0 0 0 0 0 0 0 0 406 286 286 286 286 286 
0 0 0 0 0 0 0 0 0 0 0 0 0 0 0 0 0 0 0 0 0 0 0 0 0 0 0 0 0 0 0 0 0 0 406 286 286 286 286 286 
0 0 0 0 0 0 0 0 0 0 0 0 0 0 0 0 0 0 0 0 0 0 0 0 0 0 0 0 0 0 0 0 0 0 406 286 286 286 286 286 
0 0 0 0 0 0 0 0 0 0 0 0 0 0 0 0 0 0 0 0 0 0 0 0 0 0 0 0 0 0 0 0 0 0 406 286 286 286 286 286 
0 0 0 0 0 0 0 0 0 0 0 0 0 0 0 0 0 0 0 0 0 0 0 0 0 0 0 0 0 0 0 0 0 0 406 286 286 286 286 286 
0 0 0 0 0 0 0 0 0 0 0 0 0 0 0 0 0 0 0 0 0 0 0 0 0 0 0 0 0 0 0 0 0 0 406 286 286 286 286 286 
0 0 0 0 0 0 0 0 0 0 0 0 0 0 0 0 0 0 0 0 0 0 0 0 0 0 0 0 0 0 0 0 0 0 406 286 286 286 286 286 
0 0 0 0 0 0 0 0 0 0 0 0 0 0 0 0 0 0 0 0 0 0 0 0 0 0 0 0 0 0 0 0 0 0 406 286 286 286 286 286 
0 0 0 0 0 0 0 0 0 0 0 0 0 0 0 0 0 0 0 0 0 0 0 0 0 0 0 0 0 0 0 0 0 0 406 286 286 286 286 286 
0 0 0 0 0 0 0 0 0 0 0 0 0 0 0 0 0 0 0 0 0 0 0 0 67 0 0 0 0 0 0 0 0 0 406 286 286 286 286 286 
367 367 367 367 367 367 367 351 311 311 311 311 311 311 311 311 311 311 311 311 311 311 311 311 312 0 0 0 0 0 0 0 0 0 406 286 286 286 286 286 
286 286 286 286 286 286 286 408 0 0 0 0 0 0 0 0 0 0 0 0 0 0 0 0 68 0 0 0 0 0 0 0 0 0 406 286 286 286 286 286 
286 286 286 286 286 286 286 408 0 0 0 0 0 0 0 0 0 0 0 0 0 0 0 0 0 0 0 0 0 0 0 0 0 0 406 286 286 286 286 286 
286 286 286 286 286 286 286 408 0 0 0 0 0 0 0 0 0 0 0 0 0 0 0 0 0 0 0 0 0 0 0 0 0 0 406 286 286 286 286 286 
286 286 286 286 286 286 286 408 0 0 0 0 0 0 0 0 0 0 0 0 0 0 0 0 0 0 0 0 0 0 0 0 0 0 406 286 286 286 286 286 
286 286 286 286 286 286 286 408 0 0 0 0 0 0 0 0 0 0 0 0 0 0 0 0 0 0 0 0 0 0 0 0 0 0 406 286 286 286 286 286 
286 286 286 286 286 286 286 408 0 0 0 0 0 0 0 0 0 0 0 0 0 0 0 0 0 0 0 0 0 0 0 0 0 0 406 286 286 286 286 286 
286 286 286 286 286 286 286 408 0 0 0 0 0 0 0 0 0 0 0 0 0 0 0 0 0 0 0 0 0 0 0 0 0 0 406 286 286 286 286 286 
286 286 286 286 286 286 286 408 0 0 0 0 0 0 0 0 0 0 0 0 0 0 0 0 0 0 0 0 0 0 0 0 0 0 406 286 286 286 286 286 
286 286 286 286 286 286 286 408 0 0 0 0 0 0 0 0 0 0 0 0 0 0 0 0 0 0 0 0 0 0 0 0 0 0 406 286 286 286 286 286 
286 286 286 286 286 286 286 408 0 0 0 0 0 0 0 0 0 0 0 0 0 0 0 0 0 0 0 0 0 0 0 0 0 0 406 286 286 286 286 286 
286 286 286 286 286 286 286 408 0 0 0 0 0 0 0 0 0 0 0 0 0 0 0 0 0 0 0 0 0 0 0 0 0 0 406 286 286 286 286 286 
286 286 286 286 286 286 286 408 0 0 0 0 0 0 67 67 67 67 67 67 67 67 67 67 67 67 67 67 67 67 67 67 67 67 406 286 286 286 286 286 
286 286 286 286 286 286 286 408 0 0 0 0 0 0 366 367 367 367 367 367 367 367 367 367 367 367 367 367 367 367 367 367 367 367 328 286 286 286 286 286 
286 286 286 286 286 286 286 408 0 0 0 0 0 0 406 286 286 286 286 286 286 286 286 286 286 286 286 286 286 286 286 286 286 286 286 286 286 286 286 286 
4
24 3 12 80
24 16 12 80
10 15 10 0
10 12 10 1
