case rn(41,56):
tmap = new Array();
tmap.push("259,259,259,259,259,259,259,259,259,260,218,98,220,0,218,98,98,220,0,218,98,98,98,220,0,218,98,98,98,98,220,0,218,98,220,219,219,219,219,219");
tmap.push("0,0,0,0,0,0,0,0,0,0,218,98,220,0,218,98,98,220,0,218,98,98,98,220,0,218,98,98,98,98,220,0,218,98,220,219,219,219,219,219");
tmap.push("179,179,179,179,179,179,180,178,180,0,218,98,220,0,218,98,98,220,0,218,98,98,98,220,0,218,98,98,98,98,220,0,218,98,220,219,219,219,219,219");
tmap.push("259,259,259,259,259,259,260,218,220,0,218,98,220,0,218,98,98,220,0,218,98,98,98,220,0,218,98,98,98,98,220,0,218,98,220,219,219,219,219,219");
tmap.push("0,0,0,0,0,0,0,218,220,0,218,98,220,0,218,98,98,220,0,218,98,98,98,220,0,218,98,98,98,98,220,0,218,98,139,179,179,179,179,179");
tmap.push("179,179,180,178,179,180,0,218,220,0,258,259,260,0,218,98,98,220,0,258,259,259,259,260,0,218,98,98,98,98,220,0,218,98,98,98,98,98,98,98");
tmap.push("98,98,220,258,259,260,0,258,260,0,0,0,0,0,258,259,259,260,0,7,7,7,7,7,0,218,98,98,98,98,220,0,258,259,259,259,259,259,259,259");
tmap.push("98,98,220,0,0,0,0,0,0,0,0,0,0,0,0,0,0,0,0,0,0,0,0,0,0,258,259,259,259,259,260,0,7,7,7,7,7,7,7,7");
tmap.push("98,98,220,0,0,0,0,0,0,0,0,0,0,0,0,0,0,0,0,0,0,0,0,0,0,0,0,0,0,0,0,0,0,0,0,0,0,0,0,0");
tmap.push("98,98,220,0,0,0,0,0,0,0,0,0,0,0,0,0,0,0,0,0,0,0,0,0,0,0,0,0,0,0,0,0,0,0,0,0,0,0,0,0");
tmap.push("98,98,220,0,0,0,0,0,0,0,0,0,0,0,0,0,0,0,0,0,0,0,0,0,0,0,0,0,0,0,0,0,0,0,0,0,0,0,0,0");
tmap.push("98,98,220,0,0,0,0,0,0,0,0,0,0,0,0,0,0,0,0,0,0,0,0,0,0,0,0,0,0,0,0,0,0,0,0,0,0,0,0,0");
tmap.push("98,98,220,0,0,0,0,0,0,0,0,0,0,0,0,0,0,0,0,0,0,0,0,0,0,0,0,0,0,0,0,0,0,0,0,0,0,0,0,0");
tmap.push("98,98,220,0,0,0,0,0,0,0,0,0,0,0,0,0,0,0,0,0,0,0,0,0,0,0,0,0,0,0,0,0,0,0,0,0,0,0,0,0");
tmap.push("98,98,220,178,179,180,0,178,179,179,179,179,180,0,6,6,6,6,0,178,179,179,179,180,0,0,0,0,0,0,0,0,178,179,179,179,179,179,179,179");
tmap.push("259,259,260,258,259,260,0,218,98,98,98,98,220,0,178,179,179,180,0,218,98,98,98,220,0,6,6,6,6,6,6,0,218,98,98,98,98,98,98,98");
tmap.push("0,0,0,0,0,0,0,258,259,259,259,259,260,0,258,259,259,260,0,258,259,259,259,260,0,178,179,179,179,179,180,0,258,259,259,259,259,259,259,259");
tmap.push("179,179,179,179,179,179,179,179,180,0,0,0,0,0,0,0,0,0,0,0,0,0,0,0,0,258,259,259,259,259,260,0,0,0,0,0,0,0,0,0");
tmap.push("259,259,259,259,259,259,259,259,260,0,0,0,0,0,0,0,0,0,0,0,0,0,0,0,0,0,0,0,0,0,0,0,0,0,0,0,0,0,0,0");
tmap.push("0,0,0,0,0,0,0,0,0,0,0,0,0,0,0,0,0,0,0,0,0,0,0,0,0,0,0,0,0,0,0,0,0,0,0,0,0,0,0,0");
tmap.push("179,179,179,179,179,179,179,179,180,0,0,0,0,0,0,0,0,0,0,0,0,0,0,0,0,0,0,0,0,0,0,0,0,0,0,0,0,0,0,0");
tmap.push("259,259,259,259,259,259,259,259,260,0,0,0,0,0,0,0,0,0,0,0,0,0,0,0,0,0,0,0,0,0,0,0,0,0,0,0,0,0,0,0");
tmap.push("0,0,0,0,0,0,0,0,0,0,0,0,0,0,0,0,0,0,0,0,0,0,0,0,0,0,0,0,0,0,0,0,0,0,0,0,0,0,0,0");
tmap.push("179,179,179,179,179,179,179,179,179,179,179,179,180,0,178,179,179,180,0,178,179,179,179,180,0,178,179,179,179,179,180,0,0,0,0,0,0,0,0,0");
tmap.push("98,98,98,98,98,98,98,98,98,98,98,98,220,0,218,98,98,220,0,218,98,98,98,220,0,218,98,98,98,98,220,0,178,179,179,179,179,179,179,179");
tmap.push("259,259,259,259,259,259,259,259,259,259,100,98,220,0,218,98,98,220,0,218,98,98,98,220,0,218,98,98,98,98,220,0,218,98,98,98,98,98,98,98");
tmap.push("219,219,219,219,219,219,219,219,219,219,218,98,220,0,218,98,98,220,0,218,98,98,98,220,0,218,98,98,98,98,220,0,218,98,99,259,259,259,259,259");
tmap.push("219,219,219,219,219,219,219,219,219,219,218,98,220,0,218,98,98,220,0,218,98,98,98,220,0,218,98,98,98,98,220,0,218,98,220,219,219,219,219,219");
tmap.push("219,219,219,219,219,219,219,219,219,219,218,98,220,0,218,98,98,220,0,218,98,98,98,220,0,218,98,98,98,98,220,0,218,98,220,219,219,219,219,219");

obj.createentity(game, 160, 96, 10, 1, 56410);  // (savepoint)
break;
