case rn(47,56):
tmap = new Array();
tmap.push("219,219,219,218,98,220,218,98,139,179,179,179,179,179,179,179,179,179,179,179,179,179,179,179,179,179,179,179,179,179,179,179,179,179,179,179,179,179,179,179");
tmap.push("219,219,219,218,98,220,218,98,98,98,98,98,98,98,98,98,98,98,98,98,98,98,98,98,98,98,98,98,98,98,98,98,98,98,98,98,98,98,98,98");
tmap.push("219,219,219,218,98,220,258,259,259,259,259,259,259,259,259,259,259,259,259,259,259,259,259,259,259,259,259,259,259,259,259,259,259,259,259,259,259,259,259,259");
tmap.push("219,219,219,218,98,220,0,0,0,0,0,0,0,0,0,0,0,0,0,0,0,0,0,0,0,0,0,0,0,0,0,0,0,0,0,0,0,0,0,0");
tmap.push("219,219,219,218,98,220,0,0,0,0,0,0,0,0,0,0,0,0,0,0,0,0,0,0,0,0,0,0,0,0,0,0,0,0,0,0,0,0,0,0");
tmap.push("219,219,219,218,98,220,0,0,0,0,0,0,0,0,0,0,0,0,0,0,0,0,0,0,0,0,0,0,0,0,0,0,0,0,0,0,0,0,0,0");
tmap.push("219,219,219,218,98,220,0,0,0,0,0,0,0,0,0,0,0,0,0,0,0,0,0,0,0,0,0,0,0,0,0,0,0,0,0,0,0,0,0,0");
tmap.push("219,219,219,218,98,220,0,0,0,0,0,0,0,0,0,0,0,0,0,0,0,0,0,0,0,0,0,0,0,0,0,0,0,0,0,0,0,0,0,0");
tmap.push("219,219,219,218,98,220,0,0,0,0,0,0,0,0,0,0,0,0,0,0,0,0,178,179,179,180,178,179,179,179,179,179,179,179,179,179,179,179,179,179");
tmap.push("219,219,219,218,98,220,0,0,0,0,0,0,0,0,0,0,0,0,0,0,0,0,218,98,98,220,218,98,98,98,98,98,98,98,98,98,98,98,98,98");
tmap.push("219,219,219,218,98,220,0,0,0,0,0,0,0,0,0,0,0,0,0,0,0,0,218,98,98,220,218,98,99,259,259,259,259,259,259,259,259,259,259,259");
tmap.push("219,219,219,218,98,220,0,0,0,0,0,0,0,0,0,0,0,0,0,0,0,0,218,98,98,220,218,98,220,219,219,219,219,219,219,219,219,219,219,219");
tmap.push("219,219,219,218,98,220,0,0,0,0,0,0,0,0,0,0,0,0,0,0,0,0,218,98,98,220,218,98,220,219,219,219,219,219,219,219,219,219,219,219");
tmap.push("219,219,219,218,98,220,0,0,0,0,0,0,0,0,0,0,0,0,0,0,0,0,258,259,259,260,218,98,220,219,219,219,219,219,219,219,219,219,219,219");
tmap.push("219,219,219,218,98,220,0,0,0,0,0,0,0,0,0,0,0,0,0,0,0,0,0,0,0,50,218,98,220,219,219,219,219,219,219,219,219,219,219,219");
tmap.push("219,219,219,218,98,220,0,0,0,0,0,0,0,0,0,0,0,0,0,0,0,0,0,0,0,50,218,98,220,219,219,219,219,219,219,219,219,219,219,219");
tmap.push("219,219,219,218,98,220,0,0,0,0,0,0,0,0,0,0,0,0,0,0,0,0,0,0,0,50,218,98,220,219,219,219,219,219,219,219,219,219,219,219");
tmap.push("219,219,219,218,98,220,0,0,0,0,0,0,0,0,0,0,0,0,0,0,0,0,0,0,0,50,218,98,220,219,219,219,219,219,219,219,219,219,219,219");
tmap.push("219,219,219,218,98,220,0,0,0,0,0,0,0,0,0,0,0,0,0,0,0,0,0,0,0,50,218,98,220,219,219,219,219,219,219,219,219,219,219,219");
tmap.push("179,179,179,140,98,220,0,0,0,0,0,0,0,0,0,0,0,0,0,0,0,0,0,0,0,50,218,98,220,219,219,219,219,219,219,219,219,219,219,219");
tmap.push("98,98,98,98,98,220,0,0,0,0,0,0,0,0,0,0,0,0,0,0,0,0,0,0,0,50,218,98,220,219,219,219,219,219,219,219,219,219,219,219");
tmap.push("259,259,259,259,259,260,0,0,0,0,0,0,0,0,0,0,0,0,0,0,0,0,178,179,179,180,218,98,220,219,219,219,219,219,219,219,219,219,219,219");
tmap.push("0,0,0,0,0,0,0,0,0,0,0,0,0,0,0,0,0,0,0,0,0,0,218,98,98,220,218,98,220,219,219,219,219,219,219,219,219,219,219,219");
tmap.push("0,0,0,0,0,0,0,0,0,0,0,0,0,0,0,0,0,0,0,0,0,0,218,98,98,220,218,98,220,219,219,219,219,219,219,219,219,219,219,219");
tmap.push("0,0,0,0,0,0,0,0,0,0,0,0,0,0,0,0,0,0,0,0,0,0,218,98,98,220,218,98,220,219,219,219,219,219,219,219,219,219,219,219");
tmap.push("0,0,0,0,0,0,0,0,0,0,0,0,0,0,0,0,0,0,0,0,0,0,218,98,98,220,218,98,220,219,219,219,219,219,219,219,219,219,219,219");
tmap.push("179,179,179,179,179,179,179,179,179,179,179,179,179,179,179,179,179,180,0,0,0,0,218,98,98,220,218,98,220,219,219,219,219,219,219,219,219,219,219,219");
tmap.push("98,98,98,98,98,98,98,98,98,98,98,98,98,98,98,98,98,220,6,6,6,6,218,98,98,220,218,98,220,219,219,219,219,219,219,219,219,219,219,219");
tmap.push("259,259,259,259,259,259,259,259,259,259,259,259,259,259,259,100,98,220,178,179,179,180,218,98,98,220,218,98,220,219,219,219,219,219,219,219,219,219,219,219");

obj.createentity(game, 144, 64, 2, 0, 2, 144, 64, 176, 216);  // Platform, bounded
break;
