case rn(52,56):
tmap = new Array();
tmap.push("219,218,98,220,259,259,259,259,259,259,259,259,259,259,259,259,259,259,259,259,259,259,259,259,259,259,259,259,259,259,259,259,259,259,259,260,218,98,220,219");
tmap.push("219,218,98,220,7,7,7,7,7,178,180,7,7,7,7,7,7,7,178,180,7,7,7,7,178,179,179,180,7,7,7,7,7,7,7,7,218,98,220,219");
tmap.push("219,218,98,220,0,0,0,0,0,218,220,0,0,0,0,0,0,0,218,220,0,0,0,0,218,98,98,220,0,0,0,0,0,0,0,0,218,98,220,219");
tmap.push("219,218,98,220,0,0,0,0,0,258,260,0,0,0,0,0,0,0,258,260,0,0,0,0,258,259,259,260,0,0,0,0,0,0,0,0,218,98,139,179");
tmap.push("219,218,98,220,0,0,0,0,0,7,7,0,0,0,0,0,0,0,7,7,0,0,0,0,7,7,7,7,0,0,0,0,0,0,0,0,218,98,98,98");
tmap.push("219,218,98,220,0,0,0,0,0,0,0,0,0,0,0,0,0,0,0,0,0,0,0,0,0,0,0,0,0,0,0,0,0,0,0,0,258,259,259,259");
tmap.push("219,218,98,220,0,0,0,0,0,0,0,0,0,0,0,0,0,0,0,0,0,0,0,0,0,0,0,0,0,0,0,0,0,0,0,0,7,7,7,7");
tmap.push("219,218,98,220,0,0,0,0,0,0,0,0,0,0,0,0,0,0,0,0,0,0,0,0,0,0,0,0,0,0,0,0,0,0,0,0,0,0,0,0");
tmap.push("219,218,98,220,0,0,0,0,0,0,0,0,0,0,0,0,0,0,0,0,0,0,0,0,0,0,0,0,0,0,0,0,0,0,0,0,0,0,0,0");
tmap.push("219,218,98,220,0,0,0,0,0,0,0,0,0,0,0,0,0,0,0,0,0,0,0,0,0,0,0,0,0,0,0,0,0,0,0,0,0,0,0,0");
tmap.push("219,218,98,220,0,0,0,0,0,0,0,0,0,0,0,0,0,0,0,0,0,0,0,0,0,0,0,0,0,0,0,0,0,0,0,0,0,0,0,0");
tmap.push("179,140,98,220,0,0,0,0,0,0,0,0,0,0,0,0,0,0,0,0,0,0,0,0,0,0,0,0,0,0,0,0,0,0,0,0,178,179,179,179");
tmap.push("98,98,98,220,0,0,0,0,0,0,0,0,0,0,0,0,0,0,0,0,0,0,0,0,0,0,0,0,0,0,0,0,0,0,0,0,218,98,98,98");
tmap.push("259,259,259,260,0,0,0,0,0,0,0,0,0,0,0,0,0,0,0,0,0,0,0,0,0,0,0,0,0,0,0,0,0,0,0,0,218,98,99,259");
tmap.push("0,0,0,0,0,0,0,0,0,0,0,0,0,0,0,0,0,0,0,0,0,0,0,0,0,0,0,0,0,0,0,0,0,0,0,0,218,98,220,219");
tmap.push("0,0,0,0,0,0,0,0,0,0,0,0,0,0,0,0,0,0,0,0,0,0,0,0,0,0,0,0,0,0,0,0,0,0,0,0,218,98,220,219");
tmap.push("0,0,0,0,0,0,0,0,0,0,0,0,0,0,0,0,0,0,0,0,0,0,0,0,0,0,0,0,0,0,0,0,0,0,0,0,218,98,220,219");
tmap.push("0,0,0,0,0,0,0,0,0,0,0,0,0,0,0,0,0,0,0,0,0,0,0,0,0,0,0,0,0,0,0,0,0,0,0,0,218,98,220,219");
tmap.push("0,0,0,0,0,0,0,0,0,0,0,0,0,0,0,0,0,0,0,0,0,0,0,0,0,0,0,0,0,0,0,0,0,0,0,0,218,98,220,219");
tmap.push("179,179,179,180,0,0,0,0,0,0,0,0,0,0,0,0,0,0,0,0,0,0,0,0,0,0,0,0,0,0,0,0,0,0,0,0,218,98,220,219");
tmap.push("98,98,98,220,0,0,0,0,0,0,0,0,0,0,0,0,0,0,0,0,0,0,0,0,0,0,0,0,0,0,0,0,0,0,0,0,218,98,220,219");
tmap.push("259,100,98,220,0,0,0,0,0,0,0,0,0,0,0,0,0,0,0,0,0,0,0,0,0,0,0,0,0,0,0,0,0,0,0,0,218,98,220,219");
tmap.push("219,218,98,220,0,0,0,0,0,0,0,0,0,0,0,0,0,0,0,0,0,0,0,0,0,0,0,0,0,0,0,0,0,0,0,0,218,98,220,219");
tmap.push("219,218,98,220,0,0,0,0,0,0,0,0,0,0,0,0,0,0,0,0,0,0,0,0,0,0,0,0,0,0,0,0,0,0,0,0,218,98,220,219");
tmap.push("219,218,98,220,0,0,0,0,0,0,0,0,0,0,0,0,0,0,0,0,0,0,0,0,0,0,0,0,0,0,0,0,0,0,0,0,218,98,220,219");
tmap.push("219,218,98,220,0,0,0,0,0,0,0,0,0,0,0,0,0,0,0,0,0,0,0,0,0,0,0,0,0,0,0,0,0,0,0,0,218,98,220,219");
tmap.push("219,218,98,220,0,0,0,0,0,0,0,0,0,0,0,0,0,0,0,0,0,0,0,0,0,0,0,0,0,0,0,0,0,0,0,0,218,98,220,219");
tmap.push("219,218,98,220,6,6,6,6,6,6,6,6,6,6,6,6,6,6,6,6,6,6,6,6,6,6,6,6,6,6,6,6,6,6,6,6,218,98,220,219");
tmap.push("219,218,98,220,178,179,179,179,179,179,179,179,179,179,179,179,179,179,179,179,179,179,179,179,179,179,179,179,179,179,179,179,179,179,179,180,218,98,220,219");

obj.createentity(game, 48, 200, 2, 1, 4, 48, 48, 272, 208);  // Platform, bounded
obj.createentity(game, 80, 200, 2, 1, 4, 48, 48, 272, 208);  // Platform, bounded
obj.createentity(game, 112, 200, 2, 1, 4, 48, 48, 272, 208);  // Platform, bounded
obj.createentity(game, 144, 200, 2, 1, 4, 48, 48, 272, 208);  // Platform, bounded
obj.createentity(game, 176, 200, 2, 1, 4, 48, 48, 272, 208);  // Platform, bounded
obj.createentity(game, 208, 200, 2, 1, 4, 48, 48, 272, 208);  // Platform, bounded
obj.createentity(game, 240, 200, 2, 1, 4, 48, 48, 272, 208);  // Platform, bounded
break;
