case rn(50,50):
tmap = new Array();
tmap.push("12,12,12,12,13,23,23,23,23,23,23,14,12,12,12,12,12,12,12,12,12,12,12,12,12,12,12,12,12,12,12,12,12,12,12,12,12,12,12,12");
tmap.push("12,12,12,12,21,7,7,9,7,7,7,20,12,12,12,12,12,12,12,12,12,12,12,12,12,12,12,12,12,12,12,12,12,12,12,12,12,12,12,12");
tmap.push("12,12,12,12,21,28,28,0,28,28,28,20,13,23,23,23,23,23,23,23,23,23,23,23,23,23,23,23,23,23,23,23,14,12,12,12,12,12,12,12");
tmap.push("12,12,12,12,21,28,28,0,28,28,28,20,21,28,28,28,28,28,28,28,28,28,28,28,28,28,28,28,28,28,28,28,20,12,12,12,12,12,12,12");
tmap.push("12,12,12,12,21,28,28,0,28,28,28,20,21,28,0,0,0,0,0,0,0,0,0,0,0,0,0,0,0,0,0,0,22,14,12,12,12,12,12,12");
tmap.push("12,12,12,12,21,28,28,0,28,28,28,20,21,28,0,28,28,28,28,28,28,28,28,28,28,28,28,28,28,28,28,28,28,20,12,12,12,12,12,12");
tmap.push("12,12,12,12,21,28,28,0,28,28,28,20,21,28,0,28,28,28,28,28,28,28,28,28,28,28,28,28,28,28,28,28,28,22,23,23,23,23,23,23");
tmap.push("23,23,23,23,24,28,28,0,28,28,28,20,21,28,0,28,28,0,0,0,0,0,0,0,0,0,0,0,0,0,0,0,0,28,28,0,28,28,28,28");
tmap.push("28,28,0,28,28,28,28,0,28,28,28,20,21,28,0,28,28,0,28,28,28,28,28,28,28,28,28,28,28,28,28,28,0,28,28,0,28,28,28,28");
tmap.push("28,28,0,28,28,28,28,0,28,28,28,20,21,28,0,28,28,0,28,28,28,28,28,28,28,28,28,28,28,28,28,28,0,28,28,0,28,28,28,28");
tmap.push("28,28,0,28,28,28,28,0,28,28,28,20,21,28,0,28,28,0,28,28,0,0,0,0,0,0,0,0,0,0,28,28,0,28,28,0,28,28,28,28");
tmap.push("28,28,0,28,28,28,28,0,28,28,28,20,21,28,0,28,28,0,28,28,0,28,28,28,28,28,28,28,28,0,28,28,0,28,28,0,28,28,28,28");
tmap.push("28,28,0,28,17,18,18,19,28,28,28,20,21,28,0,28,28,0,28,28,0,28,28,28,28,28,28,28,28,0,28,28,0,28,28,0,28,28,28,28");
tmap.push("28,28,0,28,20,12,12,21,28,28,28,20,21,28,0,28,28,0,28,28,0,28,28,0,0,0,0,28,28,0,28,28,0,28,28,17,18,18,18,18");
tmap.push("28,28,0,28,20,12,12,21,28,28,28,20,21,28,0,28,28,0,28,28,0,28,28,0,28,28,0,28,28,0,28,28,0,28,28,22,14,12,12,12");
tmap.push("28,28,0,28,20,12,12,21,28,28,28,20,21,28,0,28,28,0,28,28,0,28,28,0,28,28,0,28,28,0,28,28,0,28,28,0,20,12,12,12");
tmap.push("28,28,0,28,20,12,12,21,28,28,28,20,21,28,0,28,28,0,28,28,0,28,28,0,0,0,0,28,28,0,28,28,0,28,28,0,22,14,12,12");
tmap.push("28,28,0,28,20,12,12,21,28,28,28,20,21,28,0,28,28,0,28,28,0,28,28,28,28,28,28,28,28,0,28,28,0,28,28,0,28,20,12,12");
tmap.push("28,28,0,28,20,12,12,21,28,28,28,20,21,28,0,28,28,0,28,28,0,28,28,28,28,28,28,28,28,0,28,28,0,28,28,0,28,22,14,12");
tmap.push("28,28,0,28,20,12,12,21,28,28,28,20,21,28,0,28,28,0,28,28,0,0,0,0,0,0,0,0,0,0,28,28,0,28,28,0,28,28,20,12");
tmap.push("28,28,0,28,20,12,12,21,28,28,28,22,24,28,0,28,28,0,28,28,28,28,28,28,28,28,28,28,28,28,28,28,0,28,28,0,28,28,20,12");
tmap.push("18,18,18,18,16,12,12,21,28,28,28,0,28,28,0,28,28,0,28,28,28,28,28,28,28,28,28,28,28,28,28,28,0,28,28,0,28,28,20,12");
tmap.push("12,12,12,12,12,12,12,21,28,28,28,0,28,28,0,28,28,0,0,0,0,0,0,0,0,0,0,0,0,0,0,0,0,28,28,0,28,28,20,12");
tmap.push("12,12,12,12,12,12,12,21,28,28,28,0,28,28,0,28,28,28,28,28,28,28,28,28,28,28,28,28,28,28,28,28,28,28,28,0,28,28,20,12");
tmap.push("12,12,12,12,12,12,12,21,28,28,28,0,28,28,0,28,28,28,28,28,28,28,28,28,28,28,28,28,28,28,28,28,28,28,28,0,28,28,20,12");
tmap.push("12,12,12,12,12,12,12,21,28,28,28,0,28,28,0,0,0,0,0,0,0,0,0,0,0,0,0,0,0,0,0,0,0,0,0,0,28,28,20,12");
tmap.push("12,12,12,12,12,12,12,21,28,28,28,0,28,28,28,28,28,28,28,28,28,28,28,28,28,28,28,28,28,28,28,28,28,28,28,28,28,28,20,12");
tmap.push("12,12,12,12,12,12,12,15,18,18,18,18,18,18,18,18,18,18,18,18,18,18,18,18,18,18,18,18,18,18,18,18,18,18,18,18,18,18,16,12");
tmap.push("12,12,12,12,12,12,12,12,12,12,12,12,12,12,12,12,12,12,12,12,12,12,12,12,12,12,12,12,12,12,12,12,12,12,12,12,12,12,12,12");

obj.createentity(game, 40, 80, 10, 1, 50500);  // (savepoint)
break;
